11301,'1',646,,24838,3,,,1,100,,24841,3,,,1,100,,18571,3,,,1,100,,24833,3,,,1,100,,24815,3,,,1,100,,24822,3,,,1,100,,24837,3,,,1,100,,17395,3,,,1,100,,24817,3,,,1,100,,24832,3,,,1,100,,24834,3,,,1,100,,24806,3,,,1,100,,24827,3,,,1
11301,'2',646,,24868,3,,,1,100,,24856,3,,,1,100,,24864,3,,,1,100,,24869,3,,,1,100,,14749,3,,,1,100,,24854,3,,,1,100,,24852,3,,,1,100,,24857,3,,,1,100,,24858,3,,,1,100,,24855,3,,,1,100,,24845,3,,,1,100,,24860,3,,,1,100,,24875,3,,,1
11301,'3',646,,24903,3,,,1,100,,24895,3,,,1,100,,24896,3,,,1,100,,24894,3,,,1,100,,24890,3,,,1,100,,24905,3,,,1,100,,24904,3,,,1,100,,24886,3,,,1,100,,24916,3,,,1,100,,24907,3,,,1,100,,24882,3,,,1,100,,24901,3,,,1,100,,24887,3,,,1
11301,'4',646,,24926,3,,,1,100,,24921,3,,,1,100,,24951,3,,,1,100,,24932,3,,,1,100,,24939,3,,,1,100,,24928,3,,,1,100,,24956,3,,,1,100,,24954,3,,,1,100,,24955,3,,,1,100,,24959,3,,,1,100,,24933,3,,,1,100,,24937,3,,,1,100,,24938,3,,,1
11301,'5',646,,24978,3,,,1,100,,24996,3,,,1,100,,24972,3,,,1,100,,24990,3,,,1,100,,24964,3,,,1,100,,24992,3,,,1,100,,24999,3,,,1,100,,24976,3,,,1,100,,24981,3,,,1,100,,24984,3,,,1,100,,24987,3,,,1,100,,24985,3,,,1,100,,24986,3,,,1
11301,'7',646,,25037,3,,,1,100,,25015,3,,,1,100,,25024,3,,,1,100,,25031,3,,,1,100,,25028,3,,,1,100,,25006,3,,,1,100,,25020,3,,,1,100,,25021,3,,,1,100,,25038,3,,,1,100,,25016,3,,,1,100,,25030,3,,,1,100,,25036,3,,,1,100,,25005,3,,,1
11301,'8',646,,25051,3,,,1,100,,25043,3,,,1,100,,25062,3,,,1,100,,25064,3,,,1,100,,25075,3,,,1,100,,25082,3,,,1,100,,25083,3,,,1,100,,25081,3,,,1,100,,25057,3,,,1,100,,25060,3,,,1,100,,25070,3,,,1,100,,25048,3,,,1,100,,25066,3,,,1
11301,'9',646,,25101,3,,,1,100,,25095,3,,,1,100,,25117,3,,,1,100,,25114,3,,,1,100,,25122,3,,,1,100,,25105,3,,,1,100,,25115,3,,,1,100,,25094,3,,,1,100,,25085,3,,,1,100,,25090,3,,,1,100,,25087,3,,,1,100,,25119,3,,,1,100,,25084,3,,,1
21301,'1',1946,,29030,3,,,1,100,,29026,3,,,1,100,,29027,3,,,1,100,,29032,3,,,1
21301,'10',746,,29048,3,,,1,100,,29059,3,,,1,100,,29056,3,,,1,100,,29053,3,,,1,100,,29044,3,,,1,100,,29072,3,,,1,100,,29052,3,,,1,100,,29065,3,,,1,100,,29067,3,,,1,100,,29042,3,,,1,100,,29071,3,,,1,100,,29074,3,,,1,100,,29046,3,,,1
21301,'11',746,,29100,3,,,1,100,,29081,3,,,1,100,,29085,3,,,1,100,,29109,3,,,1,100,,29083,3,,,1,100,,29098,3,,,1,100,,29094,3,,,1,100,,29115,3,,,1,100,,29105,3,,,1,100,,29112,3,,,1,100,,29092,3,,,1,100,,29084,3,,,1,100,,29088,3,,,1
21301,'2',1946,,29119,3,,,1,100,,29117,3,,,1,100,,29120,3,,,1,100,,29122,3,,,1
21301,'3',1946,,29132,3,,,1,100,,29129,3,,,1,100,,29133,3,,,1,100,,29135,3,,,1
21301,'4',1946,,29138,3,,,1,100,,29141,3,,,1,100,,29137,3,,,1,100,,29145,3,,,1
21301,'5',1946,,29158,3,,,1,100,,29157,3,,,1,100,,29155,3,,,1,100,,29150,3,,,1
21301,'6',746,,29177,3,,,1,100,,29162,3,,,1,100,,29195,3,,,1,100,,29178,3,,,1,100,,29161,3,,,1,100,,29171,3,,,1,100,,29159,3,,,1,100,,29185,3,,,1,100,,29180,3,,,1,100,,29167,3,,,1,100,,29189,3,,,1,100,,29176,3,,,1,100,,29182,3,,,1
21301,'7',1946,,29208,3,,,1,100,,29202,3,,,1,100,,29203,3,,,1,100,,29207,3,,,1
21301,'8',1946,,29218,3,,,1,100,,29212,3,,,1,100,,29213,3,,,1,100,,29215,3,,,1
21301,'9',1946,,29231,3,,,1,100,,29230,3,,,1,100,,29222,3,,,1,100,,29224,3,,,1
