10401,'1',620,,20825,7,,,1,30,,20841,7,,,1,70,,20834,7,,,1,30,,20828,7,,,1,70,,20836,7,,,1,30,,20829,7,,,1,70,,20840,7,,,1,30,,20843,7,,,1,70,,20831,7,,,1,30,,16078,7,,,1,70,,20835,7,,,1,30,,20837,7,,,1,70,,20830,7,,,1,30,,20832,7,,,1,70,,20845,7,,,1,30,,20839,7,,,1,70,,20826,7,,,1,30,,17593,7,,,1,70,,20844,7,,,1,30,,20838,7,,,1,70,,20842,7,,,1,30,,20846,7,,,1,70,,20827,7,,,1,30,,20833,7,,,1,70,,18471,7,,,1
10401,'2',620,,20855,7,,,1,30,,20864,7,,,1,70,,20857,7,,,1,30,,20863,7,,,1,70,,20859,7,,,1,30,,20853,7,,,1,70,,17840,7,,,1,30,,20847,7,,,1,70,,20869,7,,,1,30,,20848,7,,,1,70,,20868,7,,,1,30,,20865,7,,,1,70,,20852,7,,,1,30,,15225,7,,,1,70,,20850,7,,,1,30,,20862,7,,,1,70,,20866,7,,,1,30,,20858,7,,,1,70,,20867,7,,,1,30,,20861,7,,,1,70,,20856,7,,,1,30,,20860,7,,,1,70,,20849,7,,,1,30,,20854,7,,,1,70,,20851,7,,,1
10401,'3',620,,20884,7,,,1,30,,20870,7,,,1,70,,20892,7,,,1,30,,20885,7,,,1,70,,20881,7,,,1,30,,20872,7,,,1,70,,20891,7,,,1,30,,20875,7,,,1,70,,20871,7,,,1,30,,20894,7,,,1,70,,20879,7,,,1,30,,20889,7,,,1,70,,20882,7,,,1,30,,20883,7,,,1,70,,20886,7,,,1,30,,20888,7,,,1,70,,20877,7,,,1,30,,20890,7,,,1,70,,20878,7,,,1,30,,20873,7,,,1,70,,20887,7,,,1,30,,20893,7,,,1,70,,20876,7,,,1,30,,20874,7,,,1,70,,20880,7,,,1
10401,'4',620,,20906,7,,,1,30,,20918,7,,,1,70,,20916,7,,,1,30,,20912,7,,,1,70,,20911,7,,,1,30,,20907,7,,,1,70,,20913,7,,,1,30,,20909,7,,,1,70,,20902,7,,,1,30,,20903,7,,,1,70,,20900,7,,,1,30,,20895,7,,,1,70,,20915,7,,,1,30,,20914,7,,,1,70,,20910,7,,,1,30,,20897,7,,,1,70,,20904,7,,,1,30,,20908,7,,,1,70,,20919,7,,,1,30,,20901,7,,,1,70,,20905,7,,,1,30,,20898,7,,,1,70,,20899,7,,,1,30,,20896,7,,,1,70,,20917,7,,,1
10401,'5',620,,20942,7,,,1,30,,20943,7,,,1,70,,20938,7,,,1,30,,20936,7,,,1,70,,20934,7,,,1,30,,20928,7,,,1,70,,20922,7,,,1,30,,20940,7,,,1,70,,20926,7,,,1,30,,20935,7,,,1,70,,20921,7,,,1,30,,20933,7,,,1,70,,20944,7,,,1,30,,20939,7,,,1,70,,20920,7,,,1,30,,20941,7,,,1,70,,20930,7,,,1,30,,20931,7,,,1,70,,20927,7,,,1,30,,20923,7,,,1,70,,20932,7,,,1,30,,20929,7,,,1,70,,20925,7,,,1,30,,20937,7,,,1,70,,20924,7,,,1
10401,'7',620,,20963,7,,,1,30,,20965,7,,,1,70,,20949,7,,,1,30,,20950,7,,,1,70,,20967,7,,,1,30,,20953,7,,,1,70,,20956,7,,,1,30,,20952,7,,,1,70,,20951,7,,,1,30,,20958,7,,,1,70,,20962,7,,,1,30,,20960,7,,,1,70,,20945,7,,,1,30,,20948,7,,,1,70,,20969,7,,,1,30,,20959,7,,,1,70,,20955,7,,,1,30,,20954,7,,,1,70,,20957,7,,,1,30,,20964,7,,,1,70,,20946,7,,,1,30,,20966,7,,,1,70,,20947,7,,,1,30,,20961,7,,,1,70,,20968,7,,,1
10401,'8',620,,20989,7,,,1,30,,20971,7,,,1,70,,20986,7,,,1,30,,20984,7,,,1,70,,20970,7,,,1,30,,20975,7,,,1,70,,20981,7,,,1,30,,20978,7,,,1,70,,20992,7,,,1,30,,20985,7,,,1,70,,20991,7,,,1,30,,20977,7,,,1,70,,20976,7,,,1,30,,20972,7,,,1,70,,20974,7,,,1,30,,20987,7,,,1,70,,20982,7,,,1,30,,20994,7,,,1,70,,20993,7,,,1,30,,20973,7,,,1,70,,20983,7,,,1,30,,20980,7,,,1,70,,20988,7,,,1,30,,20979,7,,,1,70,,20990,7,,,1
10401,'9',620,,20997,7,,,1,30,,20998,7,,,1,70,,21005,7,,,1,30,,21011,7,,,1,70,,21008,7,,,1,30,,21001,7,,,1,70,,21009,7,,,1,30,,21018,7,,,1,70,,20995,7,,,1,30,,21004,7,,,1,70,,21014,7,,,1,30,,21000,7,,,1,70,,21010,7,,,1,30,,20996,7,,,1,70,,21012,7,,,1,30,,21017,7,,,1,70,,21019,7,,,1,30,,21002,7,,,1,70,,21015,7,,,1,30,,20999,7,,,1,70,,21006,7,,,1,30,,21013,7,,,1,70,,21016,7,,,1,30,,21003,7,,,1,70,,21007,7,,,1
20401,'1',1850,,27005,7,,,1,70,,27003,7,,,1,30,,27008,7,,,1,70,,27009,7,,,1,30,,27002,7,,,1,70,,27001,7,,,1,30,,27007,7,,,1,70,,27006,7,,,1,30,,27000,7,,,1,70,,27004,7,,,1
20401,'10',720,,27019,7,,,1,30,,27011,7,,,1,70,,27035,7,,,1,30,,27010,7,,,1,70,,27012,7,,,1,30,,27027,7,,,1,70,,27020,7,,,1,30,,27037,7,,,1,70,,27021,7,,,1,30,,27017,7,,,1,70,,27022,7,,,1,30,,27034,7,,,1,70,,27018,7,,,1,30,,27028,7,,,1,70,,27036,7,,,1,30,,27025,7,,,1,70,,27023,7,,,1,30,,27033,7,,,1,70,,27030,7,,,1,30,,27024,7,,,1,70,,27013,7,,,1,30,,27029,7,,,1,70,,27031,7,,,1,30,,27032,7,,,1,70,,27026,7,,,1,30,,27015,7,,,1,70,,27014,7,,,1,30,,27016,7,,,1
20401,'11',720,,27051,7,,,1,30,,27053,7,,,1,70,,27057,7,,,1,30,,27061,7,,,1,70,,27058,7,,,1,30,,27046,7,,,1,70,,27062,7,,,1,30,,27063,7,,,1,70,,27045,7,,,1,30,,27038,7,,,1,70,,27043,7,,,1,30,,27056,7,,,1,70,,27042,7,,,1,30,,27064,7,,,1,70,,27041,7,,,1,30,,27059,7,,,1,70,,27049,7,,,1,30,,27047,7,,,1,70,,27048,7,,,1,30,,27055,7,,,1,70,,27060,7,,,1,30,,27065,7,,,1,70,,27052,7,,,1,30,,27054,7,,,1,70,,27040,7,,,1,30,,27039,7,,,1,70,,27050,7,,,1,30,,27044,7,,,1
20401,'2',1850,,27067,7,,,1,70,,27072,7,,,1,30,,27073,7,,,1,70,,27071,7,,,1,30,,27075,7,,,1,70,,27068,7,,,1,30,,27066,7,,,1,70,,27069,7,,,1,30,,27070,7,,,1,70,,27074,7,,,1
20401,'3',1850,,27082,7,,,1,70,,27078,7,,,1,30,,27083,7,,,1,70,,27085,7,,,1,30,,27076,7,,,1,70,,27079,7,,,1,30,,27084,7,,,1,70,,27081,7,,,1,30,,27080,7,,,1,70,,27077,7,,,1
20401,'4',1850,,27093,7,,,1,70,,27090,7,,,1,30,,27095,7,,,1,70,,27089,7,,,1,30,,27087,7,,,1,70,,27088,7,,,1,30,,27091,7,,,1,70,,27092,7,,,1,30,,27094,7,,,1,70,,27086,7,,,1
20401,'5',1850,,27096,7,,,1,70,,27099,7,,,1,30,,27103,7,,,1,70,,27105,7,,,1,30,,27100,7,,,1,70,,27101,7,,,1,30,,27104,7,,,1,70,,27097,7,,,1,30,,27102,7,,,1,70,,27098,7,,,1
20401,'6',720,,27111,7,,,1,30,,27130,7,,,1,70,,27115,7,,,1,30,,27127,7,,,1,70,,27123,7,,,1,30,,27120,7,,,1,70,,27116,7,,,1,30,,27124,7,,,1,70,,27126,7,,,1,30,,27114,7,,,1,70,,27107,7,,,1,30,,27110,7,,,1,70,,27122,7,,,1,30,,27113,7,,,1,70,,27112,7,,,1,30,,27108,7,,,1,70,,27106,7,,,1,30,,27129,7,,,1,70,,27128,7,,,1,30,,27133,7,,,1,70,,27131,7,,,1,30,,27119,7,,,1,70,,27118,7,,,1,30,,27121,7,,,1,70,,27109,7,,,1,30,,27132,7,,,1,70,,27117,7,,,1,30,,27125,7,,,1
20401,'7',1850,,27135,7,,,1,70,,27139,7,,,1,30,,27141,7,,,1,70,,27136,7,,,1,30,,27143,7,,,1,70,,27134,7,,,1,30,,27142,7,,,1,70,,27138,7,,,1,30,,27137,7,,,1,70,,27140,7,,,1
20401,'8',1850,,27153,7,,,1,70,,27151,7,,,1,30,,27148,7,,,1,70,,27149,7,,,1,30,,27145,7,,,1,70,,27150,7,,,1,30,,27152,7,,,1,70,,27144,7,,,1,30,,27146,7,,,1,70,,27147,7,,,1
20401,'9',1850,,27156,7,,,1,70,,27163,7,,,1,30,,27160,7,,,1,70,,27159,7,,,1,30,,27158,7,,,1,70,,27162,7,,,1,30,,27154,7,,,1,70,,27157,7,,,1,30,,27155,7,,,1,70,,27161,7,,,1
