10400,'1',632,,18641,4,,,1,70,,20630,4,,,1,30,,20627,4,,,1,70,,20647,4,,,1,30,,20637,4,,,1,70,,20646,4,,,1,30,,20629,4,,,1,70,,20628,4,,,1,30,,20645,4,,,1,70,,20633,4,,,1,30,,20644,4,,,1,70,,20635,4,,,1,30,,20632,4,,,1,70,,20641,4,,,1,30,,20626,4,,,1,70,,20640,4,,,1,30,,20631,4,,,1,70,,20639,4,,,1,30,,20643,4,,,1,70,,20642,4,,,1,30,,20649,4,,,1,70,,20636,4,,,1,30,,20638,4,,,1,70,,20634,4,,,1,30,,20648,4,,,1
10400,'2',632,,20668,4,,,1,70,,20664,4,,,1,30,,20655,4,,,1,70,,20669,4,,,1,30,,20652,4,,,1,70,,20663,4,,,1,30,,20650,4,,,1,70,,20670,4,,,1,30,,20659,4,,,1,70,,20654,4,,,1,30,,20662,4,,,1,70,,20656,4,,,1,30,,20657,4,,,1,70,,20665,4,,,1,30,,20661,4,,,1,70,,20666,4,,,1,30,,20667,4,,,1,70,,20673,4,,,1,30,,20660,4,,,1,70,,20674,4,,,1,30,,20651,4,,,1,70,,20653,4,,,1,30,,20672,4,,,1,70,,20658,4,,,1,30,,20671,4,,,1
10400,'3',632,,20680,4,,,1,70,,20678,4,,,1,30,,20693,4,,,1,70,,20683,4,,,1,30,,20691,4,,,1,70,,20687,4,,,1,30,,20684,4,,,1,70,,20685,4,,,1,30,,20688,4,,,1,70,,20695,4,,,1,30,,20697,4,,,1,70,,20681,4,,,1,30,,20677,4,,,1,70,,20690,4,,,1,30,,20682,4,,,1,70,,20689,4,,,1,30,,20699,4,,,1,70,,20696,4,,,1,30,,20694,4,,,1,70,,20676,4,,,1,30,,20679,4,,,1,70,,20675,4,,,1,30,,20692,4,,,1,70,,20698,4,,,1,30,,20686,4,,,1
10400,'4',632,,20713,4,,,1,70,,20709,4,,,1,30,,20718,4,,,1,70,,20705,4,,,1,30,,20701,4,,,1,70,,20703,4,,,1,30,,20714,4,,,1,70,,20723,4,,,1,30,,20700,4,,,1,70,,20710,4,,,1,30,,20716,4,,,1,70,,20720,4,,,1,30,,20704,4,,,1,70,,20712,4,,,1,30,,20721,4,,,1,70,,20706,4,,,1,30,,20717,4,,,1,70,,20722,4,,,1,30,,20702,4,,,1,70,,20719,4,,,1,30,,20708,4,,,1,70,,20711,4,,,1,30,,20715,4,,,1,70,,20724,4,,,1,30,,20707,4,,,1
10400,'5',632,,20728,4,,,1,70,,20748,4,,,1,30,,20732,4,,,1,70,,20739,4,,,1,30,,20746,4,,,1,70,,20737,4,,,1,30,,20742,4,,,1,70,,20734,4,,,1,30,,20741,4,,,1,70,,20727,4,,,1,30,,20738,4,,,1,70,,20740,4,,,1,30,,20725,4,,,1,70,,20726,4,,,1,30,,20744,4,,,1,70,,20730,4,,,1,30,,20731,4,,,1,70,,20736,4,,,1,30,,20747,4,,,1,70,,20743,4,,,1,30,,20735,4,,,1,70,,20729,4,,,1,30,,20745,4,,,1,70,,20733,4,,,1,30,,20749,4,,,1
10400,'7',632,,20750,4,,,1,70,,20762,4,,,1,30,,20751,4,,,1,70,,20772,4,,,1,30,,20764,4,,,1,70,,20755,4,,,1,30,,20753,4,,,1,70,,20757,4,,,1,30,,20765,4,,,1,70,,20766,4,,,1,30,,20769,4,,,1,70,,20758,4,,,1,30,,20761,4,,,1,70,,20754,4,,,1,30,,20768,4,,,1,70,,20763,4,,,1,30,,20767,4,,,1,70,,20756,4,,,1,30,,20760,4,,,1,70,,20771,4,,,1,30,,20759,4,,,1,70,,20752,4,,,1,30,,20770,4,,,1,70,,20773,4,,,1,30,,20774,4,,,1
10400,'8',632,,20777,4,,,1,70,,20782,4,,,1,30,,20785,4,,,1,70,,20778,4,,,1,30,,20779,4,,,1,70,,20788,4,,,1,30,,20781,4,,,1,70,,20798,4,,,1,30,,20787,4,,,1,70,,20799,4,,,1,30,,20775,4,,,1,70,,20792,4,,,1,30,,20796,4,,,1,70,,20776,4,,,1,30,,20786,4,,,1,70,,20784,4,,,1,30,,20794,4,,,1,70,,20789,4,,,1,30,,20790,4,,,1,70,,20780,4,,,1,30,,20783,4,,,1,70,,20791,4,,,1,30,,20797,4,,,1,70,,20795,4,,,1,30,,20793,4,,,1
10400,'9',632,,20804,4,,,1,70,,20815,4,,,1,30,,20822,4,,,1,70,,20806,4,,,1,30,,20800,4,,,1,70,,20805,4,,,1,30,,20821,4,,,1,70,,20808,4,,,1,30,,20813,4,,,1,70,,20801,4,,,1,30,,20810,4,,,1,70,,20812,4,,,1,30,,20819,4,,,1,70,,20823,4,,,1,30,,20820,4,,,1,70,,20802,4,,,1,30,,20816,4,,,1,70,,20809,4,,,1,30,,20817,4,,,1,70,,20818,4,,,1,30,,20814,4,,,1,70,,20803,4,,,1,30,,20824,4,,,1,70,,20807,4,,,1,30,,20811,4,,,1
20301,'1',2403,,26673,4,,,1
20301,'2',2403,,26736,4,,,1
20301,'3',2403,,26747,4,,,1
20301,'4',2403,,26755,4,,,1
20301,'5',2403,,26764,4,,,1
20301,'7',2403,,26813,4,,,1
20301,'8',2403,,26822,4,,,1
20301,'9',2403,,26826,4,,,1
20400,'1',1902,,26836,4,,,1,30,,26839,4,,,1,70,,26837,4,,,1,30,,26841,4,,,1,70,,26840,4,,,1,30,,26845,4,,,1,70,,26843,4,,,1,30,,26842,4,,,1,70,,26838,4,,,1,30,,26844,4,,,1
20400,'10',732,,26855,4,,,1,70,,26852,4,,,1,30,,26860,4,,,1,70,,26847,4,,,1,30,,26849,4,,,1,70,,26863,4,,,1,30,,26862,4,,,1,70,,26867,4,,,1,30,,26868,4,,,1,70,,26871,4,,,1,30,,26858,4,,,1,70,,26853,4,,,1,30,,26873,4,,,1,70,,26870,4,,,1,30,,26846,4,,,1,70,,26857,4,,,1,30,,26854,4,,,1,70,,26872,4,,,1,30,,26851,4,,,1,70,,26866,4,,,1,30,,26869,4,,,1,70,,26848,4,,,1,30,,26864,4,,,1,70,,26859,4,,,1,30,,26865,4,,,1,70,,26861,4,,,1,30,,26850,4,,,1,70,,26856,4,,,1
20400,'11',732,,26889,4,,,1,70,,26884,4,,,1,30,,26895,4,,,1,70,,26893,4,,,1,30,,26887,4,,,1,70,,26876,4,,,1,30,,26878,4,,,1,70,,26880,4,,,1,30,,26882,4,,,1,70,,26888,4,,,1,30,,26874,4,,,1,70,,26881,4,,,1,30,,26897,4,,,1,70,,26899,4,,,1,30,,26883,4,,,1,70,,26890,4,,,1,30,,26901,4,,,1,70,,26877,4,,,1,30,,26894,4,,,1,70,,26886,4,,,1,30,,26885,4,,,1,70,,26875,4,,,1,30,,26896,4,,,1,70,,26892,4,,,1,30,,26900,4,,,1,70,,26891,4,,,1,30,,26879,4,,,1,70,,26898,4,,,1
20400,'2',1902,,26906,4,,,1,30,,26910,4,,,1,70,,26903,4,,,1,30,,26904,4,,,1,70,,26911,4,,,1,30,,26905,4,,,1,70,,26909,4,,,1,30,,26902,4,,,1,70,,26907,4,,,1,30,,26908,4,,,1
20400,'3',1902,,26913,4,,,1,30,,26912,4,,,1,70,,26914,4,,,1,30,,26915,4,,,1,70,,26920,4,,,1,30,,26916,4,,,1,70,,26919,4,,,1,30,,26917,4,,,1,70,,26921,4,,,1,30,,26918,4,,,1
20400,'4',1902,,26924,4,,,1,30,,26922,4,,,1,70,,26930,4,,,1,30,,26926,4,,,1,70,,26927,4,,,1,30,,26928,4,,,1,70,,26923,4,,,1,30,,26925,4,,,1,70,,26931,4,,,1,30,,26929,4,,,1
20400,'5',1902,,26937,4,,,1,30,,26941,4,,,1,70,,26934,4,,,1,30,,26935,4,,,1,70,,26932,4,,,1,30,,26933,4,,,1,70,,26939,4,,,1,30,,26936,4,,,1,70,,26940,4,,,1,30,,26938,4,,,1
20400,'6',732,,26964,4,,,1,70,,26958,4,,,1,30,,26948,4,,,1,70,,26955,4,,,1,30,,26945,4,,,1,70,,26961,4,,,1,30,,26951,4,,,1,70,,26949,4,,,1,30,,26963,4,,,1,70,,26952,4,,,1,30,,26947,4,,,1,70,,26960,4,,,1,30,,26956,4,,,1,70,,26962,4,,,1,30,,26965,4,,,1,70,,26943,4,,,1,30,,26953,4,,,1,70,,26944,4,,,1,30,,26954,4,,,1,70,,26957,4,,,1,30,,26946,4,,,1,70,,26969,4,,,1,30,,26942,4,,,1,70,,26967,4,,,1,30,,26968,4,,,1,70,,26966,4,,,1,30,,26959,4,,,1,70,,26950,4,,,1
20400,'7',1902,,26979,4,,,1,30,,26976,4,,,1,70,,26975,4,,,1,30,,26970,4,,,1,70,,26971,4,,,1,30,,26972,4,,,1,70,,26973,4,,,1,30,,26977,4,,,1,70,,26974,4,,,1,30,,26978,4,,,1
20400,'8',1902,,26980,4,,,1,30,,26982,4,,,1,70,,26988,4,,,1,30,,26983,4,,,1,70,,26984,4,,,1,30,,26985,4,,,1,70,,26989,4,,,1,30,,26987,4,,,1,70,,26986,4,,,1,30,,26981,4,,,1
20400,'9',1902,,26991,4,,,1,30,,26996,4,,,1,70,,26998,4,,,1,30,,26990,4,,,1,70,,26993,4,,,1,30,,26997,4,,,1,70,,26992,4,,,1,30,,26995,4,,,1,70,,26994,4,,,1,30,,26999,4,,,1
