11300,'1',637,,24507,26,,,1,100,,24518,26,,,1,100,,24513,26,,,1,100,,24510,26,,,1,100,,24522,26,,,1,100,,19261,26,,,1,100,,24521,26,,,1,100,,24506,26,,,1,100,,24525,26,,,1,100,,24532,26,,,1,100,,24523,26,,,1,100,,24528,26,,,1,100,,24527,26,,,1
11300,'2',637,,24538,26,,,1,100,,24542,26,,,1,100,,24556,26,,,1,100,,24552,26,,,1,100,,24548,26,,,1,100,,24534,26,,,1,100,,24546,26,,,1,100,,24533,26,,,1,100,,24563,26,,,1,100,,24570,26,,,1,100,,24541,26,,,1,100,,24566,26,,,1,100,,24557,26,,,1
11300,'3',637,,24609,26,,,1,100,,24582,26,,,1,100,,24573,26,,,1,100,,24586,26,,,1,100,,24575,26,,,1,100,,24606,26,,,1,100,,24580,26,,,1,100,,24594,26,,,1,100,,24592,26,,,1,100,,24591,26,,,1,100,,24576,26,,,1,100,,24598,26,,,1,100,,24574,26,,,1
11300,'4',637,,24637,26,,,1,100,,24647,26,,,1,100,,24642,26,,,1,100,,24634,26,,,1,100,,24619,26,,,1,100,,24628,26,,,1,100,,24630,26,,,1,100,,24618,26,,,1,100,,24617,26,,,1,100,,24629,26,,,1,100,,24633,26,,,1,100,,24632,26,,,1,100,,24643,26,,,1
11300,'5',637,,24671,26,,,1,100,,24668,26,,,1,100,,24653,26,,,1,100,,24652,26,,,1,100,,24674,26,,,1,100,,24667,26,,,1,100,,24686,26,,,1,100,,24658,26,,,1,100,,24650,26,,,1,100,,24682,26,,,1,100,,24679,26,,,1,100,,24675,26,,,1,100,,24677,26,,,1
11300,'7',637,,24711,26,,,1,100,,24719,26,,,1,100,,24724,26,,,1,100,,24700,26,,,1,100,,24716,26,,,1,100,,24718,26,,,1,100,,24726,26,,,1,100,,24720,26,,,1,100,,24709,26,,,1,100,,24703,26,,,1,100,,24696,26,,,1,100,,24704,26,,,1,100,,24722,26,,,1
11300,'8',637,,24759,26,,,1,100,,24727,26,,,1,100,,24758,26,,,1,100,,24755,26,,,1,100,,24764,26,,,1,100,,24730,26,,,1,100,,24751,26,,,1,100,,24754,26,,,1,100,,24752,26,,,1,100,,24765,26,,,1,100,,24729,26,,,1,100,,24756,26,,,1,100,,24744,26,,,1
11300,'9',637,,24778,26,,,1,100,,24797,26,,,1,100,,24795,26,,,1,100,,24766,26,,,1,100,,24772,26,,,1,100,,24801,26,,,1,100,,24803,26,,,1,100,,24773,26,,,1,100,,24770,26,,,1,100,,24787,26,,,1,100,,24798,26,,,1,100,,24768,26,,,1,100,,24780,26,,,1
21300,'1',1936,,28956,26,,,1,100,,28955,26,,,1,100,,28957,26,,,1,100,,28954,26,,,1
21300,'10',736,,28959,26,,,1,100,,28970,26,,,1,100,,28966,26,,,1,100,,28964,26,,,1,100,,28962,26,,,1,100,,28961,26,,,1,100,,28969,26,,,1,100,,28960,26,,,1,100,,28965,26,,,1,100,,28958,26,,,1,100,,28963,26,,,1,100,,28968,26,,,1,100,,28967,26,,,1
21300,'11',736,,28980,26,,,1,100,,28978,26,,,1,100,,28974,26,,,1,100,,28983,26,,,1,100,,28982,26,,,1,100,,28972,26,,,1,100,,28981,26,,,1,100,,28973,26,,,1,100,,28979,26,,,1,100,,28977,26,,,1,100,,28971,26,,,1,100,,28976,26,,,1,100,,28975,26,,,1
21300,'2',1936,,28985,26,,,1,100,,28987,26,,,1,100,,28986,26,,,1,100,,28984,26,,,1
21300,'3',1936,,28989,26,,,1,100,,28988,26,,,1,100,,28990,26,,,1,100,,28991,26,,,1
21300,'4',1936,,28992,26,,,1,100,,28993,26,,,1,100,,28994,26,,,1,100,,28995,26,,,1
21300,'5',1936,,28998,26,,,1,100,,28996,26,,,1,100,,28999,26,,,1,100,,28997,26,,,1
21300,'6',736,,29009,26,,,1,100,,29010,26,,,1,100,,29003,26,,,1,100,,29002,26,,,1,100,,29000,26,,,1,100,,29005,26,,,1,100,,29001,26,,,1,100,,29008,26,,,1,100,,29006,26,,,1,100,,29011,26,,,1,100,,29004,26,,,1,100,,29007,26,,,1,100,,29012,26,,,1
21300,'7',1936,,29015,26,,,1,100,,29016,26,,,1,100,,29014,26,,,1,100,,29013,26,,,1
21300,'8',1936,,29018,26,,,1,100,,29020,26,,,1,100,,29019,26,,,1,100,,29017,26,,,1
21300,'9',1936,,29023,26,,,1,100,,29021,26,,,1,100,,29024,26,,,1,100,,29022,26,,,1
