10500,'1',551,,21026,6,,,1,100,,21028,6,,,1,70,,21052,6,,,1,30,,21025,6,,,1,70,,21044,6,,,1,30,,21030,6,,,1,70,,21024,6,,,1,30,,21056,6,,,1,100,,21037,6,,,1,100,,21027,6,,,1,100,,21049,6,,,1,100,,21029,6,,,1,100,,21050,6,,,1,70,,21021,6,,,1,30,,21043,6,,,1,70,,21055,6,,,1,30,,18649,6,,,1,70,,21039,6,,,1,30,,21038,6,,,1
10500,'2',551,,21078,6,,,1,100,,21092,6,,,1,70,,21069,6,,,1,30,,21086,6,,,1,70,,21074,6,,,1,30,,21058,6,,,1,70,,21059,6,,,1,30,,21064,6,,,1,100,,21062,6,,,1,100,,21057,6,,,1,100,,21083,6,,,1,100,,21075,6,,,1,100,,21085,6,,,1,70,,21072,6,,,1,30,,21088,6,,,1,70,,21068,6,,,1,30,,21063,6,,,1,70,,21070,6,,,1,30,,21084,6,,,1
10500,'3',551,,21094,6,,,1,100,,21109,6,,,1,70,,21114,6,,,1,30,,21113,6,,,1,70,,21123,6,,,1,30,,21120,6,,,1,70,,21122,6,,,1,30,,21110,6,,,1,100,,21111,6,,,1,100,,21095,6,,,1,100,,21126,6,,,1,100,,21100,6,,,1,100,,21119,6,,,1,70,,21093,6,,,1,30,,21101,6,,,1,70,,21097,6,,,1,30,,21112,6,,,1,70,,21096,6,,,1,30,,21129,6,,,1
10500,'4',551,,21138,6,,,1,100,,21148,6,,,1,70,,21133,6,,,1,30,,21146,6,,,1,70,,21164,6,,,1,30,,21156,6,,,1,70,,21140,6,,,1,30,,21161,6,,,1,100,,21151,6,,,1,100,,21144,6,,,1,100,,21142,6,,,1,100,,21166,6,,,1,100,,21147,6,,,1,70,,21136,6,,,1,30,,21149,6,,,1,70,,21163,6,,,1,30,,21167,6,,,1,70,,21141,6,,,1,30,,21132,6,,,1
10500,'5',551,,21169,6,,,1,100,,21183,6,,,1,70,,21197,6,,,1,30,,21170,6,,,1,70,,21179,6,,,1,30,,21175,6,,,1,70,,21182,6,,,1,30,,21192,6,,,1,100,,21206,6,,,1,100,,21191,6,,,1,100,,21188,6,,,1,100,,21202,6,,,1,100,,21199,6,,,1,70,,21186,6,,,1,30,,21203,6,,,1,70,,21189,6,,,1,30,,21195,6,,,1,70,,21177,6,,,1,30,,21181,6,,,1
10500,'7',551,,21214,6,,,1,100,,21240,6,,,1,70,,21238,6,,,1,30,,21226,6,,,1,70,,21221,6,,,1,30,,21216,6,,,1,70,,21224,6,,,1,30,,21232,6,,,1,100,,21230,6,,,1,100,,21212,6,,,1,100,,21241,6,,,1,100,,21228,6,,,1,100,,21217,6,,,1,70,,21219,6,,,1,30,,21233,6,,,1,70,,21215,6,,,1,30,,21231,6,,,1,70,,21239,6,,,1,30,,21242,6,,,1
10500,'8',551,,21269,6,,,1,100,,21258,6,,,1,70,,21265,6,,,1,30,,21280,6,,,1,70,,21281,6,,,1,30,,21271,6,,,1,70,,21251,6,,,1,30,,21277,6,,,1,100,,21273,6,,,1,100,,21266,6,,,1,100,,21246,6,,,1,100,,21245,6,,,1,100,,21259,6,,,1,70,,21248,6,,,1,30,,21274,6,,,1,70,,21264,6,,,1,30,,21276,6,,,1,70,,21270,6,,,1,30,,21263,6,,,1
10500,'9',551,,21320,6,,,1,100,,21298,6,,,1,70,,21288,6,,,1,30,,21305,6,,,1,70,,21297,6,,,1,30,,21316,6,,,1,70,,21302,6,,,1,30,,21306,6,,,1,100,,21284,6,,,1,100,,21286,6,,,1,100,,21289,6,,,1,100,,21290,6,,,1,100,,21287,6,,,1,70,,21296,6,,,1,30,,21308,6,,,1,70,,21318,6,,,1,30,,21313,6,,,1,70,,21283,6,,,1,30,,21285,6,,,1
20500,'1',1850,,27166,6,,,1,100,,27168,6,,,1,100,,27167,6,,,1,100,,27169,6,,,1
20500,'10',650,,27194,6,,,1,100,,27174,6,,,1,100,,27184,6,,,1,100,,27186,6,,,1,100,,27192,6,,,1,100,,27173,6,,,1,100,,27188,6,,,1,100,,27181,6,,,1,100,,27191,6,,,1,100,,27179,6,,,1,100,,27197,6,,,1,100,,27189,6,,,1,100,,27193,6,,,1,100,,27172,6,,,1
20500,'11',650,,27207,6,,,1,100,,27199,6,,,1,100,,27211,6,,,1,100,,27219,6,,,1,100,,27202,6,,,1,100,,27203,6,,,1,100,,27212,6,,,1,100,,27205,6,,,1,100,,27225,6,,,1,100,,27206,6,,,1,100,,27217,6,,,1,100,,27208,6,,,1,100,,27204,6,,,1,100,,27222,6,,,1
20500,'2',1850,,27228,6,,,1,100,,27229,6,,,1,100,,27231,6,,,1,100,,27232,6,,,1
20500,'3',1850,,27238,6,,,1,100,,27236,6,,,1,100,,27242,6,,,1,100,,27239,6,,,1
20500,'4',1850,,27249,6,,,1,100,,27250,6,,,1,100,,27244,6,,,1,100,,27245,6,,,1
20500,'5',1850,,27252,6,,,1,100,,27258,6,,,1,100,,27257,6,,,1,100,,27255,6,,,1
20500,'6',650,,27271,6,,,1,100,,27266,6,,,1,100,,27267,6,,,1,100,,27269,6,,,1,100,,27274,6,,,1,100,,27264,6,,,1,100,,27273,6,,,1,100,,27276,6,,,1,100,,27282,6,,,1,100,,27265,6,,,1,100,,27260,6,,,1,100,,27278,6,,,1,100,,27259,6,,,1,100,,27270,6,,,1
20500,'7',1850,,27294,6,,,1,100,,27289,6,,,1,100,,27293,6,,,1,100,,27290,6,,,1
20500,'8',1850,,27296,6,,,1,100,,27300,6,,,1,100,,27301,6,,,1,100,,27295,6,,,1
20500,'9',1850,,27310,6,,,1,100,,27303,6,,,1,100,,27306,6,,,1,100,,27304,6,,,1
