10500,'1',549,,21026,4,,,1,100,,21028,4,,,1,70,,21052,4,,,1,30,,21025,4,,,1,70,,21044,4,,,1,30,,21030,4,,,1,70,,21024,4,,,1,30,,21056,4,,,1,100,,21037,4,,,1,100,,21027,4,,,1,100,,21049,4,,,1,100,,21029,4,,,1,100,,21050,4,,,1,70,,21021,4,,,1,30,,21043,4,,,1,70,,21055,4,,,1,30,,18649,4,,,1,70,,21039,4,,,1,30,,21038,4,,,1
10500,'2',549,,21078,4,,,1,100,,21092,4,,,1,70,,21069,4,,,1,30,,21086,4,,,1,70,,21074,4,,,1,30,,21058,4,,,1,70,,21059,4,,,1,30,,21064,4,,,1,100,,21062,4,,,1,100,,21057,4,,,1,100,,21083,4,,,1,100,,21075,4,,,1,100,,21085,4,,,1,70,,21072,4,,,1,30,,21088,4,,,1,70,,21068,4,,,1,30,,21063,4,,,1,70,,21070,4,,,1,30,,21084,4,,,1
10500,'3',549,,21094,4,,,1,100,,21109,4,,,1,70,,21114,4,,,1,30,,21113,4,,,1,70,,21123,4,,,1,30,,21120,4,,,1,70,,21122,4,,,1,30,,21110,4,,,1,100,,21111,4,,,1,100,,21095,4,,,1,100,,21126,4,,,1,100,,21100,4,,,1,100,,21119,4,,,1,70,,21093,4,,,1,30,,21101,4,,,1,70,,21097,4,,,1,30,,21112,4,,,1,70,,21096,4,,,1,30,,21129,4,,,1
10500,'4',549,,21138,4,,,1,100,,21148,4,,,1,70,,21133,4,,,1,30,,21146,4,,,1,70,,21164,4,,,1,30,,21156,4,,,1,70,,21140,4,,,1,30,,21161,4,,,1,100,,21151,4,,,1,100,,21144,4,,,1,100,,21142,4,,,1,100,,21166,4,,,1,100,,21147,4,,,1,70,,21136,4,,,1,30,,21149,4,,,1,70,,21163,4,,,1,30,,21167,4,,,1,70,,21141,4,,,1,30,,21132,4,,,1
10500,'5',549,,21169,4,,,1,100,,21183,4,,,1,70,,21197,4,,,1,30,,21170,4,,,1,70,,21179,4,,,1,30,,21175,4,,,1,70,,21182,4,,,1,30,,21192,4,,,1,100,,21206,4,,,1,100,,21191,4,,,1,100,,21188,4,,,1,100,,21202,4,,,1,100,,21199,4,,,1,70,,21186,4,,,1,30,,21203,4,,,1,70,,21189,4,,,1,30,,21195,4,,,1,70,,21177,4,,,1,30,,21181,4,,,1
10500,'7',549,,21214,4,,,1,100,,21240,4,,,1,70,,21238,4,,,1,30,,21226,4,,,1,70,,21221,4,,,1,30,,21216,4,,,1,70,,21224,4,,,1,30,,21232,4,,,1,100,,21230,4,,,1,100,,21212,4,,,1,100,,21241,4,,,1,100,,21228,4,,,1,100,,21217,4,,,1,70,,21219,4,,,1,30,,21233,4,,,1,70,,21215,4,,,1,30,,21231,4,,,1,70,,21239,4,,,1,30,,21242,4,,,1
10500,'8',549,,21269,4,,,1,100,,21258,4,,,1,70,,21265,4,,,1,30,,21280,4,,,1,70,,21281,4,,,1,30,,21271,4,,,1,70,,21251,4,,,1,30,,21277,4,,,1,100,,21273,4,,,1,100,,21266,4,,,1,100,,21246,4,,,1,100,,21245,4,,,1,100,,21259,4,,,1,70,,21248,4,,,1,30,,21274,4,,,1,70,,21264,4,,,1,30,,21276,4,,,1,70,,21270,4,,,1,30,,21263,4,,,1
10500,'9',549,,21320,4,,,1,100,,21298,4,,,1,70,,21288,4,,,1,30,,21305,4,,,1,70,,21297,4,,,1,30,,21316,4,,,1,70,,21302,4,,,1,30,,21306,4,,,1,100,,21284,4,,,1,100,,21286,4,,,1,100,,21289,4,,,1,100,,21290,4,,,1,100,,21287,4,,,1,70,,21296,4,,,1,30,,21308,4,,,1,70,,21318,4,,,1,30,,21313,4,,,1,70,,21283,4,,,1,30,,21285,4,,,1
10501,'1',634,,21326,15,,,1,100,,21351,15,,,1,70,,21333,15,,,1,30,,21342,15,,,1,70,,21345,15,,,1,30,,21340,15,,,1,70,,21324,15,,,1,30,,21349,15,,,1,100,,21335,15,,,1,100,,21352,15,,,1,100,,21338,15,,,1,100,,21323,15,,,1,100,,21327,15,,,1,70,,21329,15,,,1,30,,21353,15,,,1,70,,21322,15,,,1,30,,21336,15,,,1,70,,21344,15,,,1,30,,21321,15,,,1
10501,'2',634,,21376,15,,,1,100,,21379,15,,,1,70,,21387,15,,,1,30,,21369,15,,,1,70,,21378,15,,,1,30,,21377,15,,,1,70,,21372,15,,,1,30,,21386,15,,,1,100,,21383,15,,,1,100,,21357,15,,,1,100,,21382,15,,,1,100,,21374,15,,,1,100,,18132,15,,,1,70,,21373,15,,,1,30,,21367,15,,,1,70,,21368,15,,,1,30,,21359,15,,,1,70,,17299,15,,,1,30,,21389,15,,,1
10501,'3',634,,21427,15,,,1,100,,21408,15,,,1,70,,21407,15,,,1,30,,21392,15,,,1,70,,21406,15,,,1,30,,21393,15,,,1,70,,21414,15,,,1,30,,21424,15,,,1,100,,21409,15,,,1,100,,21397,15,,,1,100,,21423,15,,,1,100,,21403,15,,,1,100,,21401,15,,,1,70,,21398,15,,,1,30,,21396,15,,,1,70,,21425,15,,,1,30,,21390,15,,,1,70,,21400,15,,,1,30,,21417,15,,,1
10501,'4',634,,21446,15,,,1,100,,21465,15,,,1,70,,21459,15,,,1,30,,21444,15,,,1,70,,21432,15,,,1,30,,21464,15,,,1,70,,21452,15,,,1,30,,21463,15,,,1,100,,21450,15,,,1,100,,21435,15,,,1,100,,21454,15,,,1,100,,21461,15,,,1,100,,21458,15,,,1,70,,21436,15,,,1,30,,21430,15,,,1,70,,21456,15,,,1,30,,21460,15,,,1,70,,21453,15,,,1,30,,21455,15,,,1
10501,'5',634,,21498,15,,,1,100,,21493,15,,,1,70,,21499,15,,,1,30,,21469,15,,,1,70,,21476,15,,,1,30,,21473,15,,,1,70,,21478,15,,,1,30,,21501,15,,,1,100,,21490,15,,,1,100,,21486,15,,,1,100,,21470,15,,,1,100,,21475,15,,,1,100,,21481,15,,,1,70,,21492,15,,,1,30,,21484,15,,,1,70,,21485,15,,,1,30,,21489,15,,,1,70,,21471,15,,,1,30,,21477,15,,,1
10501,'7',634,,21536,15,,,1,100,,21512,15,,,1,70,,21506,15,,,1,30,,21504,15,,,1,70,,21529,15,,,1,30,,21526,15,,,1,70,,21532,15,,,1,30,,21527,15,,,1,100,,21509,15,,,1,100,,21505,15,,,1,100,,21537,15,,,1,100,,21534,15,,,1,100,,21517,15,,,1,70,,21514,15,,,1,30,,21513,15,,,1,70,,21519,15,,,1,30,,21530,15,,,1,70,,21528,15,,,1,30,,21515,15,,,1
10501,'8',634,,21561,15,,,1,100,,21559,15,,,1,70,,21552,15,,,1,30,,21560,15,,,1,70,,21544,15,,,1,30,,21562,15,,,1,70,,21556,15,,,1,30,,21542,15,,,1,100,,21555,15,,,1,100,,21557,15,,,1,100,,21551,15,,,1,100,,21549,15,,,1,100,,21547,15,,,1,70,,21576,15,,,1,30,,21566,15,,,1,70,,21550,15,,,1,30,,21546,15,,,1,70,,21563,15,,,1,30,,21575,15,,,1
10501,'9',634,,21596,15,,,1,100,,21591,15,,,1,70,,21586,15,,,1,30,,21614,15,,,1,70,,21610,15,,,1,30,,21611,15,,,1,70,,21615,15,,,1,30,,21597,15,,,1,100,,21617,15,,,1,100,,21600,15,,,1,100,,21606,15,,,1,100,,21594,15,,,1,100,,21581,15,,,1,70,,21592,15,,,1,30,,21607,15,,,1,70,,21603,15,,,1,30,,21601,15,,,1,70,,21590,15,,,1,30,,21598,15,,,1
20500,'1',1849,,27166,4,,,1,100,,27168,4,,,1,100,,27167,4,,,1,100,,27169,4,,,1
20500,'10',649,,27194,4,,,1,100,,27174,4,,,1,100,,27184,4,,,1,100,,27186,4,,,1,100,,27192,4,,,1,100,,27173,4,,,1,100,,27188,4,,,1,100,,27181,4,,,1,100,,27191,4,,,1,100,,27179,4,,,1,100,,27197,4,,,1,100,,27189,4,,,1,100,,27193,4,,,1,100,,27172,4,,,1
20500,'11',649,,27207,4,,,1,100,,27199,4,,,1,100,,27211,4,,,1,100,,27219,4,,,1,100,,27202,4,,,1,100,,27203,4,,,1,100,,27212,4,,,1,100,,27205,4,,,1,100,,27225,4,,,1,100,,27206,4,,,1,100,,27217,4,,,1,100,,27208,4,,,1,100,,27204,4,,,1,100,,27222,4,,,1
20500,'2',1849,,27228,4,,,1,100,,27229,4,,,1,100,,27231,4,,,1,100,,27232,4,,,1
20500,'3',1849,,27238,4,,,1,100,,27236,4,,,1,100,,27242,4,,,1,100,,27239,4,,,1
20500,'4',1849,,27249,4,,,1,100,,27250,4,,,1,100,,27244,4,,,1,100,,27245,4,,,1
20500,'5',1849,,27252,4,,,1,100,,27258,4,,,1,100,,27257,4,,,1,100,,27255,4,,,1
20500,'6',649,,27271,4,,,1,100,,27266,4,,,1,100,,27267,4,,,1,100,,27269,4,,,1,100,,27274,4,,,1,100,,27264,4,,,1,100,,27273,4,,,1,100,,27276,4,,,1,100,,27282,4,,,1,100,,27265,4,,,1,100,,27260,4,,,1,100,,27278,4,,,1,100,,27259,4,,,1,100,,27270,4,,,1
20500,'7',1849,,27294,4,,,1,100,,27289,4,,,1,100,,27293,4,,,1,100,,27290,4,,,1
20500,'8',1849,,27296,4,,,1,100,,27300,4,,,1,100,,27301,4,,,1,100,,27295,4,,,1
20500,'9',1849,,27310,4,,,1,100,,27303,4,,,1,100,,27306,4,,,1,100,,27304,4,,,1
20501,'1',1933,,18082,15,,,1,100,,27311,15,,,1,100,,27314,15,,,1,100,,27316,15,,,1
20501,'10',733,,27340,15,,,1,100,,27344,15,,,1,100,,27327,15,,,1,100,,27335,15,,,1,100,,27339,15,,,1,100,,27320,15,,,1,100,,27326,15,,,1,100,,27338,15,,,1,100,,27324,15,,,1,100,,27325,15,,,1,100,,27322,15,,,1,100,,27334,15,,,1,100,,27333,15,,,1,100,,27341,15,,,1
20501,'11',733,,27354,15,,,1,100,,27350,15,,,1,100,,27362,15,,,1,100,,27347,15,,,1,100,,27355,15,,,1,100,,27359,15,,,1,100,,27372,15,,,1,100,,27364,15,,,1,100,,27357,15,,,1,100,,27371,15,,,1,100,,27373,15,,,1,100,,27353,15,,,1,100,,27369,15,,,1,100,,27356,15,,,1
20501,'2',1933,,27378,15,,,1,100,,27376,15,,,1,100,,27379,15,,,1,100,,27377,15,,,1
20501,'3',1933,,27389,15,,,1,100,,27383,15,,,1,100,,27387,15,,,1,100,,27382,15,,,1
20501,'4',1933,,27393,15,,,1,100,,27395,15,,,1,100,,27392,15,,,1,100,,27394,15,,,1
20501,'5',1933,,27405,15,,,1,100,,27401,15,,,1,100,,27402,15,,,1,100,,27399,15,,,1
20501,'6',733,,27408,15,,,1,100,,27432,15,,,1,100,,27424,15,,,1,100,,27433,15,,,1,100,,27417,15,,,1,100,,27412,15,,,1,100,,27420,15,,,1,100,,27410,15,,,1,100,,27430,15,,,1,100,,27411,15,,,1,100,,27429,15,,,1,100,,27406,15,,,1,100,,27409,15,,,1,100,,27426,15,,,1
20501,'7',1933,,27438,15,,,1,100,,27439,15,,,1,100,,27441,15,,,1,100,,27437,15,,,1
20501,'8',1933,,27445,15,,,1,100,,27449,15,,,1,100,,27443,15,,,1,100,,27447,15,,,1
20501,'9',1933,,27457,15,,,1,100,,27452,15,,,1,100,,27450,15,,,1,100,,27453,15,,,1
