10300,'1',644,,20317,24,,,1,100,,20326,24,,,1,70,,20325,24,,,1,30,,20323,24,,,1,70,,20320,24,,,1,30,,20330,24,,,1,70,,20334,24,,,1,30,,20329,24,,,1,100,,20327,24,,,1,100,,20318,24,,,1,100,,20324,24,,,1,100,,20322,24,,,1,100,,20319,24,,,1,70,,20316,24,,,1,30,,20321,24,,,1,70,,20332,24,,,1,30,,20328,24,,,1,70,,20333,24,,,1,30,,20331,24,,,1
10300,'2',644,,20347,24,,,1,100,,20349,24,,,1,70,,20345,24,,,1,30,,20338,24,,,1,70,,20351,24,,,1,30,,20335,24,,,1,70,,20340,24,,,1,30,,20339,24,,,1,100,,18114,24,,,1,100,,20336,24,,,1,100,,20342,24,,,1,100,,20337,24,,,1,100,,20343,24,,,1,70,,20346,24,,,1,30,,20350,24,,,1,70,,20348,24,,,1,30,,20352,24,,,1,70,,20344,24,,,1,30,,20341,24,,,1
10300,'3',644,,20353,24,,,1,100,,20362,24,,,1,70,,20369,24,,,1,30,,20358,24,,,1,70,,20363,24,,,1,30,,20354,24,,,1,70,,20364,24,,,1,30,,20367,24,,,1,100,,20370,24,,,1,100,,20371,24,,,1,100,,20355,24,,,1,100,,20356,24,,,1,100,,20359,24,,,1,70,,20365,24,,,1,30,,20361,24,,,1,70,,20357,24,,,1,30,,20366,24,,,1,70,,20360,24,,,1,30,,20368,24,,,1
10300,'4',644,,20390,24,,,1,100,,20388,24,,,1,70,,20376,24,,,1,30,,20377,24,,,1,70,,20389,24,,,1,30,,20387,24,,,1,70,,20382,24,,,1,30,,20378,24,,,1,100,,20374,24,,,1,100,,20372,24,,,1,100,,20375,24,,,1,100,,20383,24,,,1,100,,20381,24,,,1,70,,20373,24,,,1,30,,20386,24,,,1,70,,20385,24,,,1,30,,20380,24,,,1,70,,20379,24,,,1,30,,20384,24,,,1
10300,'5',644,,20400,24,,,1,100,,20403,24,,,1,70,,20395,24,,,1,30,,20397,24,,,1,70,,20405,24,,,1,30,,20407,24,,,1,70,,20409,24,,,1,30,,20394,24,,,1,100,,20404,24,,,1,100,,20401,24,,,1,100,,20396,24,,,1,100,,20398,24,,,1,100,,20406,24,,,1,70,,20399,24,,,1,30,,20393,24,,,1,70,,20402,24,,,1,30,,20392,24,,,1,70,,20408,24,,,1,30,,20391,24,,,1
10300,'7',644,,20423,24,,,1,100,,20419,24,,,1,70,,20417,24,,,1,30,,20428,24,,,1,70,,20427,24,,,1,30,,20421,24,,,1,70,,20422,24,,,1,30,,20413,24,,,1,100,,20411,24,,,1,100,,20414,24,,,1,100,,20426,24,,,1,100,,20412,24,,,1,100,,20420,24,,,1,70,,20415,24,,,1,30,,20424,24,,,1,70,,20425,24,,,1,30,,20418,24,,,1,70,,20410,24,,,1,30,,20416,24,,,1
10300,'8',644,,20442,24,,,1,100,,20439,24,,,1,70,,20432,24,,,1,30,,20444,24,,,1,70,,20433,24,,,1,30,,20435,24,,,1,70,,20441,24,,,1,30,,20434,24,,,1,100,,20429,24,,,1,100,,20436,24,,,1,100,,20447,24,,,1,100,,20438,24,,,1,100,,20445,24,,,1,70,,20437,24,,,1,30,,20443,24,,,1,70,,20446,24,,,1,30,,20430,24,,,1,70,,20431,24,,,1,30,,20440,24,,,1
10300,'9',644,,20448,24,,,1,100,,20458,24,,,1,70,,20457,24,,,1,30,,20464,24,,,1,70,,20452,24,,,1,30,,20462,24,,,1,70,,20453,24,,,1,30,,20461,24,,,1,100,,20460,24,,,1,100,,20449,24,,,1,100,,20450,24,,,1,100,,20459,24,,,1,100,,20465,24,,,1,70,,20463,24,,,1,30,,20454,24,,,1,70,,20455,24,,,1,30,,20451,24,,,1,70,,20466,24,,,1,30,,20456,24,,,1
20300,'1',1913,,26519,25,,,1,30,,26514,25,,,1,70,,26516,25,,,1,30,,19313,25,,,1,70,,26513,25,,,1,30,,26517,25,,,1,70,,26515,25,,,1,30,,26512,25,,,1,70,,26518,25,,,1
20300,'10',743,,26525,25,,,1,70,,26536,25,,,1,30,,26521,25,,,1,70,,26546,25,,,1,30,,26545,25,,,1,70,,26529,25,,,1,30,,26544,25,,,1,70,,26526,25,,,1,30,,26530,25,,,1,70,,26531,25,,,1,30,,26528,25,,,1,70,,26537,25,,,1,30,,26523,25,,,1,70,,26527,25,,,1,30,,26520,25,,,1,70,,26542,25,,,1,30,,26524,25,,,1,70,,26533,25,,,1,30,,26540,25,,,1,70,,26522,25,,,1,30,,26538,25,,,1,70,,26532,25,,,1,30,,26543,25,,,1,70,,26534,25,,,1,30,,26535,25,,,1,70,,26541,25,,,1,30,,26539,25,,,1
20300,'11',743,,26571,25,,,1,70,,26558,25,,,1,30,,26572,25,,,1,70,,26553,25,,,1,30,,26573,25,,,1,70,,26547,25,,,1,30,,26561,25,,,1,70,,26560,25,,,1,30,,26569,25,,,1,70,,26549,25,,,1,30,,26566,25,,,1,70,,26554,25,,,1,30,,26550,25,,,1,70,,26551,25,,,1,30,,26556,25,,,1,70,,26548,25,,,1,30,,26564,25,,,1,70,,26563,25,,,1,30,,26559,25,,,1,70,,26555,25,,,1,30,,26562,25,,,1,70,,26552,25,,,1,30,,26557,25,,,1,70,,26567,25,,,1,30,,26565,25,,,1,70,,26570,25,,,1,30,,26568,25,,,1
20300,'2',1913,,26581,25,,,1,30,,26575,25,,,1,70,,26580,25,,,1,30,,26578,25,,,1,70,,26582,25,,,1,30,,26579,25,,,1,70,,26576,25,,,1,30,,26574,25,,,1,70,,26577,25,,,1
20300,'3',1913,,26585,25,,,1,30,,26589,25,,,1,70,,26586,25,,,1,30,,26590,25,,,1,70,,26583,25,,,1,30,,26591,25,,,1,70,,26584,25,,,1,30,,26587,25,,,1,70,,26588,25,,,1
20300,'4',1913,,26598,25,,,1,30,,26592,25,,,1,70,,26594,25,,,1,30,,26595,25,,,1,70,,26599,25,,,1,30,,26597,25,,,1,70,,26600,25,,,1,30,,26596,25,,,1,70,,26593,25,,,1
20300,'5',1913,,26607,25,,,1,30,,26601,25,,,1,70,,26606,25,,,1,30,,26604,25,,,1,70,,26609,25,,,1,30,,26605,25,,,1,70,,26602,25,,,1,30,,26603,25,,,1,70,,26608,25,,,1
20300,'6',743,,26622,25,,,1,70,,26636,25,,,1,30,,26628,25,,,1,70,,26621,25,,,1,30,,26616,25,,,1,70,,26618,25,,,1,30,,26619,25,,,1,70,,26624,25,,,1,30,,26611,25,,,1,70,,26625,25,,,1,30,,26617,25,,,1,70,,26633,25,,,1,30,,26614,25,,,1,70,,26610,25,,,1,30,,26630,25,,,1,70,,26612,25,,,1,30,,26634,25,,,1,70,,26623,25,,,1,30,,26627,25,,,1,70,,26615,25,,,1,30,,26631,25,,,1,70,,26635,25,,,1,30,,26620,25,,,1,70,,26626,25,,,1,30,,26632,25,,,1,70,,26629,25,,,1,30,,26613,25,,,1
20300,'7',1913,,26637,25,,,1,30,,26643,25,,,1,70,,26638,25,,,1,30,,26644,25,,,1,70,,26640,25,,,1,30,,26641,25,,,1,70,,26645,25,,,1,30,,26642,25,,,1,70,,26639,25,,,1
20300,'8',1913,,26650,25,,,1,30,,26652,25,,,1,70,,26649,25,,,1,30,,26654,25,,,1,70,,26646,25,,,1,30,,26648,25,,,1,70,,26651,25,,,1,30,,26647,25,,,1,70,,26653,25,,,1
20300,'9',1913,,26656,25,,,1,30,,26657,25,,,1,70,,26658,25,,,1,30,,26663,25,,,1,70,,26661,25,,,1,30,,26655,25,,,1,70,,26659,25,,,1,30,,26662,25,,,1,70,,26660,25,,,1
