11300,'1',635,,24507,23,,,1,100,,24518,23,,,1,100,,24513,23,,,1,100,,24510,23,,,1,100,,24522,23,,,1,100,,19261,23,,,1,100,,24521,23,,,1,100,,24506,23,,,1,100,,24525,23,,,1,100,,24532,23,,,1,100,,24523,23,,,1,100,,24528,23,,,1,100,,24527,23,,,1
11300,'2',635,,24538,23,,,1,100,,24542,23,,,1,100,,24556,23,,,1,100,,24552,23,,,1,100,,24548,23,,,1,100,,24534,23,,,1,100,,24546,23,,,1,100,,24533,23,,,1,100,,24563,23,,,1,100,,24570,23,,,1,100,,24541,23,,,1,100,,24566,23,,,1,100,,24557,23,,,1
11300,'3',635,,24609,23,,,1,100,,24582,23,,,1,100,,24573,23,,,1,100,,24586,23,,,1,100,,24575,23,,,1,100,,24606,23,,,1,100,,24580,23,,,1,100,,24594,23,,,1,100,,24592,23,,,1,100,,24591,23,,,1,100,,24576,23,,,1,100,,24598,23,,,1,100,,24574,23,,,1
11300,'4',635,,24637,23,,,1,100,,24647,23,,,1,100,,24642,23,,,1,100,,24634,23,,,1,100,,24619,23,,,1,100,,24628,23,,,1,100,,24630,23,,,1,100,,24618,23,,,1,100,,24617,23,,,1,100,,24629,23,,,1,100,,24633,23,,,1,100,,24632,23,,,1,100,,24643,23,,,1
11300,'5',635,,24671,23,,,1,100,,24668,23,,,1,100,,24653,23,,,1,100,,24652,23,,,1,100,,24674,23,,,1,100,,24667,23,,,1,100,,24686,23,,,1,100,,24658,23,,,1,100,,24650,23,,,1,100,,24682,23,,,1,100,,24679,23,,,1,100,,24675,23,,,1,100,,24677,23,,,1
11300,'7',635,,24711,23,,,1,100,,24719,23,,,1,100,,24724,23,,,1,100,,24700,23,,,1,100,,24716,23,,,1,100,,24718,23,,,1,100,,24726,23,,,1,100,,24720,23,,,1,100,,24709,23,,,1,100,,24703,23,,,1,100,,24696,23,,,1,100,,24704,23,,,1,100,,24722,23,,,1
11300,'8',635,,24759,23,,,1,100,,24727,23,,,1,100,,24758,23,,,1,100,,24755,23,,,1,100,,24764,23,,,1,100,,24730,23,,,1,100,,24751,23,,,1,100,,24754,23,,,1,100,,24752,23,,,1,100,,24765,23,,,1,100,,24729,23,,,1,100,,24756,23,,,1,100,,24744,23,,,1
11300,'9',635,,24778,23,,,1,100,,24797,23,,,1,100,,24795,23,,,1,100,,24766,23,,,1,100,,24772,23,,,1,100,,24801,23,,,1,100,,24803,23,,,1,100,,24773,23,,,1,100,,24770,23,,,1,100,,24787,23,,,1,100,,24798,23,,,1,100,,24768,23,,,1,100,,24780,23,,,1
21300,'1',1934,,28956,23,,,1,100,,28955,23,,,1,100,,28957,23,,,1,100,,28954,23,,,1
21300,'10',734,,28959,23,,,1,100,,28970,23,,,1,100,,28966,23,,,1,100,,28964,23,,,1,100,,28962,23,,,1,100,,28961,23,,,1,100,,28969,23,,,1,100,,28960,23,,,1,100,,28965,23,,,1,100,,28958,23,,,1,100,,28963,23,,,1,100,,28968,23,,,1,100,,28967,23,,,1
21300,'11',734,,28980,23,,,1,100,,28978,23,,,1,100,,28974,23,,,1,100,,28983,23,,,1,100,,28982,23,,,1,100,,28972,23,,,1,100,,28981,23,,,1,100,,28973,23,,,1,100,,28979,23,,,1,100,,28977,23,,,1,100,,28971,23,,,1,100,,28976,23,,,1,100,,28975,23,,,1
21300,'2',1934,,28985,23,,,1,100,,28987,23,,,1,100,,28986,23,,,1,100,,28984,23,,,1
21300,'3',1934,,28989,23,,,1,100,,28988,23,,,1,100,,28990,23,,,1,100,,28991,23,,,1
21300,'4',1934,,28992,23,,,1,100,,28993,23,,,1,100,,28994,23,,,1,100,,28995,23,,,1
21300,'5',1934,,28998,23,,,1,100,,28996,23,,,1,100,,28999,23,,,1,100,,28997,23,,,1
21300,'6',734,,29009,23,,,1,100,,29010,23,,,1,100,,29003,23,,,1,100,,29002,23,,,1,100,,29000,23,,,1,100,,29005,23,,,1,100,,29001,23,,,1,100,,29008,23,,,1,100,,29006,23,,,1,100,,29011,23,,,1,100,,29004,23,,,1,100,,29007,23,,,1,100,,29012,23,,,1
21300,'7',1934,,29015,23,,,1,100,,29016,23,,,1,100,,29014,23,,,1,100,,29013,23,,,1
21300,'8',1934,,29018,23,,,1,100,,29020,23,,,1,100,,29019,23,,,1,100,,29017,23,,,1
21300,'9',1934,,29023,23,,,1,100,,29021,23,,,1,100,,29024,23,,,1,100,,29022,23,,,1
