11300,'1',632,,24507,18,,,1,100,,24518,18,,,1,100,,24513,18,,,1,100,,24510,18,,,1,100,,24522,18,,,1,100,,19261,18,,,1,100,,24521,18,,,1,100,,24506,18,,,1,100,,24525,18,,,1,100,,24532,18,,,1,100,,24523,18,,,1,100,,24528,18,,,1,100,,24527,18,,,1
11300,'2',632,,24538,18,,,1,100,,24542,18,,,1,100,,24556,18,,,1,100,,24552,18,,,1,100,,24548,18,,,1,100,,24534,18,,,1,100,,24546,18,,,1,100,,24533,18,,,1,100,,24563,18,,,1,100,,24570,18,,,1,100,,24541,18,,,1,100,,24566,18,,,1,100,,24557,18,,,1
11300,'3',632,,24609,18,,,1,100,,24582,18,,,1,100,,24573,18,,,1,100,,24586,18,,,1,100,,24575,18,,,1,100,,24606,18,,,1,100,,24580,18,,,1,100,,24594,18,,,1,100,,24592,18,,,1,100,,24591,18,,,1,100,,24576,18,,,1,100,,24598,18,,,1,100,,24574,18,,,1
11300,'4',632,,24637,18,,,1,100,,24647,18,,,1,100,,24642,18,,,1,100,,24634,18,,,1,100,,24619,18,,,1,100,,24628,18,,,1,100,,24630,18,,,1,100,,24618,18,,,1,100,,24617,18,,,1,100,,24629,18,,,1,100,,24633,18,,,1,100,,24632,18,,,1,100,,24643,18,,,1
11300,'5',632,,24671,18,,,1,100,,24668,18,,,1,100,,24653,18,,,1,100,,24652,18,,,1,100,,24674,18,,,1,100,,24667,18,,,1,100,,24686,18,,,1,100,,24658,18,,,1,100,,24650,18,,,1,100,,24682,18,,,1,100,,24679,18,,,1,100,,24675,18,,,1,100,,24677,18,,,1
11300,'7',632,,24711,18,,,1,100,,24719,18,,,1,100,,24724,18,,,1,100,,24700,18,,,1,100,,24716,18,,,1,100,,24718,18,,,1,100,,24726,18,,,1,100,,24720,18,,,1,100,,24709,18,,,1,100,,24703,18,,,1,100,,24696,18,,,1,100,,24704,18,,,1,100,,24722,18,,,1
11300,'8',632,,24759,18,,,1,100,,24727,18,,,1,100,,24758,18,,,1,100,,24755,18,,,1,100,,24764,18,,,1,100,,24730,18,,,1,100,,24751,18,,,1,100,,24754,18,,,1,100,,24752,18,,,1,100,,24765,18,,,1,100,,24729,18,,,1,100,,24756,18,,,1,100,,24744,18,,,1
11300,'9',632,,24778,18,,,1,100,,24797,18,,,1,100,,24795,18,,,1,100,,24766,18,,,1,100,,24772,18,,,1,100,,24801,18,,,1,100,,24803,18,,,1,100,,24773,18,,,1,100,,24770,18,,,1,100,,24787,18,,,1,100,,24798,18,,,1,100,,24768,18,,,1,100,,24780,18,,,1
21300,'1',1931,,28956,18,,,1,100,,28955,18,,,1,100,,28957,18,,,1,100,,28954,18,,,1
21300,'10',731,,28959,18,,,1,100,,28970,18,,,1,100,,28966,18,,,1,100,,28964,18,,,1,100,,28962,18,,,1,100,,28961,18,,,1,100,,28969,18,,,1,100,,28960,18,,,1,100,,28965,18,,,1,100,,28958,18,,,1,100,,28963,18,,,1,100,,28968,18,,,1,100,,28967,18,,,1
21300,'11',731,,28980,18,,,1,100,,28978,18,,,1,100,,28974,18,,,1,100,,28983,18,,,1,100,,28982,18,,,1,100,,28972,18,,,1,100,,28981,18,,,1,100,,28973,18,,,1,100,,28979,18,,,1,100,,28977,18,,,1,100,,28971,18,,,1,100,,28976,18,,,1,100,,28975,18,,,1
21300,'2',1931,,28985,18,,,1,100,,28987,18,,,1,100,,28986,18,,,1,100,,28984,18,,,1
21300,'3',1931,,28989,18,,,1,100,,28988,18,,,1,100,,28990,18,,,1,100,,28991,18,,,1
21300,'4',1931,,28992,18,,,1,100,,28993,18,,,1,100,,28994,18,,,1,100,,28995,18,,,1
21300,'5',1931,,28998,18,,,1,100,,28996,18,,,1,100,,28999,18,,,1,100,,28997,18,,,1
21300,'6',731,,29009,18,,,1,100,,29010,18,,,1,100,,29003,18,,,1,100,,29002,18,,,1,100,,29000,18,,,1,100,,29005,18,,,1,100,,29001,18,,,1,100,,29008,18,,,1,100,,29006,18,,,1,100,,29011,18,,,1,100,,29004,18,,,1,100,,29007,18,,,1,100,,29012,18,,,1
21300,'7',1931,,29015,18,,,1,100,,29016,18,,,1,100,,29014,18,,,1,100,,29013,18,,,1
21300,'8',1931,,29018,18,,,1,100,,29020,18,,,1,100,,29019,18,,,1,100,,29017,18,,,1
21300,'9',1931,,29023,18,,,1,100,,29021,18,,,1,100,,29024,18,,,1,100,,29022,18,,,1
