10100,'1',707,,19742,14,,,1,30,,19743,14,,,1,70,,19746,14,,,1,30,,19744,14,,,1,70,,19757,14,,,1,30,,19748,14,,,1,70,,19756,14,,,1,100,,19758,14,,,1,100,,19751,14,,,1,100,,19749,14,,,1,100,,19750,14,,,1,100,,19745,14,,,1,30,,19755,14,,,1,70,,19753,14,,,1,30,,19759,14,,,1,70,,19747,14,,,1,30,,19754,14,,,1,70,,19752,14,,,1
10100,'2',707,,19776,14,,,1,30,,19773,14,,,1,70,,19772,14,,,1,30,,19767,14,,,1,70,,19766,14,,,1,30,,19760,14,,,1,70,,19768,14,,,1,100,,19761,14,,,1,100,,19774,14,,,1,100,,19762,14,,,1,100,,19763,14,,,1,100,,19777,14,,,1,30,,19765,14,,,1,70,,19771,14,,,1,30,,19769,14,,,1,70,,19764,14,,,1,30,,19775,14,,,1,70,,19770,14,,,1
10100,'3',707,,19793,14,,,1,30,,19780,14,,,1,70,,19785,14,,,1,30,,19783,14,,,1,70,,19789,14,,,1,30,,19788,14,,,1,70,,19795,14,,,1,100,,19792,14,,,1,100,,19778,14,,,1,100,,19781,14,,,1,100,,19784,14,,,1,100,,19787,14,,,1,30,,19794,14,,,1,70,,19779,14,,,1,30,,19791,14,,,1,70,,19782,14,,,1,30,,19790,14,,,1,70,,19786,14,,,1
10100,'4',707,,19808,14,,,1,30,,19807,14,,,1,70,,19812,14,,,1,30,,19799,14,,,1,70,,19805,14,,,1,30,,19797,14,,,1,70,,19803,14,,,1,100,,19800,14,,,1,100,,19810,14,,,1,100,,19806,14,,,1,100,,19798,14,,,1,100,,19813,14,,,1,30,,19802,14,,,1,70,,19796,14,,,1,30,,19809,14,,,1,70,,19801,14,,,1,30,,19804,14,,,1,70,,19811,14,,,1
10100,'5',707,,19815,14,,,1,30,,19831,14,,,1,70,,19816,14,,,1,30,,19825,14,,,1,70,,19827,14,,,1,30,,19828,14,,,1,70,,19824,14,,,1,100,,19818,14,,,1,100,,19826,14,,,1,100,,19817,14,,,1,100,,19820,14,,,1,100,,19822,14,,,1,30,,19830,14,,,1,70,,19819,14,,,1,30,,19823,14,,,1,70,,19814,14,,,1,30,,19829,14,,,1,70,,19821,14,,,1
10100,'7',707,,19832,14,,,1,30,,19845,14,,,1,70,,19843,14,,,1,30,,19839,14,,,1,70,,19841,14,,,1,30,,19836,14,,,1,70,,19833,14,,,1,100,,19847,14,,,1,100,,19834,14,,,1,100,,19849,14,,,1,100,,19842,14,,,1,100,,19844,14,,,1,30,,19848,14,,,1,70,,19837,14,,,1,30,,19835,14,,,1,70,,19840,14,,,1,30,,19838,14,,,1,70,,19846,14,,,1
10100,'8',707,,19862,14,,,1,30,,19851,14,,,1,70,,19852,14,,,1,30,,19866,14,,,1,70,,19864,14,,,1,30,,19860,14,,,1,70,,19850,14,,,1,100,,19867,14,,,1,100,,19856,14,,,1,100,,19858,14,,,1,100,,19859,14,,,1,100,,19853,14,,,1,30,,19855,14,,,1,70,,19863,14,,,1,30,,19854,14,,,1,70,,19861,14,,,1,30,,19865,14,,,1,70,,19857,14,,,1
10100,'9',707,,19875,14,,,1,30,,19870,14,,,1,70,,19878,14,,,1,30,,19877,14,,,1,70,,19868,14,,,1,30,,19876,14,,,1,70,,19884,14,,,1,100,,19881,14,,,1,100,,19883,14,,,1,100,,19879,14,,,1,100,,19871,14,,,1,100,,19872,14,,,1,30,,19882,14,,,1,70,,19880,14,,,1,30,,19873,14,,,1,70,,19874,14,,,1,30,,19885,14,,,1,70,,19869,14,,,1
20300,'1',1905,,26519,10,,,1,30,,26514,10,,,1,70,,26516,10,,,1,30,,19313,10,,,1,70,,26513,10,,,1,30,,26517,10,,,1,70,,26515,10,,,1,30,,26512,10,,,1,70,,26518,10,,,1
20300,'10',735,,26525,10,,,1,70,,26536,10,,,1,30,,26521,10,,,1,70,,26546,10,,,1,30,,26545,10,,,1,70,,26529,10,,,1,30,,26544,10,,,1,70,,26526,10,,,1,30,,26530,10,,,1,70,,26531,10,,,1,30,,26528,10,,,1,70,,26537,10,,,1,30,,26523,10,,,1,70,,26527,10,,,1,30,,26520,10,,,1,70,,26542,10,,,1,30,,26524,10,,,1,70,,26533,10,,,1,30,,26540,10,,,1,70,,26522,10,,,1,30,,26538,10,,,1,70,,26532,10,,,1,30,,26543,10,,,1,70,,26534,10,,,1,30,,26535,10,,,1,70,,26541,10,,,1,30,,26539,10,,,1
20300,'11',735,,26571,10,,,1,70,,26558,10,,,1,30,,26572,10,,,1,70,,26553,10,,,1,30,,26573,10,,,1,70,,26547,10,,,1,30,,26561,10,,,1,70,,26560,10,,,1,30,,26569,10,,,1,70,,26549,10,,,1,30,,26566,10,,,1,70,,26554,10,,,1,30,,26550,10,,,1,70,,26551,10,,,1,30,,26556,10,,,1,70,,26548,10,,,1,30,,26564,10,,,1,70,,26563,10,,,1,30,,26559,10,,,1,70,,26555,10,,,1,30,,26562,10,,,1,70,,26552,10,,,1,30,,26557,10,,,1,70,,26567,10,,,1,30,,26565,10,,,1,70,,26570,10,,,1,30,,26568,10,,,1
20300,'2',1905,,26581,10,,,1,30,,26575,10,,,1,70,,26580,10,,,1,30,,26578,10,,,1,70,,26582,10,,,1,30,,26579,10,,,1,70,,26576,10,,,1,30,,26574,10,,,1,70,,26577,10,,,1
20300,'3',1905,,26585,10,,,1,30,,26589,10,,,1,70,,26586,10,,,1,30,,26590,10,,,1,70,,26583,10,,,1,30,,26591,10,,,1,70,,26584,10,,,1,30,,26587,10,,,1,70,,26588,10,,,1
20300,'4',1905,,26598,10,,,1,30,,26592,10,,,1,70,,26594,10,,,1,30,,26595,10,,,1,70,,26599,10,,,1,30,,26597,10,,,1,70,,26600,10,,,1,30,,26596,10,,,1,70,,26593,10,,,1
20300,'5',1905,,26607,10,,,1,30,,26601,10,,,1,70,,26606,10,,,1,30,,26604,10,,,1,70,,26609,10,,,1,30,,26605,10,,,1,70,,26602,10,,,1,30,,26603,10,,,1,70,,26608,10,,,1
20300,'6',735,,26622,10,,,1,70,,26636,10,,,1,30,,26628,10,,,1,70,,26621,10,,,1,30,,26616,10,,,1,70,,26618,10,,,1,30,,26619,10,,,1,70,,26624,10,,,1,30,,26611,10,,,1,70,,26625,10,,,1,30,,26617,10,,,1,70,,26633,10,,,1,30,,26614,10,,,1,70,,26610,10,,,1,30,,26630,10,,,1,70,,26612,10,,,1,30,,26634,10,,,1,70,,26623,10,,,1,30,,26627,10,,,1,70,,26615,10,,,1,30,,26631,10,,,1,70,,26635,10,,,1,30,,26620,10,,,1,70,,26626,10,,,1,30,,26632,10,,,1,70,,26629,10,,,1,30,,26613,10,,,1
20300,'7',1905,,26637,10,,,1,30,,26643,10,,,1,70,,26638,10,,,1,30,,26644,10,,,1,70,,26640,10,,,1,30,,26641,10,,,1,70,,26645,10,,,1,30,,26642,10,,,1,70,,26639,10,,,1
20300,'8',1905,,26650,10,,,1,30,,26652,10,,,1,70,,26649,10,,,1,30,,26654,10,,,1,70,,26646,10,,,1,30,,26648,10,,,1,70,,26651,10,,,1,30,,26647,10,,,1,70,,26653,10,,,1
20300,'9',1905,,26656,10,,,1,30,,26657,10,,,1,70,,26658,10,,,1,30,,26663,10,,,1,70,,26661,10,,,1,30,,26655,10,,,1,70,,26659,10,,,1,30,,26662,10,,,1,70,,26660,10,,,1
