11600,'1',642,,25805,9,,,1,70,,25771,9,,,1,30,,19042,9,,,1,70,,17594,9,,,1,30,,25808,9,,,1,70,,25777,9,,,1,30,,25807,9,,,1,70,,25810,9,,,1,30,,25774,9,,,1,70,,25811,9,,,1,30,,25781,9,,,1,70,,25789,9,,,1,30,,25798,9,,,1,70,,25799,9,,,1,30,,25790,9,,,1,70,,25804,9,,,1,30,,25792,9,,,1,70,,25784,9,,,1,30,,25802,9,,,1,70,,25785,9,,,1,30,,25768,9,,,1,70,,25783,9,,,1,30,,25797,9,,,1
11600,'2',642,,25816,9,,,1,70,,14960,9,,,1,30,,25837,9,,,1,70,,25826,9,,,1,30,,25813,9,,,1,70,,25845,9,,,1,30,,25828,9,,,1,70,,25815,9,,,1,30,,25819,9,,,1,70,,25834,9,,,1,30,,25843,9,,,1,70,,25847,9,,,1,30,,25856,9,,,1,70,,25853,9,,,1,30,,25824,9,,,1,70,,25836,9,,,1,30,,25820,9,,,1,70,,25833,9,,,1,30,,25812,9,,,1,70,,25855,9,,,1,30,,25839,9,,,1,70,,25838,9,,,1,30,,25818,9,,,1
11600,'3',642,,25888,9,,,1,70,,25885,9,,,1,30,,25902,9,,,1,70,,25893,9,,,1,30,,25864,9,,,1,70,,25899,9,,,1,30,,25897,9,,,1,70,,25900,9,,,1,30,,25887,9,,,1,70,,25859,9,,,1,30,,25866,9,,,1,70,,25884,9,,,1,30,,25865,9,,,1,70,,25901,9,,,1,30,,25868,9,,,1,70,,25860,9,,,1,30,,25898,9,,,1,70,,25870,9,,,1,30,,25873,9,,,1,70,,25890,9,,,1,30,,25889,9,,,1,70,,25879,9,,,1,30,,25874,9,,,1
11600,'4',642,,25919,9,,,1,70,,25909,9,,,1,30,,25904,9,,,1,70,,25929,9,,,1,30,,25922,9,,,1,70,,25938,9,,,1,30,,25946,9,,,1,70,,25944,9,,,1,30,,25925,9,,,1,70,,25923,9,,,1,30,,25932,9,,,1,70,,25910,9,,,1,30,,25905,9,,,1,70,,25927,9,,,1,30,,25933,9,,,1,70,,25941,9,,,1,30,,25937,9,,,1,70,,25918,9,,,1,30,,25908,9,,,1,70,,25930,9,,,1,30,,25934,9,,,1,70,,25921,9,,,1,30,,25942,9,,,1
11600,'5',642,,25988,9,,,1,70,,25950,9,,,1,30,,25969,9,,,1,70,,25989,9,,,1,30,,25966,9,,,1,70,,25963,9,,,1,30,,25994,9,,,1,70,,25979,9,,,1,30,,25962,9,,,1,70,,25972,9,,,1,30,,25975,9,,,1,70,,25971,9,,,1,30,,25952,9,,,1,70,,25991,9,,,1,30,,25974,9,,,1,70,,25978,9,,,1,30,,25986,9,,,1,70,,25980,9,,,1,30,,25985,9,,,1,70,,25951,9,,,1,30,,25953,9,,,1,70,,25965,9,,,1,30,,25970,9,,,1
11600,'7',642,,26021,9,,,1,70,,26032,9,,,1,30,,26010,9,,,1,70,,26036,9,,,1,30,,26033,9,,,1,70,,26013,9,,,1,30,,26001,9,,,1,70,,26026,9,,,1,30,,26025,9,,,1,70,,26018,9,,,1,30,,26020,9,,,1,70,,26028,9,,,1,30,,26037,9,,,1,70,,26007,9,,,1,30,,26004,9,,,1,70,,26034,9,,,1,30,,26029,9,,,1,70,,26040,9,,,1,30,,26030,9,,,1,70,,25997,9,,,1,30,,26012,9,,,1,70,,26002,9,,,1,30,,26003,9,,,1
11600,'8',642,,26048,9,,,1,70,,26079,9,,,1,30,,26069,9,,,1,70,,26065,9,,,1,30,,26041,9,,,1,70,,26083,9,,,1,30,,26078,9,,,1,70,,26059,9,,,1,30,,26046,9,,,1,70,,26053,9,,,1,30,,26067,9,,,1,70,,26077,9,,,1,30,,26074,9,,,1,70,,26058,9,,,1,30,,26072,9,,,1,70,,26042,9,,,1,30,,26084,9,,,1,70,,26080,9,,,1,30,,26070,9,,,1,70,,26061,9,,,1,30,,26075,9,,,1,70,,26068,9,,,1,30,,26082,9,,,1
11600,'9',642,,26114,9,,,1,70,,26094,9,,,1,30,,26123,9,,,1,70,,26128,9,,,1,30,,26113,9,,,1,70,,26101,9,,,1,30,,26118,9,,,1,70,,26087,9,,,1,30,,26099,9,,,1,70,,26089,9,,,1,30,,26109,9,,,1,70,,26126,9,,,1,30,,26117,9,,,1,70,,26110,9,,,1,30,,26105,9,,,1,70,,26092,9,,,1,30,,26124,9,,,1,70,,26132,9,,,1,30,,26121,9,,,1,70,,26096,9,,,1,30,,26088,9,,,1,70,,26098,9,,,1,30,,26115,9,,,1
21600,'1',1812,,29404,9,,,1,30,,29411,9,,,1,70,,29393,9,,,1,30,,29389,9,,,1,70,,29391,9,,,1,30,,29408,9,,,1,70,,29396,9,,,1,30,,29402,9,,,1,70,,29405,9,,,1,30,,29399,9,,,1,70,,29394,9,,,1,30,,29412,9,,,1
21600,'10',712,,29434,9,,,1,30,,29443,9,,,1,70,,29436,9,,,1,30,,29458,9,,,1,70,,29437,9,,,1,30,,29433,9,,,1,70,,29422,9,,,1,30,,29466,9,,,1,70,,29459,9,,,1,30,,29420,9,,,1,70,,29425,9,,,1,30,,29456,9,,,1,70,,29431,9,,,1,30,,29435,9,,,1,70,,29464,9,,,1,30,,29439,9,,,1,70,,19714,9,,,1,30,,29461,9,,,1,70,,29418,9,,,1,30,,29428,9,,,1,70,,29467,9,,,1,30,,29423,9,,,1,70,,29460,9,,,1,30,,29450,9,,,1,70,,29457,9,,,1,30,,29413,9,,,1,70,,29414,9,,,1,30,,29426,9,,,1,70,,29448,9,,,1
21600,'11',712,,29472,9,,,1,30,,29475,9,,,1,70,,29514,9,,,1,30,,29520,9,,,1,70,,29471,9,,,1,30,,29519,9,,,1,70,,29483,9,,,1,30,,29479,9,,,1,70,,29477,9,,,1,30,,29524,9,,,1,70,,29523,9,,,1,30,,29487,9,,,1,70,,29488,9,,,1,30,,29499,9,,,1,70,,29521,9,,,1,30,,29512,9,,,1,70,,29503,9,,,1,30,,29492,9,,,1,70,,29525,9,,,1,30,,29500,9,,,1,70,,29484,9,,,1,30,,29478,9,,,1,70,,29506,9,,,1,30,,29505,9,,,1,70,,29507,9,,,1,30,,29494,9,,,1,70,,29482,9,,,1,30,,29497,9,,,1,70,,29509,9,,,1
21600,'2',1812,,29540,9,,,1,30,,29544,9,,,1,70,,29537,9,,,1,30,,29528,9,,,1,70,,29535,9,,,1,30,,29534,9,,,1,70,,29538,9,,,1,30,,29545,9,,,1,70,,29531,9,,,1,30,,29533,9,,,1,70,,29547,9,,,1,30,,29541,9,,,1
21600,'3',1812,,29562,9,,,1,30,,29551,9,,,1,70,,29558,9,,,1,30,,29550,9,,,1,70,,29549,9,,,1,30,,29552,9,,,1,70,,29571,9,,,1,30,,29555,9,,,1,70,,29554,9,,,1,30,,29569,9,,,1,70,,29570,9,,,1,30,,29559,9,,,1
21600,'4',1812,,29582,9,,,1,30,,29595,9,,,1,70,,29584,9,,,1,30,,29588,9,,,1,70,,29593,9,,,1,30,,29575,9,,,1,70,,29591,9,,,1,30,,29589,9,,,1,70,,29580,9,,,1,30,,29579,9,,,1,70,,29574,9,,,1,30,,29585,9,,,1
21600,'5',1812,,29601,9,,,1,30,,29604,9,,,1,70,,29606,9,,,1,30,,29619,9,,,1,70,,29603,9,,,1,30,,29600,9,,,1,70,,29612,9,,,1,30,,29609,9,,,1,70,,29614,9,,,1,30,,29598,9,,,1,70,,29608,9,,,1,30,,29618,9,,,1
21600,'6',712,,29671,9,,,1,30,,29667,9,,,1,70,,29653,9,,,1,30,,29664,9,,,1,70,,29638,9,,,1,30,,29639,9,,,1,70,,29673,9,,,1,30,,29658,9,,,1,70,,29629,9,,,1,30,,29676,9,,,1,70,,29632,9,,,1,30,,29637,9,,,1,70,,29654,9,,,1,30,,29670,9,,,1,70,,29636,9,,,1,30,,29622,9,,,1,70,,29623,9,,,1,30,,29661,9,,,1,70,,29621,9,,,1,30,,29652,9,,,1,70,,29647,9,,,1,30,,29657,9,,,1,70,,29642,9,,,1,30,,29668,9,,,1,70,,29665,9,,,1,30,,29627,9,,,1,70,,29659,9,,,1,30,,29672,9,,,1,70,,29646,9,,,1
21600,'7',1812,,29690,9,,,1,30,,29696,9,,,1,70,,29684,9,,,1,30,,29698,9,,,1,70,,29699,9,,,1,30,,29702,9,,,1,70,,29693,9,,,1,30,,29681,9,,,1,70,,29700,9,,,1,30,,29679,9,,,1,70,,29683,9,,,1,30,,29680,9,,,1
21600,'8',1812,,29713,9,,,1,30,,29706,9,,,1,70,,29725,9,,,1,30,,29722,9,,,1,70,,29724,9,,,1,30,,29711,9,,,1,70,,29703,9,,,1,30,,29716,9,,,1,70,,29704,9,,,1,30,,29714,9,,,1,70,,29720,9,,,1,30,,29710,9,,,1
21600,'9',1812,,29741,9,,,1,30,,29747,9,,,1,70,,29730,9,,,1,30,,29729,9,,,1,70,,29732,9,,,1,30,,29738,9,,,1,70,,29737,9,,,1,30,,29739,9,,,1,70,,29731,9,,,1,30,,29734,9,,,1,70,,29745,9,,,1,30,,29735,9,,,1
