11301,'1',652,,24838,12,,,1,100,,24841,12,,,1,100,,18571,12,,,1,100,,24833,12,,,1,100,,24815,12,,,1,100,,24822,12,,,1,100,,24837,12,,,1,100,,17395,12,,,1,100,,24817,12,,,1,100,,24832,12,,,1,100,,24834,12,,,1,100,,24806,12,,,1,100,,24827,12,,,1
11301,'2',652,,24868,12,,,1,100,,24856,12,,,1,100,,24864,12,,,1,100,,24869,12,,,1,100,,14749,12,,,1,100,,24854,12,,,1,100,,24852,12,,,1,100,,24857,12,,,1,100,,24858,12,,,1,100,,24855,12,,,1,100,,24845,12,,,1,100,,24860,12,,,1,100,,24875,12,,,1
11301,'3',652,,24903,12,,,1,100,,24895,12,,,1,100,,24896,12,,,1,100,,24894,12,,,1,100,,24890,12,,,1,100,,24905,12,,,1,100,,24904,12,,,1,100,,24886,12,,,1,100,,24916,12,,,1,100,,24907,12,,,1,100,,24882,12,,,1,100,,24901,12,,,1,100,,24887,12,,,1
11301,'4',652,,24926,12,,,1,100,,24921,12,,,1,100,,24951,12,,,1,100,,24932,12,,,1,100,,24939,12,,,1,100,,24928,12,,,1,100,,24956,12,,,1,100,,24954,12,,,1,100,,24955,12,,,1,100,,24959,12,,,1,100,,24933,12,,,1,100,,24937,12,,,1,100,,24938,12,,,1
11301,'5',652,,24978,12,,,1,100,,24996,12,,,1,100,,24972,12,,,1,100,,24990,12,,,1,100,,24964,12,,,1,100,,24992,12,,,1,100,,24999,12,,,1,100,,24976,12,,,1,100,,24981,12,,,1,100,,24984,12,,,1,100,,24987,12,,,1,100,,24985,12,,,1,100,,24986,12,,,1
11301,'7',652,,25037,12,,,1,100,,25015,12,,,1,100,,25024,12,,,1,100,,25031,12,,,1,100,,25028,12,,,1,100,,25006,12,,,1,100,,25020,12,,,1,100,,25021,12,,,1,100,,25038,12,,,1,100,,25016,12,,,1,100,,25030,12,,,1,100,,25036,12,,,1,100,,25005,12,,,1
11301,'8',652,,25051,12,,,1,100,,25043,12,,,1,100,,25062,12,,,1,100,,25064,12,,,1,100,,25075,12,,,1,100,,25082,12,,,1,100,,25083,12,,,1,100,,25081,12,,,1,100,,25057,12,,,1,100,,25060,12,,,1,100,,25070,12,,,1,100,,25048,12,,,1,100,,25066,12,,,1
11301,'9',652,,25101,12,,,1,100,,25095,12,,,1,100,,25117,12,,,1,100,,25114,12,,,1,100,,25122,12,,,1,100,,25105,12,,,1,100,,25115,12,,,1,100,,25094,12,,,1,100,,25085,12,,,1,100,,25090,12,,,1,100,,25087,12,,,1,100,,25119,12,,,1,100,,25084,12,,,1
21301,'1',1952,,29030,12,,,1,100,,29026,12,,,1,100,,29027,12,,,1,100,,29032,12,,,1
21301,'10',752,,29048,12,,,1,100,,29059,12,,,1,100,,29056,12,,,1,100,,29053,12,,,1,100,,29044,12,,,1,100,,29072,12,,,1,100,,29052,12,,,1,100,,29065,12,,,1,100,,29067,12,,,1,100,,29042,12,,,1,100,,29071,12,,,1,100,,29074,12,,,1,100,,29046,12,,,1
21301,'11',752,,29100,12,,,1,100,,29081,12,,,1,100,,29085,12,,,1,100,,29109,12,,,1,100,,29083,12,,,1,100,,29098,12,,,1,100,,29094,12,,,1,100,,29115,12,,,1,100,,29105,12,,,1,100,,29112,12,,,1,100,,29092,12,,,1,100,,29084,12,,,1,100,,29088,12,,,1
21301,'2',1952,,29119,12,,,1,100,,29117,12,,,1,100,,29120,12,,,1,100,,29122,12,,,1
21301,'3',1952,,29132,12,,,1,100,,29129,12,,,1,100,,29133,12,,,1,100,,29135,12,,,1
21301,'4',1952,,29138,12,,,1,100,,29141,12,,,1,100,,29137,12,,,1,100,,29145,12,,,1
21301,'5',1952,,29158,12,,,1,100,,29157,12,,,1,100,,29155,12,,,1,100,,29150,12,,,1
21301,'6',752,,29177,12,,,1,100,,29162,12,,,1,100,,29195,12,,,1,100,,29178,12,,,1,100,,29161,12,,,1,100,,29171,12,,,1,100,,29159,12,,,1,100,,29185,12,,,1,100,,29180,12,,,1,100,,29167,12,,,1,100,,29189,12,,,1,100,,29176,12,,,1,100,,29182,12,,,1
21301,'7',1952,,29208,12,,,1,100,,29202,12,,,1,100,,29203,12,,,1,100,,29207,12,,,1
21301,'8',1952,,29218,12,,,1,100,,29212,12,,,1,100,,29213,12,,,1,100,,29215,12,,,1
21301,'9',1952,,29231,12,,,1,100,,29230,12,,,1,100,,29222,12,,,1,100,,29224,12,,,1
