11400,'1',633,,25131,7,,,1,100,,25128,7,,,1,100,,25135,7,,,1,100,,25134,7,,,1,100,,25132,7,,,1,100,,25125,7,,,1,100,,25127,7,,,1,100,,25133,7,,,1,100,,25126,7,,,1,100,,25129,7,,,1,100,,25130,7,,,1,100,,17882,7,,,1
11400,'2',633,,25139,7,,,1,100,,25138,7,,,1,100,,25140,7,,,1,100,,25142,7,,,1,100,,18115,7,,,1,100,,25144,7,,,1,100,,25137,7,,,1,100,,25136,7,,,1,100,,25146,7,,,1,100,,25141,7,,,1,100,,25143,7,,,1,100,,25145,7,,,1
11400,'3',633,,25147,7,,,1,100,,25154,7,,,1,100,,25158,7,,,1,100,,25149,7,,,1,100,,25153,7,,,1,100,,25152,7,,,1,100,,25157,7,,,1,100,,25156,7,,,1,100,,25148,7,,,1,100,,25155,7,,,1,100,,25151,7,,,1,100,,25150,7,,,1
11400,'4',633,,25165,7,,,1,100,,25160,7,,,1,100,,25166,7,,,1,100,,25169,7,,,1,100,,25168,7,,,1,100,,25161,7,,,1,100,,25162,7,,,1,100,,25159,7,,,1,100,,25167,7,,,1,100,,25164,7,,,1,100,,25170,7,,,1,100,,25163,7,,,1
11400,'5',633,,25174,7,,,1,100,,25175,7,,,1,100,,25180,7,,,1,100,,25172,7,,,1,100,,25176,7,,,1,100,,25177,7,,,1,100,,25182,7,,,1,100,,25179,7,,,1,100,,25171,7,,,1,100,,25173,7,,,1,100,,25178,7,,,1,100,,25181,7,,,1
11400,'7',633,,25193,7,,,1,100,,25190,7,,,1,100,,25189,7,,,1,100,,25184,7,,,1,100,,25183,7,,,1,100,,25188,7,,,1,100,,25192,7,,,1,100,,25186,7,,,1,100,,25185,7,,,1,100,,25194,7,,,1,100,,25187,7,,,1,100,,25191,7,,,1
11400,'8',633,,25202,7,,,1,100,,25201,7,,,1,100,,25199,7,,,1,100,,25206,7,,,1,100,,25197,7,,,1,100,,25196,7,,,1,100,,25205,7,,,1,100,,25203,7,,,1,100,,25195,7,,,1,100,,25198,7,,,1,100,,25200,7,,,1,100,,25204,7,,,1
11400,'9',633,,25213,7,,,1,100,,25218,7,,,1,100,,25208,7,,,1,100,,25217,7,,,1,100,,25211,7,,,1,100,,25214,7,,,1,100,,25215,7,,,1,100,,25212,7,,,1,100,,25207,7,,,1,100,,25216,7,,,1,100,,25210,7,,,1,100,,25209,7,,,1
21400,'1',1833,,29235,7,,,1,100,,29236,7,,,1,100,,29234,7,,,1,100,,29232,7,,,1,100,,29233,7,,,1
21400,'10',733,,29238,7,,,1,100,,29244,7,,,1,100,,29245,7,,,1,100,,29240,7,,,1,100,,29246,7,,,1,100,,29243,7,,,1,100,,29241,7,,,1,100,,29249,7,,,1,100,,29237,7,,,1,100,,29239,7,,,1,100,,29242,7,,,1,100,,29248,7,,,1,100,,29247,7,,,1
21400,'11',733,,29262,7,,,1,100,,29251,7,,,1,100,,29259,7,,,1,100,,29252,7,,,1,100,,29256,7,,,1,100,,29254,7,,,1,100,,29260,7,,,1,100,,29253,7,,,1,100,,29261,7,,,1,100,,29255,7,,,1,100,,29258,7,,,1,100,,29257,7,,,1,100,,29250,7,,,1
21400,'2',1833,,29263,7,,,1,100,,29264,7,,,1,100,,29266,7,,,1,100,,29267,7,,,1,100,,29265,7,,,1
21400,'3',1833,,29268,7,,,1,100,,29272,7,,,1,100,,29269,7,,,1,100,,29271,7,,,1,100,,29270,7,,,1
21400,'4',1833,,29277,7,,,1,100,,29273,7,,,1,100,,29276,7,,,1,100,,29274,7,,,1,100,,29275,7,,,1
21400,'5',1833,,29280,7,,,1,100,,29282,7,,,1,100,,29278,7,,,1,100,,29279,7,,,1,100,,29281,7,,,1
21400,'6',733,,29294,7,,,1,100,,29288,7,,,1,100,,29292,7,,,1,100,,29287,7,,,1,100,,29295,7,,,1,100,,29283,7,,,1,100,,29293,7,,,1,100,,29289,7,,,1,100,,29285,7,,,1,100,,29291,7,,,1,100,,29284,7,,,1,100,,29286,7,,,1,100,,29290,7,,,1
21400,'7',1833,,29296,7,,,1,100,,29297,7,,,1,100,,29300,7,,,1,100,,29298,7,,,1,100,,29299,7,,,1
21400,'8',1833,,29305,7,,,1,100,,29304,7,,,1,100,,29301,7,,,1,100,,29302,7,,,1,100,,29303,7,,,1
21400,'9',1833,,29308,7,,,1,100,,29309,7,,,1,100,,29310,7,,,1,100,,29307,7,,,1,100,,29306,7,,,1
