11301,'1',649,,24838,7,,,1,100,,24841,7,,,1,100,,18571,7,,,1,100,,24833,7,,,1,100,,24815,7,,,1,100,,24822,7,,,1,100,,24837,7,,,1,100,,17395,7,,,1,100,,24817,7,,,1,100,,24832,7,,,1,100,,24834,7,,,1,100,,24806,7,,,1,100,,24827,7,,,1
11301,'2',649,,24868,7,,,1,100,,24856,7,,,1,100,,24864,7,,,1,100,,24869,7,,,1,100,,14749,7,,,1,100,,24854,7,,,1,100,,24852,7,,,1,100,,24857,7,,,1,100,,24858,7,,,1,100,,24855,7,,,1,100,,24845,7,,,1,100,,24860,7,,,1,100,,24875,7,,,1
11301,'3',649,,24903,7,,,1,100,,24895,7,,,1,100,,24896,7,,,1,100,,24894,7,,,1,100,,24890,7,,,1,100,,24905,7,,,1,100,,24904,7,,,1,100,,24886,7,,,1,100,,24916,7,,,1,100,,24907,7,,,1,100,,24882,7,,,1,100,,24901,7,,,1,100,,24887,7,,,1
11301,'4',649,,24926,7,,,1,100,,24921,7,,,1,100,,24951,7,,,1,100,,24932,7,,,1,100,,24939,7,,,1,100,,24928,7,,,1,100,,24956,7,,,1,100,,24954,7,,,1,100,,24955,7,,,1,100,,24959,7,,,1,100,,24933,7,,,1,100,,24937,7,,,1,100,,24938,7,,,1
11301,'5',649,,24978,7,,,1,100,,24996,7,,,1,100,,24972,7,,,1,100,,24990,7,,,1,100,,24964,7,,,1,100,,24992,7,,,1,100,,24999,7,,,1,100,,24976,7,,,1,100,,24981,7,,,1,100,,24984,7,,,1,100,,24987,7,,,1,100,,24985,7,,,1,100,,24986,7,,,1
11301,'7',649,,25037,7,,,1,100,,25015,7,,,1,100,,25024,7,,,1,100,,25031,7,,,1,100,,25028,7,,,1,100,,25006,7,,,1,100,,25020,7,,,1,100,,25021,7,,,1,100,,25038,7,,,1,100,,25016,7,,,1,100,,25030,7,,,1,100,,25036,7,,,1,100,,25005,7,,,1
11301,'8',649,,25051,7,,,1,100,,25043,7,,,1,100,,25062,7,,,1,100,,25064,7,,,1,100,,25075,7,,,1,100,,25082,7,,,1,100,,25083,7,,,1,100,,25081,7,,,1,100,,25057,7,,,1,100,,25060,7,,,1,100,,25070,7,,,1,100,,25048,7,,,1,100,,25066,7,,,1
11301,'9',649,,25101,7,,,1,100,,25095,7,,,1,100,,25117,7,,,1,100,,25114,7,,,1,100,,25122,7,,,1,100,,25105,7,,,1,100,,25115,7,,,1,100,,25094,7,,,1,100,,25085,7,,,1,100,,25090,7,,,1,100,,25087,7,,,1,100,,25119,7,,,1,100,,25084,7,,,1
21301,'1',1949,,29030,7,,,1,100,,29026,7,,,1,100,,29027,7,,,1,100,,29032,7,,,1
21301,'10',749,,29048,7,,,1,100,,29059,7,,,1,100,,29056,7,,,1,100,,29053,7,,,1,100,,29044,7,,,1,100,,29072,7,,,1,100,,29052,7,,,1,100,,29065,7,,,1,100,,29067,7,,,1,100,,29042,7,,,1,100,,29071,7,,,1,100,,29074,7,,,1,100,,29046,7,,,1
21301,'11',749,,29100,7,,,1,100,,29081,7,,,1,100,,29085,7,,,1,100,,29109,7,,,1,100,,29083,7,,,1,100,,29098,7,,,1,100,,29094,7,,,1,100,,29115,7,,,1,100,,29105,7,,,1,100,,29112,7,,,1,100,,29092,7,,,1,100,,29084,7,,,1,100,,29088,7,,,1
21301,'2',1949,,29119,7,,,1,100,,29117,7,,,1,100,,29120,7,,,1,100,,29122,7,,,1
21301,'3',1949,,29132,7,,,1,100,,29129,7,,,1,100,,29133,7,,,1,100,,29135,7,,,1
21301,'4',1949,,29138,7,,,1,100,,29141,7,,,1,100,,29137,7,,,1,100,,29145,7,,,1
21301,'5',1949,,29158,7,,,1,100,,29157,7,,,1,100,,29155,7,,,1,100,,29150,7,,,1
21301,'6',749,,29177,7,,,1,100,,29162,7,,,1,100,,29195,7,,,1,100,,29178,7,,,1,100,,29161,7,,,1,100,,29171,7,,,1,100,,29159,7,,,1,100,,29185,7,,,1,100,,29180,7,,,1,100,,29167,7,,,1,100,,29189,7,,,1,100,,29176,7,,,1,100,,29182,7,,,1
21301,'7',1949,,29208,7,,,1,100,,29202,7,,,1,100,,29203,7,,,1,100,,29207,7,,,1
21301,'8',1949,,29218,7,,,1,100,,29212,7,,,1,100,,29213,7,,,1,100,,29215,7,,,1
21301,'9',1949,,29231,7,,,1,100,,29230,7,,,1,100,,29222,7,,,1,100,,29224,7,,,1
