10101,'1',633,,19889,2,,,1,70,,19898,2,,,1,30,,19892,2,,,1,70,,19890,2,,,1,30,,19901,2,,,1,70,,19887,2,,,1,30,,19897,2,,,1,100,,19900,2,,,1,100,,19886,2,,,1,100,,19903,2,,,1,100,,19896,2,,,1,101,,19902,2,,,1,70,,19888,2,,,1,30,,19899,2,,,1,70,,19894,2,,,1,30,,19891,2,,,1,70,,19893,2,,,1,30,,19895,2,,,1
10101,'2',633,,19909,2,,,1,70,,19915,2,,,1,30,,19912,2,,,1,70,,19919,2,,,1,30,,19907,2,,,1,70,,19911,2,,,1,30,,19913,2,,,1,100,,19908,2,,,1,100,,19904,2,,,1,100,,19920,2,,,1,100,,19906,2,,,1,101,,19917,2,,,1,70,,19910,2,,,1,30,,19914,2,,,1,70,,18685,2,,,1,30,,19916,2,,,1,70,,19905,2,,,1,30,,19918,2,,,1
10101,'3',633,,19933,2,,,1,70,,19937,2,,,1,30,,19930,2,,,1,70,,19923,2,,,1,30,,19931,2,,,1,70,,19927,2,,,1,30,,19921,2,,,1,100,,19935,2,,,1,100,,19928,2,,,1,100,,19932,2,,,1,100,,19926,2,,,1,101,,19934,2,,,1,70,,19925,2,,,1,30,,19936,2,,,1,70,,19938,2,,,1,30,,19922,2,,,1,70,,19929,2,,,1,30,,19924,2,,,1
10101,'4',633,,19945,2,,,1,70,,19949,2,,,1,30,,19943,2,,,1,70,,19942,2,,,1,30,,19948,2,,,1,70,,19939,2,,,1,30,,19950,2,,,1,100,,19941,2,,,1,100,,19954,2,,,1,100,,19955,2,,,1,100,,19940,2,,,1,101,,19947,2,,,1,70,,19944,2,,,1,30,,19952,2,,,1,70,,19956,2,,,1,30,,19946,2,,,1,70,,19951,2,,,1,30,,19953,2,,,1
10101,'5',633,,19963,2,,,1,70,,19959,2,,,1,30,,19961,2,,,1,70,,19965,2,,,1,30,,19962,2,,,1,70,,19967,2,,,1,30,,19968,2,,,1,100,,19964,2,,,1,100,,19957,2,,,1,100,,19958,2,,,1,100,,19969,2,,,1,101,,19974,2,,,1,70,,19972,2,,,1,30,,19970,2,,,1,70,,19960,2,,,1,30,,19973,2,,,1,70,,19966,2,,,1,30,,19971,2,,,1
10101,'7',633,,19992,2,,,1,70,,19982,2,,,1,30,,19978,2,,,1,70,,19988,2,,,1,30,,19984,2,,,1,70,,19990,2,,,1,30,,19989,2,,,1,100,,19983,2,,,1,100,,19980,2,,,1,100,,19975,2,,,1,100,,19977,2,,,1,101,,19985,2,,,1,70,,19986,2,,,1,30,,19987,2,,,1,70,,19991,2,,,1,30,,19976,2,,,1,70,,19979,2,,,1,30,,19981,2,,,1
10101,'8',633,,20005,2,,,1,70,,19995,2,,,1,30,,20002,2,,,1,70,,20001,2,,,1,30,,20003,2,,,1,70,,20008,2,,,1,30,,19994,2,,,1,100,,19997,2,,,1,100,,20006,2,,,1,100,,19993,2,,,1,100,,19996,2,,,1,101,,19998,2,,,1,70,,20010,2,,,1,30,,20004,2,,,1,70,,20007,2,,,1,30,,19999,2,,,1,70,,20009,2,,,1,30,,20000,2,,,1
10101,'9',633,,20018,2,,,1,70,,20015,2,,,1,30,,20013,2,,,1,70,,20011,2,,,1,30,,20027,2,,,1,70,,20028,2,,,1,30,,20022,2,,,1,100,,20025,2,,,1,100,,20021,2,,,1,100,,20023,2,,,1,100,,20014,2,,,1,101,,20020,2,,,1,70,,20019,2,,,1,30,,20016,2,,,1,70,,20026,2,,,1,30,,20012,2,,,1,70,,20024,2,,,1,30,,20017,2,,,1
10301,'1',603,,20467,2,,,1,100,,20476,2,,,1,30,,20474,2,,,1,70,,20481,2,,,1,30,,20479,2,,,1,70,,20483,2,,,1,30,,20471,2,,,1,70,,20478,2,,,1,100,,20473,2,,,1,100,,20469,2,,,1,100,,20480,2,,,1,100,,20470,2,,,1,100,,20485,2,,,1,30,,17632,2,,,1,70,,20477,2,,,1,30,,20475,2,,,1,70,,20484,2,,,1,30,,20472,2,,,1,70,,20482,2,,,1,30,,20468,2,,,1
10301,'2',603,,20487,2,,,1,100,,20493,2,,,1,30,,20491,2,,,1,70,,20488,2,,,1,30,,20486,2,,,1,70,,20498,2,,,1,30,,20503,2,,,1,70,,20495,2,,,1,100,,20504,2,,,1,100,,20499,2,,,1,100,,20494,2,,,1,100,,20490,2,,,1,100,,20505,2,,,1,30,,20489,2,,,1,70,,20497,2,,,1,30,,20496,2,,,1,70,,20500,2,,,1,30,,20492,2,,,1,70,,20501,2,,,1,30,,20502,2,,,1
10301,'3',603,,20511,2,,,1,100,,20521,2,,,1,30,,20509,2,,,1,70,,20515,2,,,1,30,,20512,2,,,1,70,,20507,2,,,1,30,,20506,2,,,1,70,,20518,2,,,1,100,,20508,2,,,1,100,,20522,2,,,1,100,,20516,2,,,1,100,,20523,2,,,1,100,,20513,2,,,1,30,,20510,2,,,1,70,,20524,2,,,1,30,,20517,2,,,1,70,,20520,2,,,1,30,,20514,2,,,1,70,,20519,2,,,1,30,,20525,2,,,1
10301,'4',603,,20534,2,,,1,100,,20531,2,,,1,30,,20529,2,,,1,70,,20533,2,,,1,30,,20537,2,,,1,70,,20532,2,,,1,30,,20538,2,,,1,70,,20527,2,,,1,100,,20535,2,,,1,100,,20528,2,,,1,100,,20543,2,,,1,100,,20540,2,,,1,100,,20530,2,,,1,30,,20542,2,,,1,70,,20536,2,,,1,30,,20539,2,,,1,70,,20544,2,,,1,30,,20545,2,,,1,70,,20541,2,,,1,30,,20526,2,,,1
10301,'5',603,,20562,2,,,1,100,,20547,2,,,1,30,,20550,2,,,1,70,,20558,2,,,1,30,,20549,2,,,1,70,,20560,2,,,1,30,,20565,2,,,1,70,,20564,2,,,1,100,,20554,2,,,1,100,,20548,2,,,1,100,,20546,2,,,1,100,,20561,2,,,1,100,,20559,2,,,1,30,,20556,2,,,1,70,,20555,2,,,1,30,,20551,2,,,1,70,,20563,2,,,1,30,,20557,2,,,1,70,,20553,2,,,1,30,,20552,2,,,1
10301,'7',603,,20583,2,,,1,100,,20579,2,,,1,30,,20568,2,,,1,70,,20570,2,,,1,30,,20574,2,,,1,70,,20580,2,,,1,30,,20566,2,,,1,70,,20576,2,,,1,100,,20585,2,,,1,100,,20573,2,,,1,100,,20571,2,,,1,100,,20575,2,,,1,100,,20578,2,,,1,30,,20567,2,,,1,70,,20577,2,,,1,30,,20584,2,,,1,70,,20582,2,,,1,30,,20581,2,,,1,70,,20569,2,,,1,30,,20572,2,,,1
10301,'8',603,,20594,2,,,1,100,,20588,2,,,1,30,,20596,2,,,1,70,,20602,2,,,1,30,,20598,2,,,1,70,,20600,2,,,1,30,,20592,2,,,1,70,,20593,2,,,1,100,,20595,2,,,1,100,,20591,2,,,1,100,,20586,2,,,1,100,,20590,2,,,1,100,,20605,2,,,1,30,,20597,2,,,1,70,,20603,2,,,1,30,,20601,2,,,1,70,,20604,2,,,1,30,,20599,2,,,1,70,,20587,2,,,1,30,,20589,2,,,1
10301,'9',603,,20611,2,,,1,100,,20607,2,,,1,30,,20610,2,,,1,70,,20612,2,,,1,30,,20614,2,,,1,70,,20625,2,,,1,30,,20618,2,,,1,70,,20623,2,,,1,100,,20609,2,,,1,100,,20622,2,,,1,100,,20621,2,,,1,100,,20615,2,,,1,100,,20613,2,,,1,30,,20620,2,,,1,70,,20617,2,,,1,30,,20619,2,,,1,70,,20608,2,,,1,30,,20616,2,,,1,70,,20624,2,,,1,30,,20606,2,,,1
11101,'1',616,,24046,2,,,1,30,,24048,2,,,1,70,,24058,2,,,1,30,,24040,2,,,1,70,,24052,2,,,1,30,,24047,2,,,1,70,,24049,2,,,1,30,,24057,2,,,1,70,,24055,2,,,1,30,,24034,2,,,1,70,,24043,2,,,1,30,,24050,2,,,1,70,,24051,2,,,1,30,,24041,2,,,1,70,,24036,2,,,1,30,,24037,2,,,1,70,,24056,2,,,1,30,,24045,2,,,1,70,,24042,2,,,1,30,,24035,2,,,1,70,,24044,2,,,1,30,,24054,2,,,1,70,,24053,2,,,1,30,,24038,2,,,1,70,,24039,2,,,1
11101,'2',616,,24081,2,,,1,30,,24070,2,,,1,70,,24083,2,,,1,30,,24073,2,,,1,70,,24076,2,,,1,30,,24079,2,,,1,70,,24066,2,,,1,30,,24063,2,,,1,70,,24082,2,,,1,30,,24059,2,,,1,70,,24064,2,,,1,30,,24069,2,,,1,70,,24071,2,,,1,30,,24067,2,,,1,70,,24061,2,,,1,30,,24060,2,,,1,70,,24072,2,,,1,30,,24077,2,,,1,70,,24080,2,,,1,30,,24065,2,,,1,70,,24062,2,,,1,30,,24074,2,,,1,70,,24075,2,,,1,30,,24078,2,,,1,70,,24068,2,,,1
11101,'3',616,,24108,2,,,1,30,,24096,2,,,1,70,,24094,2,,,1,30,,24095,2,,,1,70,,24087,2,,,1,30,,24091,2,,,1,70,,24106,2,,,1,30,,24100,2,,,1,70,,24102,2,,,1,30,,24105,2,,,1,70,,24099,2,,,1,30,,24088,2,,,1,70,,24098,2,,,1,30,,24092,2,,,1,70,,24089,2,,,1,30,,24097,2,,,1,70,,24104,2,,,1,30,,24103,2,,,1,70,,24101,2,,,1,30,,24093,2,,,1,70,,24085,2,,,1,30,,24107,2,,,1,70,,24084,2,,,1,30,,24086,2,,,1,70,,24090,2,,,1
11101,'4',616,,24111,2,,,1,30,,24122,2,,,1,70,,24132,2,,,1,30,,24116,2,,,1,70,,24123,2,,,1,30,,24128,2,,,1,70,,24119,2,,,1,30,,24125,2,,,1,70,,24133,2,,,1,30,,24127,2,,,1,70,,24113,2,,,1,30,,24121,2,,,1,70,,24124,2,,,1,30,,24130,2,,,1,70,,24129,2,,,1,30,,24114,2,,,1,70,,24118,2,,,1,30,,24112,2,,,1,70,,24115,2,,,1,30,,24126,2,,,1,70,,24109,2,,,1,30,,24120,2,,,1,70,,24110,2,,,1,30,,24117,2,,,1,70,,24131,2,,,1
11101,'5',616,,24134,2,,,1,30,,24140,2,,,1,70,,24141,2,,,1,30,,24137,2,,,1,70,,24155,2,,,1,30,,24142,2,,,1,70,,24138,2,,,1,30,,24154,2,,,1,70,,24151,2,,,1,30,,24156,2,,,1,70,,24149,2,,,1,30,,24143,2,,,1,70,,24146,2,,,1,30,,24158,2,,,1,70,,24153,2,,,1,30,,24145,2,,,1,70,,24147,2,,,1,30,,24135,2,,,1,70,,24148,2,,,1,30,,24136,2,,,1,70,,24139,2,,,1,30,,24152,2,,,1,70,,24157,2,,,1,30,,24150,2,,,1,70,,24144,2,,,1
11101,'7',616,,24182,2,,,1,30,,24176,2,,,1,70,,24161,2,,,1,30,,24171,2,,,1,70,,24165,2,,,1,30,,24180,2,,,1,70,,24172,2,,,1,30,,24175,2,,,1,70,,24179,2,,,1,30,,24160,2,,,1,70,,24181,2,,,1,30,,24164,2,,,1,70,,24173,2,,,1,30,,24170,2,,,1,70,,24178,2,,,1,30,,24177,2,,,1,70,,24166,2,,,1,30,,24163,2,,,1,70,,24174,2,,,1,30,,24162,2,,,1,70,,24159,2,,,1,30,,24169,2,,,1,70,,24168,2,,,1,30,,24167,2,,,1,70,,24183,2,,,1
11101,'8',616,,24203,2,,,1,30,,24197,2,,,1,70,,24185,2,,,1,30,,24201,2,,,1,70,,24190,2,,,1,30,,24188,2,,,1,70,,24192,2,,,1,30,,24198,2,,,1,70,,24202,2,,,1,30,,24193,2,,,1,70,,24184,2,,,1,30,,24196,2,,,1,70,,24208,2,,,1,30,,24207,2,,,1,70,,24205,2,,,1,30,,24206,2,,,1,70,,24187,2,,,1,30,,24200,2,,,1,70,,24194,2,,,1,30,,24186,2,,,1,70,,24195,2,,,1,30,,24204,2,,,1,70,,24191,2,,,1,30,,24189,2,,,1,70,,24199,2,,,1
11101,'9',616,,24209,2,,,1,30,,24223,2,,,1,70,,24225,2,,,1,30,,24224,2,,,1,70,,24230,2,,,1,30,,24210,2,,,1,70,,24212,2,,,1,30,,24218,2,,,1,70,,24215,2,,,1,30,,24221,2,,,1,70,,24231,2,,,1,30,,24227,2,,,1,70,,24226,2,,,1,30,,24211,2,,,1,70,,24220,2,,,1,30,,24216,2,,,1,70,,24219,2,,,1,30,,24213,2,,,1,70,,24222,2,,,1,30,,24217,2,,,1,70,,24233,2,,,1,30,,24228,2,,,1,70,,24232,2,,,1,30,,24229,2,,,1,70,,24214,2,,,1
11200,'1',646,,24244,2,,,1,100,,24237,2,,,1,100,,24236,2,,,1,100,,24235,2,,,1,100,,24238,2,,,1,100,,24239,2,,,1,100,,24243,2,,,1,100,,24234,2,,,1,100,,24240,2,,,1,100,,24242,2,,,1,100,,24241,2,,,1
11200,'2',646,,24254,2,,,1,100,,24252,2,,,1,100,,24245,2,,,1,100,,24248,2,,,1,100,,24250,2,,,1,100,,24255,2,,,1,100,,24253,2,,,1,100,,24247,2,,,1,100,,24249,2,,,1,100,,24251,2,,,1,100,,24246,2,,,1
11200,'3',646,,24258,2,,,1,100,,24266,2,,,1,100,,24264,2,,,1,100,,24260,2,,,1,100,,24259,2,,,1,100,,24257,2,,,1,100,,24265,2,,,1,100,,24261,2,,,1,100,,24262,2,,,1,100,,24256,2,,,1,100,,24263,2,,,1
11200,'4',646,,24274,2,,,1,100,,24272,2,,,1,100,,24273,2,,,1,100,,24275,2,,,1,100,,24277,2,,,1,100,,24267,2,,,1,100,,24276,2,,,1,100,,24268,2,,,1,100,,24270,2,,,1,100,,24271,2,,,1,100,,24269,2,,,1
11200,'5',646,,24281,2,,,1,100,,24282,2,,,1,100,,24287,2,,,1,100,,24278,2,,,1,100,,24279,2,,,1,100,,24280,2,,,1,100,,24286,2,,,1,100,,24288,2,,,1,100,,24284,2,,,1,100,,24285,2,,,1,100,,24283,2,,,1
11200,'7',646,,24290,2,,,1,100,,24294,2,,,1,100,,24295,2,,,1,100,,24296,2,,,1,100,,24291,2,,,1,100,,24299,2,,,1,100,,24293,2,,,1,100,,24297,2,,,1,100,,24289,2,,,1,100,,24298,2,,,1,100,,24292,2,,,1
11200,'8',646,,24308,2,,,1,100,,24301,2,,,1,100,,24304,2,,,1,100,,24307,2,,,1,100,,24305,2,,,1,100,,24310,2,,,1,100,,24300,2,,,1,100,,24302,2,,,1,100,,24303,2,,,1,100,,24306,2,,,1,100,,24309,2,,,1
11200,'9',646,,24320,2,,,1,100,,24311,2,,,1,100,,24315,2,,,1,100,,24319,2,,,1,100,,24317,2,,,1,100,,24316,2,,,1,100,,24312,2,,,1,100,,24314,2,,,1,100,,24321,2,,,1,100,,24318,2,,,1,100,,24313,2,,,1
20301,'1',1903,,26667,2,0,9 3 10,1,30,,26666,2,0,9 3 10,1,70,,26669,2,0,9 3 10,1,30,,26671,2,0,9 3 10,1,70,,26674,2,0,9 3 10,1,30,,26670,2,0,9 3 10,1,70,,26665,2,0,9 3 10,1,30,,26668,2,0,9 3 10,1,70,,26672,2,0,9 3 10,1,30,,26664,2,0,9 3 10,1
20301,'10',701,,26695,2,0,9 3 10,1,30,,26689,2,0,9 3 10,1,70,,26690,2,0,9 3 10,1,30,,26684,2,0,9 3 10,1,70,,26677,2,0,9 3 10,1,30,,26694,2,0,9 3 10,1,70,,26682,2,0,9 3 10,1,30,,26693,2,0,9 3 10,1,70,,26699,2,0,9 3 10,1,30,,26676,2,0,9 3 10,1,70,,26675,2,0,9 3 10,1,30,,26683,2,0,9 3 10,1,70,,26680,2,0,9 3 10,1,30,,26691,2,0,9 3 10,1,70,,26700,2,0,9 3 10,1,30,,26696,2,0,9 3 10,1,70,,26678,2,0,9 3 10,1,30,,26685,2,0,9 3 10,1,70,,26701,2,0,9 3 10,1,30,,26686,2,0,9 3 10,1,70,,26698,2,0,9 3 10,1,30,,26687,2,0,9 3 10,1,70,,26692,2,0,9 3 10,1,30,,26688,2,0,9 3 10,1,70,,26702,2,0,9 3 10,1,30,,26679,2,0,9 3 10,1,70,,26681,2,0,9 3 10,1,30,,26697,2,0,9 3 10,1
20301,'11',701,,26730,2,0,9 3 10,1,30,,26718,2,0,9 3 10,1,70,,26711,2,0,9 3 10,1,30,,26722,2,0,9 3 10,1,70,,26714,2,0,9 3 10,1,30,,26725,2,0,9 3 10,1,70,,26706,2,0,9 3 10,1,30,,26709,2,0,9 3 10,1,70,,26705,2,0,9 3 10,1,30,,26726,2,0,9 3 10,1,70,,26719,2,0,9 3 10,1,30,,26703,2,0,9 3 10,1,70,,26704,2,0,9 3 10,1,30,,26729,2,0,9 3 10,1,70,,26717,2,0,9 3 10,1,30,,26710,2,0,9 3 10,1,70,,26708,2,0,9 3 10,1,30,,26724,2,0,9 3 10,1,70,,26715,2,0,9 3 10,1,30,,26721,2,0,9 3 10,1,70,,26728,2,0,9 3 10,1,30,,26707,2,0,9 3 10,1,70,,26723,2,0,9 3 10,1,30,,26720,2,0,9 3 10,1,70,,26716,2,0,9 3 10,1,30,,26727,2,0,9 3 10,1,70,,26713,2,0,9 3 10,1,30,,26712,2,0,9 3 10,1
20301,'2',1903,,26740,2,0,9 3 10,1,30,,26735,2,0,9 3 10,1,70,,26732,2,0,9 3 10,1,30,,26734,2,0,9 3 10,1,70,,26739,2,0,9 3 10,1,30,,26731,2,0,9 3 10,1,70,,26741,2,0,9 3 10,1,30,,26733,2,0,9 3 10,1,70,,26738,2,0,9 3 10,1,30,,26737,2,0,9 3 10,1
20301,'3',1903,,26752,2,0,9 3 10,1,30,,26748,2,0,9 3 10,1,70,,26750,2,0,9 3 10,1,30,,26745,2,0,9 3 10,1,70,,26746,2,0,9 3 10,1,30,,26749,2,0,9 3 10,1,70,,26744,2,0,9 3 10,1,30,,26743,2,0,9 3 10,1,70,,26751,2,0,9 3 10,1,30,,26742,2,0,9 3 10,1
20301,'4',1903,,26753,2,0,9 3 10,1,30,,26762,2,0,9 3 10,1,70,,26759,2,0,9 3 10,1,30,,26760,2,0,9 3 10,1,70,,26761,2,0,9 3 10,1,30,,26754,2,0,9 3 10,1,70,,26757,2,0,9 3 10,1,30,,26763,2,0,9 3 10,1,70,,26756,2,0,9 3 10,1,30,,26758,2,0,9 3 10,1
20301,'5',1903,,26770,2,0,9 3 10,1,30,,26766,2,0,9 3 10,1,70,,26772,2,0,9 3 10,1,30,,26773,2,0,9 3 10,1,70,,26765,2,0,9 3 10,1,30,,26767,2,0,9 3 10,1,70,,26774,2,0,9 3 10,1,30,,26771,2,0,9 3 10,1,70,,26769,2,0,9 3 10,1,30,,26768,2,0,9 3 10,1
20301,'6',701,,26786,2,0,9 3 10,1,30,,26798,2,0,9 3 10,1,70,,26794,2,0,9 3 10,1,30,,26801,2,0,9 3 10,1,70,,26785,2,0,9 3 10,1,30,,26782,2,0,9 3 10,1,70,,26797,2,0,9 3 10,1,30,,26775,2,0,9 3 10,1,70,,26781,2,0,9 3 10,1,30,,26788,2,0,9 3 10,1,70,,26796,2,0,9 3 10,1,30,,26790,2,0,9 3 10,1,70,,26778,2,0,9 3 10,1,30,,26799,2,0,9 3 10,1,70,,26791,2,0,9 3 10,1,30,,26776,2,0,9 3 10,1,70,,26783,2,0,9 3 10,1,30,,26777,2,0,9 3 10,1,70,,26793,2,0,9 3 10,1,30,,26802,2,0,9 3 10,1,70,,26784,2,0,9 3 10,1,30,,26787,2,0,9 3 10,1,70,,26779,2,0,9 3 10,1,30,,26800,2,0,9 3 10,1,70,,26780,2,0,9 3 10,1,30,,26792,2,0,9 3 10,1,70,,26795,2,0,9 3 10,1,30,,26789,2,0,9 3 10,1
20301,'7',1903,,26808,2,0,9 3 10,1,30,,26809,2,0,9 3 10,1,70,,26803,2,0,9 3 10,1,30,,26810,2,0,9 3 10,1,70,,26805,2,0,9 3 10,1,30,,26804,2,0,9 3 10,1,70,,26811,2,0,9 3 10,1,30,,26806,2,0,9 3 10,1,70,,26812,2,0,9 3 10,1,30,,26807,2,0,9 3 10,1
20301,'8',1903,,26816,2,0,9 3 10,1,30,,26821,2,0,9 3 10,1,70,,26815,2,0,9 3 10,1,30,,26817,2,0,9 3 10,1,70,,26820,2,0,9 3 10,1,30,,26824,2,0,9 3 10,1,70,,26823,2,0,9 3 10,1,30,,26819,2,0,9 3 10,1,70,,26814,2,0,9 3 10,1,30,,26818,2,0,9 3 10,1
20301,'9',1903,,26825,2,0,9 3 10,1,30,,26828,2,0,9 3 10,1,70,,26834,2,0,9 3 10,1,30,,26831,2,0,9 3 10,1,70,,26832,2,0,9 3 10,1,30,,26835,2,0,9 3 10,1,70,,26830,2,0,9 3 10,1,30,,26829,2,0,9 3 10,1,70,,26827,2,0,9 3 10,1,30,,26833,2,0,9 3 10,1
21101,'1',1846,,28806,2,,,1,70,,28803,2,,,1,30,,28805,2,,,1,70,,28804,2,,,1,30,,28808,2,,,1,70,,28802,2,,,1,30,,28801,2,,,1,70,,28809,2,,,1,30,,28807,2,,,1
21101,'10',716,,28819,2,,,1,30,,28825,2,,,1,70,,28829,2,,,1,30,,28828,2,,,1,70,,28826,2,,,1,30,,28817,2,,,1,70,,28836,2,,,1,30,,28813,2,,,1,70,,28822,2,,,1,30,,28823,2,,,1,70,,28827,2,,,1,30,,28833,2,,,1,70,,28811,2,,,1,30,,28815,2,,,1,70,,28824,2,,,1,30,,28835,2,,,1,70,,28816,2,,,1,30,,28810,2,,,1,70,,28812,2,,,1,30,,28814,2,,,1,70,,28832,2,,,1,30,,28821,2,,,1,70,,28831,2,,,1,30,,28818,2,,,1,70,,28830,2,,,1,30,,28834,2,,,1,70,,28820,2,,,1
21101,'11',716,,28853,2,,,1,30,,28854,2,,,1,70,,28845,2,,,1,30,,28838,2,,,1,70,,28837,2,,,1,30,,28861,2,,,1,70,,28841,2,,,1,30,,28843,2,,,1,70,,28860,2,,,1,30,,28863,2,,,1,70,,28840,2,,,1,30,,28852,2,,,1,70,,28848,2,,,1,30,,28839,2,,,1,70,,28858,2,,,1,30,,28857,2,,,1,70,,28850,2,,,1,30,,28846,2,,,1,70,,28851,2,,,1,30,,28842,2,,,1,70,,28859,2,,,1,30,,28856,2,,,1,70,,28844,2,,,1,30,,28855,2,,,1,70,,28862,2,,,1,30,,28847,2,,,1,70,,28849,2,,,1
21101,'2',1846,,28870,2,,,1,70,,28866,2,,,1,30,,28868,2,,,1,70,,28871,2,,,1,30,,28864,2,,,1,70,,28865,2,,,1,30,,28867,2,,,1,70,,28869,2,,,1,30,,28872,2,,,1
21101,'3',1846,,28880,2,,,1,70,,28873,2,,,1,30,,28881,2,,,1,70,,28877,2,,,1,30,,28878,2,,,1,70,,28874,2,,,1,30,,28875,2,,,1,70,,28876,2,,,1,30,,28879,2,,,1
21101,'4',1846,,28885,2,,,1,70,,28886,2,,,1,30,,28884,2,,,1,70,,28887,2,,,1,30,,28883,2,,,1,70,,28882,2,,,1,30,,28888,2,,,1,70,,28889,2,,,1,30,,28890,2,,,1
21101,'5',1846,,28893,2,,,1,70,,28891,2,,,1,30,,28894,2,,,1,70,,28896,2,,,1,30,,28892,2,,,1,70,,28899,2,,,1,30,,28895,2,,,1,70,,28898,2,,,1,30,,28897,2,,,1
21101,'6',716,,28919,2,,,1,30,,28913,2,,,1,70,,28903,2,,,1,30,,28909,2,,,1,70,,28900,2,,,1,30,,28905,2,,,1,70,,28926,2,,,1,30,,28904,2,,,1,70,,28901,2,,,1,30,,28915,2,,,1,70,,28923,2,,,1,30,,28916,2,,,1,70,,28920,2,,,1,30,,28924,2,,,1,70,,28911,2,,,1,30,,28918,2,,,1,70,,28907,2,,,1,30,,28921,2,,,1,70,,28914,2,,,1,30,,28902,2,,,1,70,,28925,2,,,1,30,,28922,2,,,1,70,,28910,2,,,1,30,,28917,2,,,1,70,,28908,2,,,1,30,,28912,2,,,1,70,,28906,2,,,1
21101,'7',1846,,28933,2,,,1,70,,28934,2,,,1,30,,28930,2,,,1,70,,28928,2,,,1,30,,28932,2,,,1,70,,28935,2,,,1,30,,28931,2,,,1,70,,28929,2,,,1,30,,28927,2,,,1
21101,'8',1846,,28940,2,,,1,70,,28937,2,,,1,30,,28941,2,,,1,70,,28943,2,,,1,30,,28939,2,,,1,70,,28938,2,,,1,30,,28944,2,,,1,70,,28936,2,,,1,30,,28942,2,,,1
21101,'9',1846,,28946,2,,,1,70,,28953,2,,,1,30,,28952,2,,,1,70,,28950,2,,,1,30,,28948,2,,,1,70,,28947,2,,,1,30,,28951,2,,,1,70,,28949,2,,,1,30,,28945,2,,,1
