11401,'1',650,,25223,27,,,1,100,,25228,27,,,1,100,,25220,27,,,1,100,,25219,27,,,1,100,,25230,27,,,1,100,,25227,27,,,1,100,,25226,27,,,1,100,,25225,27,,,1,100,,25229,27,,,1,100,,25222,27,,,1,100,,25224,27,,,1,100,,25221,27,,,1
11401,'2',650,,25242,27,,,1,100,,25234,27,,,1,100,,25240,27,,,1,100,,25232,27,,,1,100,,25238,27,,,1,100,,25239,27,,,1,100,,25233,27,,,1,100,,25236,27,,,1,100,,25231,27,,,1,100,,25235,27,,,1,100,,25237,27,,,1,100,,25241,27,,,1
11401,'3',650,,25245,27,,,1,100,,25247,27,,,1,100,,25243,27,,,1,100,,25248,27,,,1,100,,25251,27,,,1,100,,25254,27,,,1,100,,25250,27,,,1,100,,25252,27,,,1,100,,25253,27,,,1,100,,25244,27,,,1,100,,25246,27,,,1,100,,25249,27,,,1
11401,'4',650,,25256,27,,,1,100,,25257,27,,,1,100,,25261,27,,,1,100,,25258,27,,,1,100,,25255,27,,,1,100,,25263,27,,,1,100,,25264,27,,,1,100,,25262,27,,,1,100,,25260,27,,,1,100,,25265,27,,,1,100,,25259,27,,,1,100,,25266,27,,,1
11401,'5',650,,25270,27,,,1,100,,25273,27,,,1,100,,25271,27,,,1,100,,25275,27,,,1,100,,25277,27,,,1,100,,25272,27,,,1,100,,25274,27,,,1,100,,25268,27,,,1,100,,25278,27,,,1,100,,25267,27,,,1,100,,25276,27,,,1,100,,25269,27,,,1
11401,'7',650,,25280,27,,,1,100,,25283,27,,,1,100,,25286,27,,,1,100,,25290,27,,,1,100,,25289,27,,,1,100,,25287,27,,,1,100,,25282,27,,,1,100,,25285,27,,,1,100,,25281,27,,,1,100,,25279,27,,,1,100,,25288,27,,,1,100,,25284,27,,,1
11401,'8',650,,25299,27,,,1,100,,25298,27,,,1,100,,25301,27,,,1,100,,25292,27,,,1,100,,25295,27,,,1,100,,25294,27,,,1,100,,25302,27,,,1,100,,25300,27,,,1,100,,25291,27,,,1,100,,25296,27,,,1,100,,25297,27,,,1,100,,25293,27,,,1
11401,'9',650,,25312,27,,,1,100,,25308,27,,,1,100,,25305,27,,,1,100,,25314,27,,,1,100,,25310,27,,,1,100,,25307,27,,,1,100,,25304,27,,,1,100,,25306,27,,,1,100,,25309,27,,,1,100,,25311,27,,,1,100,,25303,27,,,1,100,,25313,27,,,1
21401,'1',1850,,29314,33,,,1,100,,29315,33,,,1,100,,29313,33,,,1,100,,29312,33,,,1,100,,29311,33,,,1
21401,'10',750,,29324,33,,,1,100,,29323,33,,,1,100,,29327,33,,,1,100,,29322,33,,,1,100,,29325,33,,,1,100,,29316,33,,,1,100,,29326,33,,,1,100,,29319,33,,,1,100,,29320,33,,,1,100,,17231,33,,,1,100,,29317,33,,,1,100,,29318,33,,,1,100,,29321,33,,,1
21401,'11',750,,29335,33,,,1,100,,29331,33,,,1,100,,29334,33,,,1,100,,29328,33,,,1,100,,29329,33,,,1,100,,29336,33,,,1,100,,29330,33,,,1,100,,29338,33,,,1,100,,29339,33,,,1,100,,29332,33,,,1,100,,29337,33,,,1,100,,29340,33,,,1,100,,29333,33,,,1
21401,'2',1850,,29344,33,,,1,100,,29343,33,,,1,100,,29342,33,,,1,100,,29341,33,,,1,100,,29345,33,,,1
21401,'3',1850,,29347,33,,,1,100,,29350,33,,,1,100,,29348,33,,,1,100,,29346,33,,,1,100,,29349,33,,,1
21401,'4',1850,,29354,33,,,1,100,,29352,33,,,1,100,,29355,33,,,1,100,,29353,33,,,1,100,,29351,33,,,1
21401,'5',1850,,29360,33,,,1,100,,29358,33,,,1,100,,29357,33,,,1,100,,29356,33,,,1,100,,29359,33,,,1
21401,'6',750,,29373,33,,,1,100,,29365,33,,,1,100,,29368,33,,,1,100,,29367,33,,,1,100,,29370,33,,,1,100,,29366,33,,,1,100,,29361,33,,,1,100,,29364,33,,,1,100,,29372,33,,,1,100,,29369,33,,,1,100,,29363,33,,,1,100,,29371,33,,,1,100,,29362,33,,,1
21401,'7',1850,,29377,33,,,1,100,,29374,33,,,1,100,,29375,33,,,1,100,,29378,33,,,1,100,,29376,33,,,1
21401,'8',1850,,29382,33,,,1,100,,29379,33,,,1,100,,29380,33,,,1,100,,29381,33,,,1,100,,29383,33,,,1
21401,'9',1850,,29388,33,,,1,100,,29386,33,,,1,100,,29387,33,,,1,100,,29385,33,,,1,100,,29384,33,,,1
