10701,'1',556,,22097,4,0,5 6,1,100,,22072,4,0,5 6,1,70,,22075,4,0,5 6,1,30,,22066,4,0,5 6,1,70,,22117,4,0,5 6,1,30,,22073,4,0,5 6,1,100,,22070,4,0,5 6,1,100,,22071,4,0,5 6,1,100,,22103,4,0,5 6,1,100,,22084,4,0,5 6,1,100,,22061,4,0,5 6,1,70,,22090,4,0,5 6,1,30,,22104,4,0,5 6,1,70,,22079,4,0,5 6,1,30,,22082,4,0,5 6,1,70,,22099,4,0,5 6,1,30,,22116,4,0,5 6,1,70,,22086,4,0,5 6,1,30,,22067,4,0,5 6,1,100,,22091,4,0,5 6,1
10701,'2',556,,18058,4,0,5 6,1,100,,22172,4,0,5 6,1,70,,22168,4,0,5 6,1,30,,22158,4,0,5 6,1,70,,22173,4,0,5 6,1,30,,22121,4,0,5 6,1,100,,22136,4,0,5 6,1,100,,22141,4,0,5 6,1,100,,22165,4,0,5 6,1,100,,22118,4,0,5 6,1,100,,22171,4,0,5 6,1,70,,22124,4,0,5 6,1,30,,22167,4,0,5 6,1,70,,22139,4,0,5 6,1,30,,22126,4,0,5 6,1,70,,22162,4,0,5 6,1,30,,22152,4,0,5 6,1,70,,22155,4,0,5 6,1,30,,22170,4,0,5 6,1,100,,22135,4,0,5 6,1
10701,'3',556,,22227,4,0,5 6,1,100,,22229,4,0,5 6,1,70,,22218,4,0,5 6,1,30,,22183,4,0,5 6,1,70,,22219,4,0,5 6,1,30,,22233,4,0,5 6,1,100,,22181,4,0,5 6,1,100,,22225,4,0,5 6,1,100,,22191,4,0,5 6,1,100,,22194,4,0,5 6,1,100,,22201,4,0,5 6,1,70,,22185,4,0,5 6,1,30,,22187,4,0,5 6,1,70,,22182,4,0,5 6,1,30,,22234,4,0,5 6,1,70,,22205,4,0,5 6,1,30,,22186,4,0,5 6,1,70,,22184,4,0,5 6,1,30,,22221,4,0,5 6,1,100,,22197,4,0,5 6,1
10701,'4',556,,22256,4,0,5 6,1,100,,22292,4,0,5 6,1,70,,22246,4,0,5 6,1,30,,22263,4,0,5 6,1,70,,22259,4,0,5 6,1,30,,22267,4,0,5 6,1,100,,22239,4,0,5 6,1,100,,22278,4,0,5 6,1,100,,22241,4,0,5 6,1,100,,22238,4,0,5 6,1,100,,22255,4,0,5 6,1,70,,22281,4,0,5 6,1,30,,22254,4,0,5 6,1,70,,22274,4,0,5 6,1,30,,22266,4,0,5 6,1,70,,22268,4,0,5 6,1,30,,22271,4,0,5 6,1,70,,22248,4,0,5 6,1,30,,22240,4,0,5 6,1,100,,22250,4,0,5 6,1
10701,'5',556,,22308,4,0,5 6,1,100,,22339,4,0,5 6,1,70,,22314,4,0,5 6,1,30,,22317,4,0,5 6,1,70,,22329,4,0,5 6,1,30,,22300,4,0,5 6,1,100,,22353,4,0,5 6,1,100,,22324,4,0,5 6,1,100,,22345,4,0,5 6,1,100,,22351,4,0,5 6,1,100,,22326,4,0,5 6,1,70,,22305,4,0,5 6,1,30,,22323,4,0,5 6,1,70,,22341,4,0,5 6,1,30,,22297,4,0,5 6,1,70,,22342,4,0,5 6,1,30,,22303,4,0,5 6,1,70,,22319,4,0,5 6,1,30,,22302,4,0,5 6,1,100,,22335,4,0,5 6,1
10701,'7',556,,22383,4,0,5 6,1,100,,22385,4,0,5 6,1,70,,22397,4,0,5 6,1,30,,22376,4,0,5 6,1,70,,22390,4,0,5 6,1,30,,22401,4,0,5 6,1,100,,22367,4,0,5 6,1,100,,22410,4,0,5 6,1,100,,22394,4,0,5 6,1,100,,22409,4,0,5 6,1,100,,22392,4,0,5 6,1,70,,22388,4,0,5 6,1,30,,22414,4,0,5 6,1,70,,22361,4,0,5 6,1,30,,22386,4,0,5 6,1,70,,22381,4,0,5 6,1,30,,22415,4,0,5 6,1,70,,22395,4,0,5 6,1,30,,22398,4,0,5 6,1,100,,22391,4,0,5 6,1
10701,'8',556,,22440,4,0,5 6,1,100,,22452,4,0,5 6,1,70,,22459,4,0,5 6,1,30,,22456,4,0,5 6,1,70,,22470,4,0,5 6,1,30,,22471,4,0,5 6,1,100,,22438,4,0,5 6,1,100,,22418,4,0,5 6,1,100,,22420,4,0,5 6,1,100,,22448,4,0,5 6,1,100,,22460,4,0,5 6,1,70,,22441,4,0,5 6,1,30,,22427,4,0,5 6,1,70,,22445,4,0,5 6,1,30,,22450,4,0,5 6,1,70,,22431,4,0,5 6,1,30,,22416,4,0,5 6,1,70,,22451,4,0,5 6,1,30,,22449,4,0,5 6,1,100,,22464,4,0,5 6,1
10701,'9',556,,22530,4,0,5 6,1,100,,22490,4,0,5 6,1,70,,22481,4,0,5 6,1,30,,22515,4,0,5 6,1,70,,22517,4,0,5 6,1,30,,22494,4,0,5 6,1,100,,22486,4,0,5 6,1,100,,22482,4,0,5 6,1,100,,22534,4,0,5 6,1,100,,22524,4,0,5 6,1,100,,22506,4,0,5 6,1,70,,22518,4,0,5 6,1,30,,22514,4,0,5 6,1,70,,22476,4,0,5 6,1,30,,22519,4,0,5 6,1,70,,22478,4,0,5 6,1,30,,22489,4,0,5 6,1,70,,22523,4,0,5 6,1,30,,22480,4,0,5 6,1,100,,22535,4,0,5 6,1
21401,'1',1837,,29314,4,,,1,100,,29315,4,,,1,100,,29313,4,,,1,100,,29312,4,,,1,100,,29311,4,,,1
21401,'10',737,,29324,4,,,1,100,,29323,4,,,1,100,,29327,4,,,1,100,,29322,4,,,1,100,,29325,4,,,1,100,,29316,4,,,1,100,,29326,4,,,1,100,,29319,4,,,1,100,,29320,4,,,1,100,,17231,4,,,1,100,,29317,4,,,1,100,,29318,4,,,1,100,,29321,4,,,1
21401,'11',737,,29335,4,,,1,100,,29331,4,,,1,100,,29334,4,,,1,100,,29328,4,,,1,100,,29329,4,,,1,100,,29336,4,,,1,100,,29330,4,,,1,100,,29338,4,,,1,100,,29339,4,,,1,100,,29332,4,,,1,100,,29337,4,,,1,100,,29340,4,,,1,100,,29333,4,,,1
21401,'2',1837,,29344,4,,,1,100,,29343,4,,,1,100,,29342,4,,,1,100,,29341,4,,,1,100,,29345,4,,,1
21401,'3',1837,,29347,4,,,1,100,,29350,4,,,1,100,,29348,4,,,1,100,,29346,4,,,1,100,,29349,4,,,1
21401,'4',1837,,29354,4,,,1,100,,29352,4,,,1,100,,29355,4,,,1,100,,29353,4,,,1,100,,29351,4,,,1
21401,'5',1837,,29360,4,,,1,100,,29358,4,,,1,100,,29357,4,,,1,100,,29356,4,,,1,100,,29359,4,,,1
21401,'6',737,,29373,4,,,1,100,,29365,4,,,1,100,,29368,4,,,1,100,,29367,4,,,1,100,,29370,4,,,1,100,,29366,4,,,1,100,,29361,4,,,1,100,,29364,4,,,1,100,,29372,4,,,1,100,,29369,4,,,1,100,,29363,4,,,1,100,,29371,4,,,1,100,,29362,4,,,1
21401,'7',1837,,29377,4,,,1,100,,29374,4,,,1,100,,29375,4,,,1,100,,29378,4,,,1,100,,29376,4,,,1
21401,'8',1837,,29382,4,,,1,100,,29379,4,,,1,100,,29380,4,,,1,100,,29381,4,,,1,100,,29383,4,,,1
21401,'9',1837,,29388,4,,,1,100,,29386,4,,,1,100,,29387,4,,,1,100,,29385,4,,,1,100,,29384,4,,,1
