10301,'1',620,,20467,21,,,1,100,,20476,21,,,1,30,,20474,21,,,1,70,,20481,21,,,1,30,,20479,21,,,1,70,,20483,21,,,1,30,,20471,21,,,1,70,,20478,21,,,1,100,,20473,21,,,1,100,,20469,21,,,1,100,,20480,21,,,1,100,,20470,21,,,1,100,,20485,21,,,1,30,,17632,21,,,1,70,,20477,21,,,1,30,,20475,21,,,1,70,,20484,21,,,1,30,,20472,21,,,1,70,,20482,21,,,1,30,,20468,21,,,1
10301,'2',620,,20487,21,,,1,100,,20493,21,,,1,30,,20491,21,,,1,70,,20488,21,,,1,30,,20486,21,,,1,70,,20498,21,,,1,30,,20503,21,,,1,70,,20495,21,,,1,100,,20504,21,,,1,100,,20499,21,,,1,100,,20494,21,,,1,100,,20490,21,,,1,100,,20505,21,,,1,30,,20489,21,,,1,70,,20497,21,,,1,30,,20496,21,,,1,70,,20500,21,,,1,30,,20492,21,,,1,70,,20501,21,,,1,30,,20502,21,,,1
10301,'3',620,,20511,21,,,1,100,,20521,21,,,1,30,,20509,21,,,1,70,,20515,21,,,1,30,,20512,21,,,1,70,,20507,21,,,1,30,,20506,21,,,1,70,,20518,21,,,1,100,,20508,21,,,1,100,,20522,21,,,1,100,,20516,21,,,1,100,,20523,21,,,1,100,,20513,21,,,1,30,,20510,21,,,1,70,,20524,21,,,1,30,,20517,21,,,1,70,,20520,21,,,1,30,,20514,21,,,1,70,,20519,21,,,1,30,,20525,21,,,1
10301,'4',620,,20534,21,,,1,100,,20531,21,,,1,30,,20529,21,,,1,70,,20533,21,,,1,30,,20537,21,,,1,70,,20532,21,,,1,30,,20538,21,,,1,70,,20527,21,,,1,100,,20535,21,,,1,100,,20528,21,,,1,100,,20543,21,,,1,100,,20540,21,,,1,100,,20530,21,,,1,30,,20542,21,,,1,70,,20536,21,,,1,30,,20539,21,,,1,70,,20544,21,,,1,30,,20545,21,,,1,70,,20541,21,,,1,30,,20526,21,,,1
10301,'5',620,,20562,21,,,1,100,,20547,21,,,1,30,,20550,21,,,1,70,,20558,21,,,1,30,,20549,21,,,1,70,,20560,21,,,1,30,,20565,21,,,1,70,,20564,21,,,1,100,,20554,21,,,1,100,,20548,21,,,1,100,,20546,21,,,1,100,,20561,21,,,1,100,,20559,21,,,1,30,,20556,21,,,1,70,,20555,21,,,1,30,,20551,21,,,1,70,,20563,21,,,1,30,,20557,21,,,1,70,,20553,21,,,1,30,,20552,21,,,1
10301,'7',620,,20583,21,,,1,100,,20579,21,,,1,30,,20568,21,,,1,70,,20570,21,,,1,30,,20574,21,,,1,70,,20580,21,,,1,30,,20566,21,,,1,70,,20576,21,,,1,100,,20585,21,,,1,100,,20573,21,,,1,100,,20571,21,,,1,100,,20575,21,,,1,100,,20578,21,,,1,30,,20567,21,,,1,70,,20577,21,,,1,30,,20584,21,,,1,70,,20582,21,,,1,30,,20581,21,,,1,70,,20569,21,,,1,30,,20572,21,,,1
10301,'8',620,,20594,21,,,1,100,,20588,21,,,1,30,,20596,21,,,1,70,,20602,21,,,1,30,,20598,21,,,1,70,,20600,21,,,1,30,,20592,21,,,1,70,,20593,21,,,1,100,,20595,21,,,1,100,,20591,21,,,1,100,,20586,21,,,1,100,,20590,21,,,1,100,,20605,21,,,1,30,,20597,21,,,1,70,,20603,21,,,1,30,,20601,21,,,1,70,,20604,21,,,1,30,,20599,21,,,1,70,,20587,21,,,1,30,,20589,21,,,1
10301,'9',620,,20611,21,,,1,100,,20607,21,,,1,30,,20610,21,,,1,70,,20612,21,,,1,30,,20614,21,,,1,70,,20625,21,,,1,30,,20618,21,,,1,70,,20623,21,,,1,100,,20609,21,,,1,100,,20622,21,,,1,100,,20621,21,,,1,100,,20615,21,,,1,100,,20613,21,,,1,30,,20620,21,,,1,70,,20617,21,,,1,30,,20619,21,,,1,70,,20608,21,,,1,30,,20616,21,,,1,70,,20624,21,,,1,30,,20606,21,,,1
20301,'1',1917,,26667,16,0,9 3 10,1,30,,26666,16,0,9 3 10,1,70,,26669,16,0,9 3 10,1,30,,26671,16,0,9 3 10,1,70,,26674,16,0,9 3 10,1,30,,26670,16,0,9 3 10,1,70,,26665,16,0,9 3 10,1,30,,26668,16,0,9 3 10,1,70,,26672,16,0,9 3 10,1,30,,26664,16,0,9 3 10,1
20301,'10',715,,26695,16,0,9 3 10,1,30,,26689,16,0,9 3 10,1,70,,26690,16,0,9 3 10,1,30,,26684,16,0,9 3 10,1,70,,26677,16,0,9 3 10,1,30,,26694,16,0,9 3 10,1,70,,26682,16,0,9 3 10,1,30,,26693,16,0,9 3 10,1,70,,26699,16,0,9 3 10,1,30,,26676,16,0,9 3 10,1,70,,26675,16,0,9 3 10,1,30,,26683,16,0,9 3 10,1,70,,26680,16,0,9 3 10,1,30,,26691,16,0,9 3 10,1,70,,26700,16,0,9 3 10,1,30,,26696,16,0,9 3 10,1,70,,26678,16,0,9 3 10,1,30,,26685,16,0,9 3 10,1,70,,26701,16,0,9 3 10,1,30,,26686,16,0,9 3 10,1,70,,26698,16,0,9 3 10,1,30,,26687,16,0,9 3 10,1,70,,26692,16,0,9 3 10,1,30,,26688,16,0,9 3 10,1,70,,26702,16,0,9 3 10,1,30,,26679,16,0,9 3 10,1,70,,26681,16,0,9 3 10,1,30,,26697,16,0,9 3 10,1
20301,'11',715,,26730,16,0,9 3 10,1,30,,26718,16,0,9 3 10,1,70,,26711,16,0,9 3 10,1,30,,26722,16,0,9 3 10,1,70,,26714,16,0,9 3 10,1,30,,26725,16,0,9 3 10,1,70,,26706,16,0,9 3 10,1,30,,26709,16,0,9 3 10,1,70,,26705,16,0,9 3 10,1,30,,26726,16,0,9 3 10,1,70,,26719,16,0,9 3 10,1,30,,26703,16,0,9 3 10,1,70,,26704,16,0,9 3 10,1,30,,26729,16,0,9 3 10,1,70,,26717,16,0,9 3 10,1,30,,26710,16,0,9 3 10,1,70,,26708,16,0,9 3 10,1,30,,26724,16,0,9 3 10,1,70,,26715,16,0,9 3 10,1,30,,26721,16,0,9 3 10,1,70,,26728,16,0,9 3 10,1,30,,26707,16,0,9 3 10,1,70,,26723,16,0,9 3 10,1,30,,26720,16,0,9 3 10,1,70,,26716,16,0,9 3 10,1,30,,26727,16,0,9 3 10,1,70,,26713,16,0,9 3 10,1,30,,26712,16,0,9 3 10,1
20301,'2',1917,,26740,16,0,9 3 10,1,30,,26735,16,0,9 3 10,1,70,,26732,16,0,9 3 10,1,30,,26734,16,0,9 3 10,1,70,,26739,16,0,9 3 10,1,30,,26731,16,0,9 3 10,1,70,,26741,16,0,9 3 10,1,30,,26733,16,0,9 3 10,1,70,,26738,16,0,9 3 10,1,30,,26737,16,0,9 3 10,1
20301,'3',1917,,26752,16,0,9 3 10,1,30,,26748,16,0,9 3 10,1,70,,26750,16,0,9 3 10,1,30,,26745,16,0,9 3 10,1,70,,26746,16,0,9 3 10,1,30,,26749,16,0,9 3 10,1,70,,26744,16,0,9 3 10,1,30,,26743,16,0,9 3 10,1,70,,26751,16,0,9 3 10,1,30,,26742,16,0,9 3 10,1
20301,'4',1917,,26753,16,0,9 3 10,1,30,,26762,16,0,9 3 10,1,70,,26759,16,0,9 3 10,1,30,,26760,16,0,9 3 10,1,70,,26761,16,0,9 3 10,1,30,,26754,16,0,9 3 10,1,70,,26757,16,0,9 3 10,1,30,,26763,16,0,9 3 10,1,70,,26756,16,0,9 3 10,1,30,,26758,16,0,9 3 10,1
20301,'5',1917,,26770,16,0,9 3 10,1,30,,26766,16,0,9 3 10,1,70,,26772,16,0,9 3 10,1,30,,26773,16,0,9 3 10,1,70,,26765,16,0,9 3 10,1,30,,26767,16,0,9 3 10,1,70,,26774,16,0,9 3 10,1,30,,26771,16,0,9 3 10,1,70,,26769,16,0,9 3 10,1,30,,26768,16,0,9 3 10,1
20301,'6',715,,26786,16,0,9 3 10,1,30,,26798,16,0,9 3 10,1,70,,26794,16,0,9 3 10,1,30,,26801,16,0,9 3 10,1,70,,26785,16,0,9 3 10,1,30,,26782,16,0,9 3 10,1,70,,26797,16,0,9 3 10,1,30,,26775,16,0,9 3 10,1,70,,26781,16,0,9 3 10,1,30,,26788,16,0,9 3 10,1,70,,26796,16,0,9 3 10,1,30,,26790,16,0,9 3 10,1,70,,26778,16,0,9 3 10,1,30,,26799,16,0,9 3 10,1,70,,26791,16,0,9 3 10,1,30,,26776,16,0,9 3 10,1,70,,26783,16,0,9 3 10,1,30,,26777,16,0,9 3 10,1,70,,26793,16,0,9 3 10,1,30,,26802,16,0,9 3 10,1,70,,26784,16,0,9 3 10,1,30,,26787,16,0,9 3 10,1,70,,26779,16,0,9 3 10,1,30,,26800,16,0,9 3 10,1,70,,26780,16,0,9 3 10,1,30,,26792,16,0,9 3 10,1,70,,26795,16,0,9 3 10,1,30,,26789,16,0,9 3 10,1
20301,'7',1917,,26808,16,0,9 3 10,1,30,,26809,16,0,9 3 10,1,70,,26803,16,0,9 3 10,1,30,,26810,16,0,9 3 10,1,70,,26805,16,0,9 3 10,1,30,,26804,16,0,9 3 10,1,70,,26811,16,0,9 3 10,1,30,,26806,16,0,9 3 10,1,70,,26812,16,0,9 3 10,1,30,,26807,16,0,9 3 10,1
20301,'8',1917,,26816,16,0,9 3 10,1,30,,26821,16,0,9 3 10,1,70,,26815,16,0,9 3 10,1,30,,26817,16,0,9 3 10,1,70,,26820,16,0,9 3 10,1,30,,26824,16,0,9 3 10,1,70,,26823,16,0,9 3 10,1,30,,26819,16,0,9 3 10,1,70,,26814,16,0,9 3 10,1,30,,26818,16,0,9 3 10,1
20301,'9',1917,,26825,16,0,9 3 10,1,30,,26828,16,0,9 3 10,1,70,,26834,16,0,9 3 10,1,30,,26831,16,0,9 3 10,1,70,,26832,16,0,9 3 10,1,30,,26835,16,0,9 3 10,1,70,,26830,16,0,9 3 10,1,30,,26829,16,0,9 3 10,1,70,,26827,16,0,9 3 10,1,30,,26833,16,0,9 3 10,1
