10600,'1',641,,21619,10,,,1,100,,21625,10,,,1,70,,21632,10,,,1,30,,21627,10,,,1,70,,21621,10,,,1,30,,21626,10,,,1,100,,21629,10,,,1,100,,21631,10,,,1,100,,21618,10,,,1,100,,16062,10,,,1,100,,21633,10,,,1,70,,21620,10,,,1,30,,21623,10,,,1,70,,21622,10,,,1,23,,21630,10,,,1,77,,21628,10,,,1,23,,21624,10,,,1
10600,'2',641,,21646,10,,,1,100,,21649,10,,,1,70,,17440,10,,,1,30,,21643,10,,,1,70,,21645,10,,,1,30,,21634,10,,,1,100,,21638,10,,,1,100,,21647,10,,,1,100,,21636,10,,,1,100,,21642,10,,,1,100,,21637,10,,,1,70,,21641,10,,,1,30,,21635,10,,,1,70,,21644,10,,,1,23,,21648,10,,,1,77,,21639,10,,,1,23,,21640,10,,,1
10600,'3',641,,21666,10,,,1,100,,21664,10,,,1,70,,21655,10,,,1,30,,21661,10,,,1,70,,21656,10,,,1,30,,21653,10,,,1,100,,21651,10,,,1,100,,21665,10,,,1,100,,21663,10,,,1,100,,21657,10,,,1,100,,21654,10,,,1,70,,21662,10,,,1,30,,21650,10,,,1,70,,21658,10,,,1,23,,21659,10,,,1,77,,21660,10,,,1,23,,21652,10,,,1
10600,'4',641,,21682,10,,,1,100,,21676,10,,,1,70,,21674,10,,,1,30,,21681,10,,,1,70,,21675,10,,,1,30,,21680,10,,,1,100,,21671,10,,,1,100,,21678,10,,,1,100,,21673,10,,,1,100,,21668,10,,,1,100,,21667,10,,,1,70,,21683,10,,,1,30,,21670,10,,,1,70,,21679,10,,,1,23,,21669,10,,,1,77,,21677,10,,,1,23,,21672,10,,,1
10600,'5',641,,21697,10,,,1,100,,21693,10,,,1,70,,21684,10,,,1,30,,21696,10,,,1,70,,21686,10,,,1,30,,21690,10,,,1,100,,21692,10,,,1,100,,21685,10,,,1,100,,21691,10,,,1,100,,21699,10,,,1,100,,21694,10,,,1,70,,21698,10,,,1,30,,21695,10,,,1,70,,21700,10,,,1,23,,21688,10,,,1,77,,21689,10,,,1,23,,21687,10,,,1
10600,'7',641,,21713,10,,,1,100,,21716,10,,,1,70,,21703,10,,,1,30,,21705,10,,,1,70,,21702,10,,,1,30,,21701,10,,,1,100,,21708,10,,,1,100,,21710,10,,,1,100,,21706,10,,,1,100,,21717,10,,,1,100,,21712,10,,,1,70,,21704,10,,,1,30,,21715,10,,,1,70,,21714,10,,,1,23,,21707,10,,,1,77,,21711,10,,,1,23,,21709,10,,,1
10600,'8',641,,21727,10,,,1,100,,21721,10,,,1,70,,21723,10,,,1,30,,21730,10,,,1,70,,21734,10,,,1,30,,21729,10,,,1,100,,21726,10,,,1,100,,21718,10,,,1,100,,21732,10,,,1,100,,21720,10,,,1,100,,21725,10,,,1,70,,21731,10,,,1,30,,21722,10,,,1,70,,21724,10,,,1,23,,21728,10,,,1,77,,21719,10,,,1,23,,21733,10,,,1
10600,'9',641,,21739,10,,,1,100,,21749,10,,,1,70,,21746,10,,,1,30,,21751,10,,,1,70,,21743,10,,,1,30,,21737,10,,,1,100,,21750,10,,,1,100,,21744,10,,,1,100,,21745,10,,,1,100,,21740,10,,,1,100,,21742,10,,,1,70,,21736,10,,,1,30,,21748,10,,,1,70,,21747,10,,,1,23,,21738,10,,,1,77,,21741,10,,,1,23,,21735,10,,,1
11200,'1',700,,24244,22,,,1,100,,24237,22,,,1,100,,24236,22,,,1,100,,24235,22,,,1,100,,24238,22,,,1,100,,24239,22,,,1,100,,24243,22,,,1,100,,24234,22,,,1,100,,24240,22,,,1,100,,24242,22,,,1,100,,24241,22,,,1
11200,'2',700,,24254,22,,,1,100,,24252,22,,,1,100,,24245,22,,,1,100,,24248,22,,,1,100,,24250,22,,,1,100,,24255,22,,,1,100,,24253,22,,,1,100,,24247,22,,,1,100,,24249,22,,,1,100,,24251,22,,,1,100,,24246,22,,,1
11200,'3',700,,24258,22,,,1,100,,24266,22,,,1,100,,24264,22,,,1,100,,24260,22,,,1,100,,24259,22,,,1,100,,24257,22,,,1,100,,24265,22,,,1,100,,24261,22,,,1,100,,24262,22,,,1,100,,24256,22,,,1,100,,24263,22,,,1
11200,'4',700,,24274,22,,,1,100,,24272,22,,,1,100,,24273,22,,,1,100,,24275,22,,,1,100,,24277,22,,,1,100,,24267,22,,,1,100,,24276,22,,,1,100,,24268,22,,,1,100,,24270,22,,,1,100,,24271,22,,,1,100,,24269,22,,,1
11200,'5',700,,24281,22,,,1,100,,24282,22,,,1,100,,24287,22,,,1,100,,24278,22,,,1,100,,24279,22,,,1,100,,24280,22,,,1,100,,24286,22,,,1,100,,24288,22,,,1,100,,24284,22,,,1,100,,24285,22,,,1,100,,24283,22,,,1
11200,'7',700,,24290,22,,,1,100,,24294,22,,,1,100,,24295,22,,,1,100,,24296,22,,,1,100,,24291,22,,,1,100,,24299,22,,,1,100,,24293,22,,,1,100,,24297,22,,,1,100,,24289,22,,,1,100,,24298,22,,,1,100,,24292,22,,,1
11200,'8',700,,24308,22,,,1,100,,24301,22,,,1,100,,24304,22,,,1,100,,24307,22,,,1,100,,24305,22,,,1,100,,24310,22,,,1,100,,24300,22,,,1,100,,24302,22,,,1,100,,24303,22,,,1,100,,24306,22,,,1,100,,24309,22,,,1
11200,'9',700,,24320,22,,,1,100,,24311,22,,,1,100,,24315,22,,,1,100,,24319,22,,,1,100,,24317,22,,,1,100,,24316,22,,,1,100,,24312,22,,,1,100,,24314,22,,,1,100,,24321,22,,,1,100,,24318,22,,,1,100,,24313,22,,,1
