10301,'1',614,,20467,13,,,1,100,,20476,13,,,1,30,,20474,13,,,1,70,,20481,13,,,1,30,,20479,13,,,1,70,,20483,13,,,1,30,,20471,13,,,1,70,,20478,13,,,1,100,,20473,13,,,1,100,,20469,13,,,1,100,,20480,13,,,1,100,,20470,13,,,1,100,,20485,13,,,1,30,,17632,13,,,1,70,,20477,13,,,1,30,,20475,13,,,1,70,,20484,13,,,1,30,,20472,13,,,1,70,,20482,13,,,1,30,,20468,13,,,1
10301,'2',614,,20487,13,,,1,100,,20493,13,,,1,30,,20491,13,,,1,70,,20488,13,,,1,30,,20486,13,,,1,70,,20498,13,,,1,30,,20503,13,,,1,70,,20495,13,,,1,100,,20504,13,,,1,100,,20499,13,,,1,100,,20494,13,,,1,100,,20490,13,,,1,100,,20505,13,,,1,30,,20489,13,,,1,70,,20497,13,,,1,30,,20496,13,,,1,70,,20500,13,,,1,30,,20492,13,,,1,70,,20501,13,,,1,30,,20502,13,,,1
10301,'3',614,,20511,13,,,1,100,,20521,13,,,1,30,,20509,13,,,1,70,,20515,13,,,1,30,,20512,13,,,1,70,,20507,13,,,1,30,,20506,13,,,1,70,,20518,13,,,1,100,,20508,13,,,1,100,,20522,13,,,1,100,,20516,13,,,1,100,,20523,13,,,1,100,,20513,13,,,1,30,,20510,13,,,1,70,,20524,13,,,1,30,,20517,13,,,1,70,,20520,13,,,1,30,,20514,13,,,1,70,,20519,13,,,1,30,,20525,13,,,1
10301,'4',614,,20534,13,,,1,100,,20531,13,,,1,30,,20529,13,,,1,70,,20533,13,,,1,30,,20537,13,,,1,70,,20532,13,,,1,30,,20538,13,,,1,70,,20527,13,,,1,100,,20535,13,,,1,100,,20528,13,,,1,100,,20543,13,,,1,100,,20540,13,,,1,100,,20530,13,,,1,30,,20542,13,,,1,70,,20536,13,,,1,30,,20539,13,,,1,70,,20544,13,,,1,30,,20545,13,,,1,70,,20541,13,,,1,30,,20526,13,,,1
10301,'5',614,,20562,13,,,1,100,,20547,13,,,1,30,,20550,13,,,1,70,,20558,13,,,1,30,,20549,13,,,1,70,,20560,13,,,1,30,,20565,13,,,1,70,,20564,13,,,1,100,,20554,13,,,1,100,,20548,13,,,1,100,,20546,13,,,1,100,,20561,13,,,1,100,,20559,13,,,1,30,,20556,13,,,1,70,,20555,13,,,1,30,,20551,13,,,1,70,,20563,13,,,1,30,,20557,13,,,1,70,,20553,13,,,1,30,,20552,13,,,1
10301,'7',614,,20583,13,,,1,100,,20579,13,,,1,30,,20568,13,,,1,70,,20570,13,,,1,30,,20574,13,,,1,70,,20580,13,,,1,30,,20566,13,,,1,70,,20576,13,,,1,100,,20585,13,,,1,100,,20573,13,,,1,100,,20571,13,,,1,100,,20575,13,,,1,100,,20578,13,,,1,30,,20567,13,,,1,70,,20577,13,,,1,30,,20584,13,,,1,70,,20582,13,,,1,30,,20581,13,,,1,70,,20569,13,,,1,30,,20572,13,,,1
10301,'8',614,,20594,13,,,1,100,,20588,13,,,1,30,,20596,13,,,1,70,,20602,13,,,1,30,,20598,13,,,1,70,,20600,13,,,1,30,,20592,13,,,1,70,,20593,13,,,1,100,,20595,13,,,1,100,,20591,13,,,1,100,,20586,13,,,1,100,,20590,13,,,1,100,,20605,13,,,1,30,,20597,13,,,1,70,,20603,13,,,1,30,,20601,13,,,1,70,,20604,13,,,1,30,,20599,13,,,1,70,,20587,13,,,1,30,,20589,13,,,1
10301,'9',614,,20611,13,,,1,100,,20607,13,,,1,30,,20610,13,,,1,70,,20612,13,,,1,30,,20614,13,,,1,70,,20625,13,,,1,30,,20618,13,,,1,70,,20623,13,,,1,100,,20609,13,,,1,100,,20622,13,,,1,100,,20621,13,,,1,100,,20615,13,,,1,100,,20613,13,,,1,30,,20620,13,,,1,70,,20617,13,,,1,30,,20619,13,,,1,70,,20608,13,,,1,30,,20616,13,,,1,70,,20624,13,,,1,30,,20606,13,,,1
20301,'1',1912,,26667,8,0,9 3 10,1,30,,26666,8,0,9 3 10,1,70,,26669,8,0,9 3 10,1,30,,26671,8,0,9 3 10,1,70,,26674,8,0,9 3 10,1,30,,26670,8,0,9 3 10,1,70,,26665,8,0,9 3 10,1,30,,26668,8,0,9 3 10,1,70,,26672,8,0,9 3 10,1,30,,26664,8,0,9 3 10,1
20301,'10',710,,26695,8,0,9 3 10,1,30,,26689,8,0,9 3 10,1,70,,26690,8,0,9 3 10,1,30,,26684,8,0,9 3 10,1,70,,26677,8,0,9 3 10,1,30,,26694,8,0,9 3 10,1,70,,26682,8,0,9 3 10,1,30,,26693,8,0,9 3 10,1,70,,26699,8,0,9 3 10,1,30,,26676,8,0,9 3 10,1,70,,26675,8,0,9 3 10,1,30,,26683,8,0,9 3 10,1,70,,26680,8,0,9 3 10,1,30,,26691,8,0,9 3 10,1,70,,26700,8,0,9 3 10,1,30,,26696,8,0,9 3 10,1,70,,26678,8,0,9 3 10,1,30,,26685,8,0,9 3 10,1,70,,26701,8,0,9 3 10,1,30,,26686,8,0,9 3 10,1,70,,26698,8,0,9 3 10,1,30,,26687,8,0,9 3 10,1,70,,26692,8,0,9 3 10,1,30,,26688,8,0,9 3 10,1,70,,26702,8,0,9 3 10,1,30,,26679,8,0,9 3 10,1,70,,26681,8,0,9 3 10,1,30,,26697,8,0,9 3 10,1
20301,'11',710,,26730,8,0,9 3 10,1,30,,26718,8,0,9 3 10,1,70,,26711,8,0,9 3 10,1,30,,26722,8,0,9 3 10,1,70,,26714,8,0,9 3 10,1,30,,26725,8,0,9 3 10,1,70,,26706,8,0,9 3 10,1,30,,26709,8,0,9 3 10,1,70,,26705,8,0,9 3 10,1,30,,26726,8,0,9 3 10,1,70,,26719,8,0,9 3 10,1,30,,26703,8,0,9 3 10,1,70,,26704,8,0,9 3 10,1,30,,26729,8,0,9 3 10,1,70,,26717,8,0,9 3 10,1,30,,26710,8,0,9 3 10,1,70,,26708,8,0,9 3 10,1,30,,26724,8,0,9 3 10,1,70,,26715,8,0,9 3 10,1,30,,26721,8,0,9 3 10,1,70,,26728,8,0,9 3 10,1,30,,26707,8,0,9 3 10,1,70,,26723,8,0,9 3 10,1,30,,26720,8,0,9 3 10,1,70,,26716,8,0,9 3 10,1,30,,26727,8,0,9 3 10,1,70,,26713,8,0,9 3 10,1,30,,26712,8,0,9 3 10,1
20301,'2',1912,,26740,8,0,9 3 10,1,30,,26735,8,0,9 3 10,1,70,,26732,8,0,9 3 10,1,30,,26734,8,0,9 3 10,1,70,,26739,8,0,9 3 10,1,30,,26731,8,0,9 3 10,1,70,,26741,8,0,9 3 10,1,30,,26733,8,0,9 3 10,1,70,,26738,8,0,9 3 10,1,30,,26737,8,0,9 3 10,1
20301,'3',1912,,26752,8,0,9 3 10,1,30,,26748,8,0,9 3 10,1,70,,26750,8,0,9 3 10,1,30,,26745,8,0,9 3 10,1,70,,26746,8,0,9 3 10,1,30,,26749,8,0,9 3 10,1,70,,26744,8,0,9 3 10,1,30,,26743,8,0,9 3 10,1,70,,26751,8,0,9 3 10,1,30,,26742,8,0,9 3 10,1
20301,'4',1912,,26753,8,0,9 3 10,1,30,,26762,8,0,9 3 10,1,70,,26759,8,0,9 3 10,1,30,,26760,8,0,9 3 10,1,70,,26761,8,0,9 3 10,1,30,,26754,8,0,9 3 10,1,70,,26757,8,0,9 3 10,1,30,,26763,8,0,9 3 10,1,70,,26756,8,0,9 3 10,1,30,,26758,8,0,9 3 10,1
20301,'5',1912,,26770,8,0,9 3 10,1,30,,26766,8,0,9 3 10,1,70,,26772,8,0,9 3 10,1,30,,26773,8,0,9 3 10,1,70,,26765,8,0,9 3 10,1,30,,26767,8,0,9 3 10,1,70,,26774,8,0,9 3 10,1,30,,26771,8,0,9 3 10,1,70,,26769,8,0,9 3 10,1,30,,26768,8,0,9 3 10,1
20301,'6',710,,26786,8,0,9 3 10,1,30,,26798,8,0,9 3 10,1,70,,26794,8,0,9 3 10,1,30,,26801,8,0,9 3 10,1,70,,26785,8,0,9 3 10,1,30,,26782,8,0,9 3 10,1,70,,26797,8,0,9 3 10,1,30,,26775,8,0,9 3 10,1,70,,26781,8,0,9 3 10,1,30,,26788,8,0,9 3 10,1,70,,26796,8,0,9 3 10,1,30,,26790,8,0,9 3 10,1,70,,26778,8,0,9 3 10,1,30,,26799,8,0,9 3 10,1,70,,26791,8,0,9 3 10,1,30,,26776,8,0,9 3 10,1,70,,26783,8,0,9 3 10,1,30,,26777,8,0,9 3 10,1,70,,26793,8,0,9 3 10,1,30,,26802,8,0,9 3 10,1,70,,26784,8,0,9 3 10,1,30,,26787,8,0,9 3 10,1,70,,26779,8,0,9 3 10,1,30,,26800,8,0,9 3 10,1,70,,26780,8,0,9 3 10,1,30,,26792,8,0,9 3 10,1,70,,26795,8,0,9 3 10,1,30,,26789,8,0,9 3 10,1
20301,'7',1912,,26808,8,0,9 3 10,1,30,,26809,8,0,9 3 10,1,70,,26803,8,0,9 3 10,1,30,,26810,8,0,9 3 10,1,70,,26805,8,0,9 3 10,1,30,,26804,8,0,9 3 10,1,70,,26811,8,0,9 3 10,1,30,,26806,8,0,9 3 10,1,70,,26812,8,0,9 3 10,1,30,,26807,8,0,9 3 10,1
20301,'8',1912,,26816,8,0,9 3 10,1,30,,26821,8,0,9 3 10,1,70,,26815,8,0,9 3 10,1,30,,26817,8,0,9 3 10,1,70,,26820,8,0,9 3 10,1,30,,26824,8,0,9 3 10,1,70,,26823,8,0,9 3 10,1,30,,26819,8,0,9 3 10,1,70,,26814,8,0,9 3 10,1,30,,26818,8,0,9 3 10,1
20301,'9',1912,,26825,8,0,9 3 10,1,30,,26828,8,0,9 3 10,1,70,,26834,8,0,9 3 10,1,30,,26831,8,0,9 3 10,1,70,,26832,8,0,9 3 10,1,30,,26835,8,0,9 3 10,1,70,,26830,8,0,9 3 10,1,30,,26829,8,0,9 3 10,1,70,,26827,8,0,9 3 10,1,30,,26833,8,0,9 3 10,1
