10201,'1',640,,20174,15,0,7 1 8,1,70,,20184,15,0,7 1 8,1,30,,20178,15,0,7 1 8,1,70,,20176,15,0,7 1 8,1,30,,20177,15,0,7 1 8,1,70,,20188,15,0,7 1 8,1,30,,20189,15,0,7 1 8,1,100,,20179,15,0,7 1 8,1,100,,20182,15,0,7 1 8,1,100,,20185,15,0,7 1 8,1,100,,20180,15,0,7 1 8,1,100,,20173,15,0,7 1 8,1,70,,20186,15,0,7 1 8,1,30,,20187,15,0,7 1 8,1,70,,20175,15,0,7 1 8,1,30,,20190,15,0,7 1 8,1,70,,20181,15,0,7 1 8,1,30,,20183,15,0,7 1 8,1
10201,'2',640,,20197,15,0,7 1 8,1,70,,18261,15,0,7 1 8,1,30,,20199,15,0,7 1 8,1,70,,20195,15,0,7 1 8,1,30,,20202,15,0,7 1 8,1,70,,20203,15,0,7 1 8,1,30,,20201,15,0,7 1 8,1,100,,20205,15,0,7 1 8,1,100,,20196,15,0,7 1 8,1,100,,20194,15,0,7 1 8,1,100,,20191,15,0,7 1 8,1,100,,20204,15,0,7 1 8,1,70,,20206,15,0,7 1 8,1,30,,20200,15,0,7 1 8,1,70,,20198,15,0,7 1 8,1,30,,20207,15,0,7 1 8,1,70,,20193,15,0,7 1 8,1,30,,20192,15,0,7 1 8,1
10201,'3',640,,20213,15,0,7 1 8,1,70,,20209,15,0,7 1 8,1,30,,20223,15,0,7 1 8,1,70,,20217,15,0,7 1 8,1,30,,20224,15,0,7 1 8,1,70,,20219,15,0,7 1 8,1,30,,20220,15,0,7 1 8,1,100,,20225,15,0,7 1 8,1,100,,20222,15,0,7 1 8,1,100,,20214,15,0,7 1 8,1,100,,20221,15,0,7 1 8,1,100,,20216,15,0,7 1 8,1,70,,20211,15,0,7 1 8,1,30,,20212,15,0,7 1 8,1,70,,20210,15,0,7 1 8,1,30,,20215,15,0,7 1 8,1,70,,20208,15,0,7 1 8,1,30,,20218,15,0,7 1 8,1
10201,'4',640,,20229,15,0,7 1 8,1,70,,20226,15,0,7 1 8,1,30,,20241,15,0,7 1 8,1,70,,20243,15,0,7 1 8,1,30,,20228,15,0,7 1 8,1,70,,20236,15,0,7 1 8,1,30,,20238,15,0,7 1 8,1,100,,20231,15,0,7 1 8,1,100,,20232,15,0,7 1 8,1,100,,20239,15,0,7 1 8,1,100,,20227,15,0,7 1 8,1,100,,20240,15,0,7 1 8,1,70,,20242,15,0,7 1 8,1,30,,20235,15,0,7 1 8,1,70,,20237,15,0,7 1 8,1,30,,20230,15,0,7 1 8,1,70,,20233,15,0,7 1 8,1,30,,20234,15,0,7 1 8,1
10201,'5',640,,20248,15,0,7 1 8,1,70,,20258,15,0,7 1 8,1,30,,20245,15,0,7 1 8,1,70,,20247,15,0,7 1 8,1,30,,20256,15,0,7 1 8,1,70,,20249,15,0,7 1 8,1,30,,20254,15,0,7 1 8,1,100,,20255,15,0,7 1 8,1,100,,20261,15,0,7 1 8,1,100,,20257,15,0,7 1 8,1,100,,20244,15,0,7 1 8,1,100,,20252,15,0,7 1 8,1,70,,20259,15,0,7 1 8,1,30,,20253,15,0,7 1 8,1,70,,20251,15,0,7 1 8,1,30,,20246,15,0,7 1 8,1,70,,20250,15,0,7 1 8,1,30,,20260,15,0,7 1 8,1
10201,'7',640,,20273,15,0,7 1 8,1,70,,20279,15,0,7 1 8,1,30,,20262,15,0,7 1 8,1,70,,20274,15,0,7 1 8,1,30,,20264,15,0,7 1 8,1,70,,20265,15,0,7 1 8,1,30,,20277,15,0,7 1 8,1,100,,20275,15,0,7 1 8,1,100,,20269,15,0,7 1 8,1,100,,20268,15,0,7 1 8,1,100,,20270,15,0,7 1 8,1,100,,20278,15,0,7 1 8,1,70,,20263,15,0,7 1 8,1,30,,20266,15,0,7 1 8,1,70,,20272,15,0,7 1 8,1,30,,20267,15,0,7 1 8,1,70,,20271,15,0,7 1 8,1,30,,20276,15,0,7 1 8,1
10201,'8',640,,20295,15,0,7 1 8,1,70,,20283,15,0,7 1 8,1,30,,20286,15,0,7 1 8,1,70,,20293,15,0,7 1 8,1,30,,20288,15,0,7 1 8,1,70,,20280,15,0,7 1 8,1,30,,20291,15,0,7 1 8,1,100,,20284,15,0,7 1 8,1,100,,20292,15,0,7 1 8,1,100,,20282,15,0,7 1 8,1,100,,20294,15,0,7 1 8,1,100,,20285,15,0,7 1 8,1,70,,20287,15,0,7 1 8,1,30,,20290,15,0,7 1 8,1,70,,20296,15,0,7 1 8,1,30,,20281,15,0,7 1 8,1,70,,20289,15,0,7 1 8,1,30,,20297,15,0,7 1 8,1
10201,'9',640,,20311,15,0,7 1 8,1,70,,20298,15,0,7 1 8,1,30,,20314,15,0,7 1 8,1,70,,20305,15,0,7 1 8,1,30,,20301,15,0,7 1 8,1,70,,20308,15,0,7 1 8,1,30,,20309,15,0,7 1 8,1,100,,20300,15,0,7 1 8,1,100,,20303,15,0,7 1 8,1,100,,20310,15,0,7 1 8,1,100,,20312,15,0,7 1 8,1,100,,20302,15,0,7 1 8,1,70,,20299,15,0,7 1 8,1,30,,20313,15,0,7 1 8,1,70,,20307,15,0,7 1 8,1,30,,20315,15,0,7 1 8,1,70,,20304,15,0,7 1 8,1,30,,20306,15,0,7 1 8,1
11000,'1',636,,23450,10,,,1,70,,23438,10,,,1,30,,23440,10,,,1,70,,23453,10,,,1,30,,23441,10,,,1,70,,23446,10,,,1,30,,23448,10,,,1,70,,23437,10,,,1,30,,23447,10,,,1,70,,23434,10,,,1,30,,23436,10,,,1,70,,23445,10,,,1,30,,23457,10,,,1,70,,23451,10,,,1,30,,23452,10,,,1,70,,23439,10,,,1,30,,23435,10,,,1,70,,23433,10,,,1,30,,23443,10,,,1,70,,23455,10,,,1,30,,23449,10,,,1,70,,23444,10,,,1,30,,23456,10,,,1,70,,23442,10,,,1,30,,23454,10,,,1
11000,'2',636,,23470,10,,,1,70,,23459,10,,,1,30,,23463,10,,,1,70,,23475,10,,,1,30,,23478,10,,,1,70,,23476,10,,,1,30,,23466,10,,,1,70,,23467,10,,,1,30,,23458,10,,,1,70,,23461,10,,,1,30,,23477,10,,,1,70,,23479,10,,,1,30,,23471,10,,,1,70,,23473,10,,,1,30,,17518,10,,,1,70,,23480,10,,,1,30,,23474,10,,,1,70,,23460,10,,,1,30,,23472,10,,,1,70,,23465,10,,,1,30,,23481,10,,,1,70,,23469,10,,,1,30,,23468,10,,,1,70,,23462,10,,,1,30,,23464,10,,,1
11000,'3',636,,23483,10,,,1,70,,23502,10,,,1,30,,23482,10,,,1,70,,23503,10,,,1,30,,23485,10,,,1,70,,23496,10,,,1,30,,23484,10,,,1,70,,23493,10,,,1,30,,23495,10,,,1,70,,23494,10,,,1,30,,23501,10,,,1,70,,23492,10,,,1,30,,23488,10,,,1,70,,23498,10,,,1,30,,23490,10,,,1,70,,23499,10,,,1,30,,23486,10,,,1,70,,23500,10,,,1,30,,23489,10,,,1,70,,23497,10,,,1,30,,23491,10,,,1,70,,23504,10,,,1,30,,23505,10,,,1,70,,23487,10,,,1,30,,23506,10,,,1
11000,'4',636,,23530,10,,,1,70,,23529,10,,,1,30,,23527,10,,,1,70,,23508,10,,,1,30,,23521,10,,,1,70,,23520,10,,,1,30,,23509,10,,,1,70,,23522,10,,,1,30,,23507,10,,,1,70,,23510,10,,,1,30,,23514,10,,,1,70,,23517,10,,,1,30,,23516,10,,,1,70,,23531,10,,,1,30,,23512,10,,,1,70,,23525,10,,,1,30,,23526,10,,,1,70,,23524,10,,,1,30,,23511,10,,,1,70,,23518,10,,,1,30,,23513,10,,,1,70,,23515,10,,,1,30,,23519,10,,,1,70,,23528,10,,,1,30,,23523,10,,,1
11000,'5',636,,23550,10,,,1,70,,23546,10,,,1,30,,23551,10,,,1,70,,23535,10,,,1,30,,23547,10,,,1,70,,23537,10,,,1,30,,23539,10,,,1,70,,23534,10,,,1,30,,23543,10,,,1,70,,23536,10,,,1,30,,23533,10,,,1,70,,23532,10,,,1,30,,23541,10,,,1,70,,23538,10,,,1,30,,23555,10,,,1,70,,23542,10,,,1,30,,23554,10,,,1,70,,23556,10,,,1,30,,23540,10,,,1,70,,23548,10,,,1,30,,23553,10,,,1,70,,23552,10,,,1,30,,23544,10,,,1,70,,23549,10,,,1,30,,23545,10,,,1
11000,'7',636,,23559,10,,,1,70,,23578,10,,,1,30,,23565,10,,,1,70,,23576,10,,,1,30,,23573,10,,,1,70,,23579,10,,,1,30,,23569,10,,,1,70,,23574,10,,,1,30,,23572,10,,,1,70,,23568,10,,,1,30,,23570,10,,,1,70,,23580,10,,,1,30,,23558,10,,,1,70,,23561,10,,,1,30,,23577,10,,,1,70,,23575,10,,,1,30,,23562,10,,,1,70,,23563,10,,,1,30,,23566,10,,,1,70,,23581,10,,,1,30,,23557,10,,,1,70,,23567,10,,,1,30,,23560,10,,,1,70,,23571,10,,,1,30,,23564,10,,,1
11000,'8',636,,23586,10,,,1,70,,23595,10,,,1,30,,23593,10,,,1,70,,23603,10,,,1,30,,23602,10,,,1,70,,23589,10,,,1,30,,23596,10,,,1,70,,23599,10,,,1,30,,23582,10,,,1,70,,23606,10,,,1,30,,23590,10,,,1,70,,23600,10,,,1,30,,23584,10,,,1,70,,23587,10,,,1,30,,23601,10,,,1,70,,23598,10,,,1,30,,23588,10,,,1,70,,23592,10,,,1,30,,23594,10,,,1,70,,23605,10,,,1,30,,23591,10,,,1,70,,23583,10,,,1,30,,23585,10,,,1,70,,23604,10,,,1,30,,23597,10,,,1
11000,'9',636,,23620,10,,,1,70,,23613,10,,,1,30,,23631,10,,,1,70,,23615,10,,,1,30,,23612,10,,,1,70,,23626,10,,,1,30,,23628,10,,,1,70,,23608,10,,,1,30,,23629,10,,,1,70,,23611,10,,,1,30,,23609,10,,,1,70,,23610,10,,,1,30,,23630,10,,,1,70,,23621,10,,,1,30,,23616,10,,,1,70,,23627,10,,,1,30,,23623,10,,,1,70,,23614,10,,,1,30,,23622,10,,,1,70,,23607,10,,,1,30,,23625,10,,,1,70,,23618,10,,,1,30,,23624,10,,,1,70,,23619,10,,,1,30,,23617,10,,,1
11500,'1',704,,25320,8,0,7 1 8,1,30,,25326,8,0,7 1 8,1,70,,25315,8,0,7 1 8,1,30,,25316,8,0,7 1 8,1,70,,25325,8,0,7 1 8,1,30,,25332,8,0,7 1 8,1,70,,25328,8,0,7 1 8,1,100,,25327,8,0,7 1 8,1,100,,25319,8,0,7 1 8,1,100,,25323,8,0,7 1 8,1,100,,25322,8,0,7 1 8,1,100,,25330,8,0,7 1 8,1,30,,25331,8,0,7 1 8,1,70,,25318,8,0,7 1 8,1,30,,25321,8,0,7 1 8,1,70,,25324,8,0,7 1 8,1,30,,25317,8,0,7 1 8,1,70,,25329,8,0,7 1 8,1
11500,'2',704,,25349,8,0,7 1 8,1,30,,25334,8,0,7 1 8,1,70,,25338,8,0,7 1 8,1,30,,25347,8,0,7 1 8,1,70,,25335,8,0,7 1 8,1,30,,25336,8,0,7 1 8,1,70,,25339,8,0,7 1 8,1,100,,25333,8,0,7 1 8,1,100,,25343,8,0,7 1 8,1,100,,25341,8,0,7 1 8,1,100,,25337,8,0,7 1 8,1,100,,25344,8,0,7 1 8,1,30,,25346,8,0,7 1 8,1,70,,25348,8,0,7 1 8,1,30,,25340,8,0,7 1 8,1,70,,25342,8,0,7 1 8,1,30,,25345,8,0,7 1 8,1,70,,25350,8,0,7 1 8,1
11500,'3',704,,25367,8,0,7 1 8,1,30,,25365,8,0,7 1 8,1,70,,25357,8,0,7 1 8,1,30,,25362,8,0,7 1 8,1,70,,25352,8,0,7 1 8,1,30,,25354,8,0,7 1 8,1,70,,25366,8,0,7 1 8,1,100,,25359,8,0,7 1 8,1,100,,25368,8,0,7 1 8,1,100,,25360,8,0,7 1 8,1,100,,25364,8,0,7 1 8,1,100,,25358,8,0,7 1 8,1,30,,25363,8,0,7 1 8,1,70,,25355,8,0,7 1 8,1,30,,25353,8,0,7 1 8,1,70,,25351,8,0,7 1 8,1,30,,25361,8,0,7 1 8,1,70,,25356,8,0,7 1 8,1
11500,'4',704,,25373,8,0,7 1 8,1,30,,25369,8,0,7 1 8,1,70,,25384,8,0,7 1 8,1,30,,25383,8,0,7 1 8,1,70,,25374,8,0,7 1 8,1,30,,25380,8,0,7 1 8,1,70,,25386,8,0,7 1 8,1,100,,25376,8,0,7 1 8,1,100,,25372,8,0,7 1 8,1,100,,25378,8,0,7 1 8,1,100,,25385,8,0,7 1 8,1,100,,25375,8,0,7 1 8,1,30,,25371,8,0,7 1 8,1,70,,25379,8,0,7 1 8,1,30,,25370,8,0,7 1 8,1,70,,25381,8,0,7 1 8,1,30,,25382,8,0,7 1 8,1,70,,25377,8,0,7 1 8,1
11500,'5',704,,25393,8,0,7 1 8,1,30,,25402,8,0,7 1 8,1,70,,25394,8,0,7 1 8,1,30,,25392,8,0,7 1 8,1,70,,25400,8,0,7 1 8,1,30,,25390,8,0,7 1 8,1,70,,25391,8,0,7 1 8,1,100,,25389,8,0,7 1 8,1,100,,25404,8,0,7 1 8,1,100,,25395,8,0,7 1 8,1,100,,25397,8,0,7 1 8,1,100,,25387,8,0,7 1 8,1,30,,25399,8,0,7 1 8,1,70,,25403,8,0,7 1 8,1,30,,25401,8,0,7 1 8,1,70,,25396,8,0,7 1 8,1,30,,25388,8,0,7 1 8,1,70,,25398,8,0,7 1 8,1
11500,'7',704,,25418,8,0,7 1 8,1,30,,25420,8,0,7 1 8,1,70,,25408,8,0,7 1 8,1,30,,25419,8,0,7 1 8,1,70,,25421,8,0,7 1 8,1,30,,25412,8,0,7 1 8,1,70,,25422,8,0,7 1 8,1,100,,25414,8,0,7 1 8,1,100,,25405,8,0,7 1 8,1,100,,25411,8,0,7 1 8,1,100,,25410,8,0,7 1 8,1,100,,25406,8,0,7 1 8,1,30,,25413,8,0,7 1 8,1,70,,25415,8,0,7 1 8,1,30,,25416,8,0,7 1 8,1,70,,25417,8,0,7 1 8,1,30,,25409,8,0,7 1 8,1,70,,25407,8,0,7 1 8,1
11500,'8',704,,25427,8,0,7 1 8,1,30,,25438,8,0,7 1 8,1,70,,25425,8,0,7 1 8,1,30,,25434,8,0,7 1 8,1,70,,25429,8,0,7 1 8,1,30,,25433,8,0,7 1 8,1,70,,25440,8,0,7 1 8,1,100,,25435,8,0,7 1 8,1,100,,25437,8,0,7 1 8,1,100,,25432,8,0,7 1 8,1,100,,25436,8,0,7 1 8,1,100,,25424,8,0,7 1 8,1,30,,25426,8,0,7 1 8,1,70,,25431,8,0,7 1 8,1,30,,25428,8,0,7 1 8,1,70,,25430,8,0,7 1 8,1,30,,25439,8,0,7 1 8,1,70,,25423,8,0,7 1 8,1
11500,'9',704,,25456,8,0,7 1 8,1,30,,25454,8,0,7 1 8,1,70,,25441,8,0,7 1 8,1,30,,25445,8,0,7 1 8,1,70,,25458,8,0,7 1 8,1,30,,25449,8,0,7 1 8,1,70,,25446,8,0,7 1 8,1,100,,25452,8,0,7 1 8,1,100,,25443,8,0,7 1 8,1,100,,25447,8,0,7 1 8,1,100,,25451,8,0,7 1 8,1,100,,25450,8,0,7 1 8,1,30,,25444,8,0,7 1 8,1,70,,25457,8,0,7 1 8,1,30,,25453,8,0,7 1 8,1,70,,25455,8,0,7 1 8,1,30,,25442,8,0,7 1 8,1,70,,25448,8,0,7 1 8,1
21000,'1',1909,,28340,8,,,1,30,,28339,8,,,1,70,,28344,8,,,1,30,,28341,8,,,1,70,,28342,8,,,1,30,,28343,8,,,1,70,,28338,8,,,1,30,,28337,8,,,1,70,,18348,8,,,1
21000,'10',739,,28364,8,,,1,70,,28349,8,,,1,30,,28351,8,,,1,70,,28370,8,,,1,30,,28354,8,,,1,70,,28353,8,,,1,30,,28371,8,,,1,70,,28368,8,,,1,30,,28360,8,,,1,70,,28365,8,,,1,30,,28347,8,,,1,70,,28352,8,,,1,30,,28345,8,,,1,70,,28361,8,,,1,30,,28362,8,,,1,70,,28357,8,,,1,30,,28359,8,,,1,70,,28356,8,,,1,30,,28350,8,,,1,70,,28346,8,,,1,30,,28358,8,,,1,70,,28367,8,,,1,30,,28369,8,,,1,70,,28366,8,,,1,30,,28363,8,,,1,70,,28355,8,,,1,30,,28348,8,,,1
21000,'11',739,,28374,8,,,1,70,,28395,8,,,1,30,,28397,8,,,1,70,,28388,8,,,1,30,,28389,8,,,1,70,,28372,8,,,1,30,,28387,8,,,1,70,,28396,8,,,1,30,,28375,8,,,1,70,,28392,8,,,1,30,,28391,8,,,1,70,,28385,8,,,1,30,,28398,8,,,1,70,,28384,8,,,1,30,,28394,8,,,1,70,,28383,8,,,1,30,,28377,8,,,1,70,,28380,8,,,1,30,,28373,8,,,1,70,,28376,8,,,1,30,,28386,8,,,1,70,,28379,8,,,1,30,,28378,8,,,1,70,,28382,8,,,1,30,,28381,8,,,1,70,,28393,8,,,1,30,,28390,8,,,1
21000,'2',1909,,18174,8,,,1,30,,28401,8,,,1,70,,28399,8,,,1,30,,28402,8,,,1,70,,28405,8,,,1,30,,28400,8,,,1,70,,28403,8,,,1,30,,28404,8,,,1,70,,28406,8,,,1
21000,'3',1909,,28411,8,,,1,30,,28408,8,,,1,70,,28410,8,,,1,30,,28412,8,,,1,70,,28414,8,,,1,30,,28415,8,,,1,70,,28407,8,,,1,30,,28413,8,,,1,70,,28409,8,,,1
21000,'4',1909,,28422,8,,,1,30,,28420,8,,,1,70,,28421,8,,,1,30,,28416,8,,,1,70,,28417,8,,,1,30,,28424,8,,,1,70,,28418,8,,,1,30,,28419,8,,,1,70,,28423,8,,,1
21000,'5',1909,,28431,8,,,1,30,,28433,8,,,1,70,,28428,8,,,1,30,,28427,8,,,1,70,,28425,8,,,1,30,,28430,8,,,1,70,,28426,8,,,1,30,,28429,8,,,1,70,,28432,8,,,1
21000,'6',739,,28446,8,,,1,70,,28437,8,,,1,30,,28458,8,,,1,70,,28443,8,,,1,30,,28457,8,,,1,70,,28435,8,,,1,30,,28434,8,,,1,70,,28440,8,,,1,30,,28444,8,,,1,70,,28438,8,,,1,30,,28455,8,,,1,70,,28436,8,,,1,30,,28450,8,,,1,70,,28453,8,,,1,30,,28451,8,,,1,70,,28456,8,,,1,30,,28448,8,,,1,70,,28447,8,,,1,30,,28441,8,,,1,70,,28454,8,,,1,30,,28449,8,,,1,70,,28445,8,,,1,30,,28442,8,,,1,70,,28439,8,,,1,30,,28460,8,,,1,70,,28452,8,,,1,30,,28459,8,,,1
21000,'7',1909,,28462,8,,,1,30,,28463,8,,,1,70,,28467,8,,,1,30,,28465,8,,,1,70,,28461,8,,,1,30,,28468,8,,,1,70,,28464,8,,,1,30,,28469,8,,,1,70,,28466,8,,,1
21000,'8',1909,,28478,8,,,1,30,,28470,8,,,1,70,,28476,8,,,1,30,,28471,8,,,1,70,,28475,8,,,1,30,,28477,8,,,1,70,,28473,8,,,1,30,,28472,8,,,1,70,,28474,8,,,1
21000,'9',1909,,28486,8,,,1,30,,28483,8,,,1,70,,28479,8,,,1,30,,28485,8,,,1,70,,28484,8,,,1,30,,28480,8,,,1,70,,28481,8,,,1,30,,28482,8,,,1,70,,28487,8,,,1
