11301,'1',650,,24838,10,,,1,100,,24841,10,,,1,100,,18571,10,,,1,100,,24833,10,,,1,100,,24815,10,,,1,100,,24822,10,,,1,100,,24837,10,,,1,100,,17395,10,,,1,100,,24817,10,,,1,100,,24832,10,,,1,100,,24834,10,,,1,100,,24806,10,,,1,100,,24827,10,,,1
11301,'2',650,,24868,10,,,1,100,,24856,10,,,1,100,,24864,10,,,1,100,,24869,10,,,1,100,,14749,10,,,1,100,,24854,10,,,1,100,,24852,10,,,1,100,,24857,10,,,1,100,,24858,10,,,1,100,,24855,10,,,1,100,,24845,10,,,1,100,,24860,10,,,1,100,,24875,10,,,1
11301,'3',650,,24903,10,,,1,100,,24895,10,,,1,100,,24896,10,,,1,100,,24894,10,,,1,100,,24890,10,,,1,100,,24905,10,,,1,100,,24904,10,,,1,100,,24886,10,,,1,100,,24916,10,,,1,100,,24907,10,,,1,100,,24882,10,,,1,100,,24901,10,,,1,100,,24887,10,,,1
11301,'4',650,,24926,10,,,1,100,,24921,10,,,1,100,,24951,10,,,1,100,,24932,10,,,1,100,,24939,10,,,1,100,,24928,10,,,1,100,,24956,10,,,1,100,,24954,10,,,1,100,,24955,10,,,1,100,,24959,10,,,1,100,,24933,10,,,1,100,,24937,10,,,1,100,,24938,10,,,1
11301,'5',650,,24978,10,,,1,100,,24996,10,,,1,100,,24972,10,,,1,100,,24990,10,,,1,100,,24964,10,,,1,100,,24992,10,,,1,100,,24999,10,,,1,100,,24976,10,,,1,100,,24981,10,,,1,100,,24984,10,,,1,100,,24987,10,,,1,100,,24985,10,,,1,100,,24986,10,,,1
11301,'7',650,,25037,10,,,1,100,,25015,10,,,1,100,,25024,10,,,1,100,,25031,10,,,1,100,,25028,10,,,1,100,,25006,10,,,1,100,,25020,10,,,1,100,,25021,10,,,1,100,,25038,10,,,1,100,,25016,10,,,1,100,,25030,10,,,1,100,,25036,10,,,1,100,,25005,10,,,1
11301,'8',650,,25051,10,,,1,100,,25043,10,,,1,100,,25062,10,,,1,100,,25064,10,,,1,100,,25075,10,,,1,100,,25082,10,,,1,100,,25083,10,,,1,100,,25081,10,,,1,100,,25057,10,,,1,100,,25060,10,,,1,100,,25070,10,,,1,100,,25048,10,,,1,100,,25066,10,,,1
11301,'9',650,,25101,10,,,1,100,,25095,10,,,1,100,,25117,10,,,1,100,,25114,10,,,1,100,,25122,10,,,1,100,,25105,10,,,1,100,,25115,10,,,1,100,,25094,10,,,1,100,,25085,10,,,1,100,,25090,10,,,1,100,,25087,10,,,1,100,,25119,10,,,1,100,,25084,10,,,1
21301,'1',1950,,29030,10,,,1,100,,29026,10,,,1,100,,29027,10,,,1,100,,29032,10,,,1
21301,'10',750,,29048,10,,,1,100,,29059,10,,,1,100,,29056,10,,,1,100,,29053,10,,,1,100,,29044,10,,,1,100,,29072,10,,,1,100,,29052,10,,,1,100,,29065,10,,,1,100,,29067,10,,,1,100,,29042,10,,,1,100,,29071,10,,,1,100,,29074,10,,,1,100,,29046,10,,,1
21301,'11',750,,29100,10,,,1,100,,29081,10,,,1,100,,29085,10,,,1,100,,29109,10,,,1,100,,29083,10,,,1,100,,29098,10,,,1,100,,29094,10,,,1,100,,29115,10,,,1,100,,29105,10,,,1,100,,29112,10,,,1,100,,29092,10,,,1,100,,29084,10,,,1,100,,29088,10,,,1
21301,'2',1950,,29119,10,,,1,100,,29117,10,,,1,100,,29120,10,,,1,100,,29122,10,,,1
21301,'3',1950,,29132,10,,,1,100,,29129,10,,,1,100,,29133,10,,,1,100,,29135,10,,,1
21301,'4',1950,,29138,10,,,1,100,,29141,10,,,1,100,,29137,10,,,1,100,,29145,10,,,1
21301,'5',1950,,29158,10,,,1,100,,29157,10,,,1,100,,29155,10,,,1,100,,29150,10,,,1
21301,'6',750,,29177,10,,,1,100,,29162,10,,,1,100,,29195,10,,,1,100,,29178,10,,,1,100,,29161,10,,,1,100,,29171,10,,,1,100,,29159,10,,,1,100,,29185,10,,,1,100,,29180,10,,,1,100,,29167,10,,,1,100,,29189,10,,,1,100,,29176,10,,,1,100,,29182,10,,,1
21301,'7',1950,,29208,10,,,1,100,,29202,10,,,1,100,,29203,10,,,1,100,,29207,10,,,1
21301,'8',1950,,29218,10,,,1,100,,29212,10,,,1,100,,29213,10,,,1,100,,29215,10,,,1
21301,'9',1950,,29231,10,,,1,100,,29230,10,,,1,100,,29222,10,,,1,100,,29224,10,,,1
