10501,'1',628,,21326,7,,,1,100,,21351,7,,,1,30,,21333,7,,,1,70,,21342,7,,,1,30,,21345,7,,,1,70,,21340,7,,,1,30,,21324,7,,,1,70,,21349,7,,,1,100,,21335,7,,,1,100,,21352,7,,,1,100,,21338,7,,,1,100,,21323,7,,,1,100,,21327,7,,,1,30,,21329,7,,,1,70,,21353,7,,,1,30,,21322,7,,,1,70,,21336,7,,,1,30,,21344,7,,,1,70,,21321,7,,,1
10501,'2',628,,21376,7,,,1,100,,21379,7,,,1,30,,21387,7,,,1,70,,21369,7,,,1,30,,21378,7,,,1,70,,21377,7,,,1,30,,21372,7,,,1,70,,21386,7,,,1,100,,21383,7,,,1,100,,21357,7,,,1,100,,21382,7,,,1,100,,21374,7,,,1,100,,18132,7,,,1,30,,21373,7,,,1,70,,21367,7,,,1,30,,21368,7,,,1,70,,21359,7,,,1,30,,17299,7,,,1,70,,21389,7,,,1
10501,'3',628,,21427,7,,,1,100,,21408,7,,,1,30,,21407,7,,,1,70,,21392,7,,,1,30,,21406,7,,,1,70,,21393,7,,,1,30,,21414,7,,,1,70,,21424,7,,,1,100,,21409,7,,,1,100,,21397,7,,,1,100,,21423,7,,,1,100,,21403,7,,,1,100,,21401,7,,,1,30,,21398,7,,,1,70,,21396,7,,,1,30,,21425,7,,,1,70,,21390,7,,,1,30,,21400,7,,,1,70,,21417,7,,,1
10501,'4',628,,21446,7,,,1,100,,21465,7,,,1,30,,21459,7,,,1,70,,21444,7,,,1,30,,21432,7,,,1,70,,21464,7,,,1,30,,21452,7,,,1,70,,21463,7,,,1,100,,21450,7,,,1,100,,21435,7,,,1,100,,21454,7,,,1,100,,21461,7,,,1,100,,21458,7,,,1,30,,21436,7,,,1,70,,21430,7,,,1,30,,21456,7,,,1,70,,21460,7,,,1,30,,21453,7,,,1,70,,21455,7,,,1
10501,'5',628,,21498,7,,,1,100,,21493,7,,,1,30,,21499,7,,,1,70,,21469,7,,,1,30,,21476,7,,,1,70,,21473,7,,,1,30,,21478,7,,,1,70,,21501,7,,,1,100,,21490,7,,,1,100,,21486,7,,,1,100,,21470,7,,,1,100,,21475,7,,,1,100,,21481,7,,,1,30,,21492,7,,,1,70,,21484,7,,,1,30,,21485,7,,,1,70,,21489,7,,,1,30,,21471,7,,,1,70,,21477,7,,,1
10501,'7',628,,21536,7,,,1,100,,21512,7,,,1,30,,21506,7,,,1,70,,21504,7,,,1,30,,21529,7,,,1,70,,21526,7,,,1,30,,21532,7,,,1,70,,21527,7,,,1,100,,21509,7,,,1,100,,21505,7,,,1,100,,21537,7,,,1,100,,21534,7,,,1,100,,21517,7,,,1,30,,21514,7,,,1,70,,21513,7,,,1,30,,21519,7,,,1,70,,21530,7,,,1,30,,21528,7,,,1,70,,21515,7,,,1
10501,'8',628,,21561,7,,,1,100,,21559,7,,,1,30,,21552,7,,,1,70,,21560,7,,,1,30,,21544,7,,,1,70,,21562,7,,,1,30,,21556,7,,,1,70,,21542,7,,,1,100,,21555,7,,,1,100,,21557,7,,,1,100,,21551,7,,,1,100,,21549,7,,,1,100,,21547,7,,,1,30,,21576,7,,,1,70,,21566,7,,,1,30,,21550,7,,,1,70,,21546,7,,,1,30,,21563,7,,,1,70,,21575,7,,,1
10501,'9',628,,21596,7,,,1,100,,21591,7,,,1,30,,21586,7,,,1,70,,21614,7,,,1,30,,21610,7,,,1,70,,21611,7,,,1,30,,21615,7,,,1,70,,21597,7,,,1,100,,21617,7,,,1,100,,21600,7,,,1,100,,21606,7,,,1,100,,21594,7,,,1,100,,21581,7,,,1,30,,21592,7,,,1,70,,21607,7,,,1,30,,21603,7,,,1,70,,21601,7,,,1,30,,21590,7,,,1,70,,21598,7,,,1
20501,'1',1927,,18082,7,,,1,100,,27311,7,,,1,100,,27314,7,,,1,100,,27316,7,,,1
20501,'10',727,,27340,7,,,1,100,,27344,7,,,1,100,,27327,7,,,1,100,,27335,7,,,1,100,,27339,7,,,1,100,,27320,7,,,1,100,,27326,7,,,1,100,,27338,7,,,1,100,,27324,7,,,1,100,,27325,7,,,1,100,,27322,7,,,1,100,,27334,7,,,1,100,,27333,7,,,1,100,,27341,7,,,1
20501,'11',727,,27354,7,,,1,100,,27350,7,,,1,100,,27362,7,,,1,100,,27347,7,,,1,100,,27355,7,,,1,100,,27359,7,,,1,100,,27372,7,,,1,100,,27364,7,,,1,100,,27357,7,,,1,100,,27371,7,,,1,100,,27373,7,,,1,100,,27353,7,,,1,100,,27369,7,,,1,100,,27356,7,,,1
20501,'2',1927,,27378,7,,,1,100,,27376,7,,,1,100,,27379,7,,,1,100,,27377,7,,,1
20501,'3',1927,,27389,7,,,1,100,,27383,7,,,1,100,,27387,7,,,1,100,,27382,7,,,1
20501,'4',1927,,27393,7,,,1,100,,27395,7,,,1,100,,27392,7,,,1,100,,27394,7,,,1
20501,'5',1927,,27405,7,,,1,100,,27401,7,,,1,100,,27402,7,,,1,100,,27399,7,,,1
20501,'6',727,,27408,7,,,1,100,,27432,7,,,1,100,,27424,7,,,1,100,,27433,7,,,1,100,,27417,7,,,1,100,,27412,7,,,1,100,,27420,7,,,1,100,,27410,7,,,1,100,,27430,7,,,1,100,,27411,7,,,1,100,,27429,7,,,1,100,,27406,7,,,1,100,,27409,7,,,1,100,,27426,7,,,1
20501,'7',1927,,27438,7,,,1,100,,27439,7,,,1,100,,27441,7,,,1,100,,27437,7,,,1
20501,'8',1927,,27445,7,,,1,100,,27449,7,,,1,100,,27443,7,,,1,100,,27447,7,,,1
20501,'9',1927,,27457,7,,,1,100,,27452,7,,,1,100,,27450,7,,,1,100,,27453,7,,,1
