11600,'1',639,,25805,4,,,1,70,,25771,4,,,1,30,,19042,4,,,1,70,,17594,4,,,1,30,,25808,4,,,1,70,,25777,4,,,1,30,,25807,4,,,1,70,,25810,4,,,1,30,,25774,4,,,1,70,,25811,4,,,1,30,,25781,4,,,1,70,,25789,4,,,1,30,,25798,4,,,1,70,,25799,4,,,1,30,,25790,4,,,1,70,,25804,4,,,1,30,,25792,4,,,1,70,,25784,4,,,1,30,,25802,4,,,1,70,,25785,4,,,1,30,,25768,4,,,1,70,,25783,4,,,1,30,,25797,4,,,1
11600,'2',639,,25816,4,,,1,70,,14960,4,,,1,30,,25837,4,,,1,70,,25826,4,,,1,30,,25813,4,,,1,70,,25845,4,,,1,30,,25828,4,,,1,70,,25815,4,,,1,30,,25819,4,,,1,70,,25834,4,,,1,30,,25843,4,,,1,70,,25847,4,,,1,30,,25856,4,,,1,70,,25853,4,,,1,30,,25824,4,,,1,70,,25836,4,,,1,30,,25820,4,,,1,70,,25833,4,,,1,30,,25812,4,,,1,70,,25855,4,,,1,30,,25839,4,,,1,70,,25838,4,,,1,30,,25818,4,,,1
11600,'3',639,,25888,4,,,1,70,,25885,4,,,1,30,,25902,4,,,1,70,,25893,4,,,1,30,,25864,4,,,1,70,,25899,4,,,1,30,,25897,4,,,1,70,,25900,4,,,1,30,,25887,4,,,1,70,,25859,4,,,1,30,,25866,4,,,1,70,,25884,4,,,1,30,,25865,4,,,1,70,,25901,4,,,1,30,,25868,4,,,1,70,,25860,4,,,1,30,,25898,4,,,1,70,,25870,4,,,1,30,,25873,4,,,1,70,,25890,4,,,1,30,,25889,4,,,1,70,,25879,4,,,1,30,,25874,4,,,1
11600,'4',639,,25919,4,,,1,70,,25909,4,,,1,30,,25904,4,,,1,70,,25929,4,,,1,30,,25922,4,,,1,70,,25938,4,,,1,30,,25946,4,,,1,70,,25944,4,,,1,30,,25925,4,,,1,70,,25923,4,,,1,30,,25932,4,,,1,70,,25910,4,,,1,30,,25905,4,,,1,70,,25927,4,,,1,30,,25933,4,,,1,70,,25941,4,,,1,30,,25937,4,,,1,70,,25918,4,,,1,30,,25908,4,,,1,70,,25930,4,,,1,30,,25934,4,,,1,70,,25921,4,,,1,30,,25942,4,,,1
11600,'5',639,,25988,4,,,1,70,,25950,4,,,1,30,,25969,4,,,1,70,,25989,4,,,1,30,,25966,4,,,1,70,,25963,4,,,1,30,,25994,4,,,1,70,,25979,4,,,1,30,,25962,4,,,1,70,,25972,4,,,1,30,,25975,4,,,1,70,,25971,4,,,1,30,,25952,4,,,1,70,,25991,4,,,1,30,,25974,4,,,1,70,,25978,4,,,1,30,,25986,4,,,1,70,,25980,4,,,1,30,,25985,4,,,1,70,,25951,4,,,1,30,,25953,4,,,1,70,,25965,4,,,1,30,,25970,4,,,1
11600,'7',639,,26021,4,,,1,70,,26032,4,,,1,30,,26010,4,,,1,70,,26036,4,,,1,30,,26033,4,,,1,70,,26013,4,,,1,30,,26001,4,,,1,70,,26026,4,,,1,30,,26025,4,,,1,70,,26018,4,,,1,30,,26020,4,,,1,70,,26028,4,,,1,30,,26037,4,,,1,70,,26007,4,,,1,30,,26004,4,,,1,70,,26034,4,,,1,30,,26029,4,,,1,70,,26040,4,,,1,30,,26030,4,,,1,70,,25997,4,,,1,30,,26012,4,,,1,70,,26002,4,,,1,30,,26003,4,,,1
11600,'8',639,,26048,4,,,1,70,,26079,4,,,1,30,,26069,4,,,1,70,,26065,4,,,1,30,,26041,4,,,1,70,,26083,4,,,1,30,,26078,4,,,1,70,,26059,4,,,1,30,,26046,4,,,1,70,,26053,4,,,1,30,,26067,4,,,1,70,,26077,4,,,1,30,,26074,4,,,1,70,,26058,4,,,1,30,,26072,4,,,1,70,,26042,4,,,1,30,,26084,4,,,1,70,,26080,4,,,1,30,,26070,4,,,1,70,,26061,4,,,1,30,,26075,4,,,1,70,,26068,4,,,1,30,,26082,4,,,1
11600,'9',639,,26114,4,,,1,70,,26094,4,,,1,30,,26123,4,,,1,70,,26128,4,,,1,30,,26113,4,,,1,70,,26101,4,,,1,30,,26118,4,,,1,70,,26087,4,,,1,30,,26099,4,,,1,70,,26089,4,,,1,30,,26109,4,,,1,70,,26126,4,,,1,30,,26117,4,,,1,70,,26110,4,,,1,30,,26105,4,,,1,70,,26092,4,,,1,30,,26124,4,,,1,70,,26132,4,,,1,30,,26121,4,,,1,70,,26096,4,,,1,30,,26088,4,,,1,70,,26098,4,,,1,30,,26115,4,,,1
21600,'1',1809,,29404,4,,,1,30,,29411,4,,,1,70,,29393,4,,,1,30,,29389,4,,,1,70,,29391,4,,,1,30,,29408,4,,,1,70,,29396,4,,,1,30,,29402,4,,,1,70,,29405,4,,,1,30,,29399,4,,,1,70,,29394,4,,,1,30,,29412,4,,,1
21600,'10',709,,29434,4,,,1,30,,29443,4,,,1,70,,29436,4,,,1,30,,29458,4,,,1,70,,29437,4,,,1,30,,29433,4,,,1,70,,29422,4,,,1,30,,29466,4,,,1,70,,29459,4,,,1,30,,29420,4,,,1,70,,29425,4,,,1,30,,29456,4,,,1,70,,29431,4,,,1,30,,29435,4,,,1,70,,29464,4,,,1,30,,29439,4,,,1,70,,19714,4,,,1,30,,29461,4,,,1,70,,29418,4,,,1,30,,29428,4,,,1,70,,29467,4,,,1,30,,29423,4,,,1,70,,29460,4,,,1,30,,29450,4,,,1,70,,29457,4,,,1,30,,29413,4,,,1,70,,29414,4,,,1,30,,29426,4,,,1,70,,29448,4,,,1
21600,'11',709,,29472,4,,,1,30,,29475,4,,,1,70,,29514,4,,,1,30,,29520,4,,,1,70,,29471,4,,,1,30,,29519,4,,,1,70,,29483,4,,,1,30,,29479,4,,,1,70,,29477,4,,,1,30,,29524,4,,,1,70,,29523,4,,,1,30,,29487,4,,,1,70,,29488,4,,,1,30,,29499,4,,,1,70,,29521,4,,,1,30,,29512,4,,,1,70,,29503,4,,,1,30,,29492,4,,,1,70,,29525,4,,,1,30,,29500,4,,,1,70,,29484,4,,,1,30,,29478,4,,,1,70,,29506,4,,,1,30,,29505,4,,,1,70,,29507,4,,,1,30,,29494,4,,,1,70,,29482,4,,,1,30,,29497,4,,,1,70,,29509,4,,,1
21600,'2',1809,,29540,4,,,1,30,,29544,4,,,1,70,,29537,4,,,1,30,,29528,4,,,1,70,,29535,4,,,1,30,,29534,4,,,1,70,,29538,4,,,1,30,,29545,4,,,1,70,,29531,4,,,1,30,,29533,4,,,1,70,,29547,4,,,1,30,,29541,4,,,1
21600,'3',1809,,29562,4,,,1,30,,29551,4,,,1,70,,29558,4,,,1,30,,29550,4,,,1,70,,29549,4,,,1,30,,29552,4,,,1,70,,29571,4,,,1,30,,29555,4,,,1,70,,29554,4,,,1,30,,29569,4,,,1,70,,29570,4,,,1,30,,29559,4,,,1
21600,'4',1809,,29582,4,,,1,30,,29595,4,,,1,70,,29584,4,,,1,30,,29588,4,,,1,70,,29593,4,,,1,30,,29575,4,,,1,70,,29591,4,,,1,30,,29589,4,,,1,70,,29580,4,,,1,30,,29579,4,,,1,70,,29574,4,,,1,30,,29585,4,,,1
21600,'5',1809,,29601,4,,,1,30,,29604,4,,,1,70,,29606,4,,,1,30,,29619,4,,,1,70,,29603,4,,,1,30,,29600,4,,,1,70,,29612,4,,,1,30,,29609,4,,,1,70,,29614,4,,,1,30,,29598,4,,,1,70,,29608,4,,,1,30,,29618,4,,,1
21600,'6',709,,29671,4,,,1,30,,29667,4,,,1,70,,29653,4,,,1,30,,29664,4,,,1,70,,29638,4,,,1,30,,29639,4,,,1,70,,29673,4,,,1,30,,29658,4,,,1,70,,29629,4,,,1,30,,29676,4,,,1,70,,29632,4,,,1,30,,29637,4,,,1,70,,29654,4,,,1,30,,29670,4,,,1,70,,29636,4,,,1,30,,29622,4,,,1,70,,29623,4,,,1,30,,29661,4,,,1,70,,29621,4,,,1,30,,29652,4,,,1,70,,29647,4,,,1,30,,29657,4,,,1,70,,29642,4,,,1,30,,29668,4,,,1,70,,29665,4,,,1,30,,29627,4,,,1,70,,29659,4,,,1,30,,29672,4,,,1,70,,29646,4,,,1
21600,'7',1809,,29690,4,,,1,30,,29696,4,,,1,70,,29684,4,,,1,30,,29698,4,,,1,70,,29699,4,,,1,30,,29702,4,,,1,70,,29693,4,,,1,30,,29681,4,,,1,70,,29700,4,,,1,30,,29679,4,,,1,70,,29683,4,,,1,30,,29680,4,,,1
21600,'8',1809,,29713,4,,,1,30,,29706,4,,,1,70,,29725,4,,,1,30,,29722,4,,,1,70,,29724,4,,,1,30,,29711,4,,,1,70,,29703,4,,,1,30,,29716,4,,,1,70,,29704,4,,,1,30,,29714,4,,,1,70,,29720,4,,,1,30,,29710,4,,,1
21600,'9',1809,,29741,4,,,1,30,,29747,4,,,1,70,,29730,4,,,1,30,,29729,4,,,1,70,,29732,4,,,1,30,,29738,4,,,1,70,,29737,4,,,1,30,,29739,4,,,1,70,,29731,4,,,1,30,,29734,4,,,1,70,,29745,4,,,1,30,,29735,4,,,1
