10601,'1',556,,21756,2,,,1,100,,21766,2,,,1,70,,21752,2,,,1,30,,21767,2,,,1,70,,21760,2,,,1,30,,21758,2,,,1,70,,21754,2,0,17,1,30,,21755,2,,,1,100,,21757,2,,,1,100,,21764,2,,,1,100,,18489,2,,,1,100,,21759,2,,,1,70,,21765,2,,,1,30,,21763,2,,,1,70,,21753,2,,,1,30,,21770,2,,,1,70,,21769,2,,,1,30,,21761,2,,,1,70,,21762,2,,,1,30,,21768,2,,,1
10601,'2',556,,21775,2,,,1,100,,21776,2,,,1,70,,21790,2,,,1,30,,21780,2,,,1,70,,21788,2,,,1,30,,21784,2,,,1,70,,21778,2,0,17,1,30,,21782,2,,,1,100,,21787,2,,,1,100,,21786,2,,,1,100,,21771,2,,,1,100,,21779,2,,,1,70,,21773,2,,,1,30,,21772,2,,,1,70,,21785,2,,,1,30,,21777,2,,,1,70,,21781,2,,,1,30,,21783,2,,,1,70,,21789,2,,,1,30,,21774,2,,,1
10601,'3',556,,21802,2,,,1,100,,21803,2,,,1,70,,21799,2,,,1,30,,21797,2,,,1,70,,21795,2,,,1,30,,21798,2,,,1,70,,21804,2,0,17,1,30,,21793,2,,,1,100,,21808,2,,,1,100,,21805,2,,,1,100,,21810,2,,,1,100,,21792,2,,,1,70,,21807,2,,,1,30,,21800,2,,,1,70,,21791,2,,,1,30,,21794,2,,,1,70,,21806,2,,,1,30,,21796,2,,,1,70,,21809,2,,,1,30,,21801,2,,,1
10601,'4',556,,21812,2,,,1,100,,21818,2,,,1,70,,21822,2,,,1,30,,21820,2,,,1,70,,21828,2,,,1,30,,21830,2,,,1,70,,21819,2,0,17,1,30,,21815,2,,,1,100,,21821,2,,,1,100,,21814,2,,,1,100,,21816,2,,,1,100,,21826,2,,,1,70,,21825,2,,,1,30,,21823,2,,,1,70,,21813,2,,,1,30,,21829,2,,,1,70,,21824,2,,,1,30,,21811,2,,,1,70,,21817,2,,,1,30,,21827,2,,,1
10601,'5',556,,21840,2,,,1,100,,21834,2,,,1,70,,21835,2,,,1,30,,21833,2,,,1,70,,21838,2,,,1,30,,21843,2,,,1,70,,21849,2,0,17,1,30,,21845,2,,,1,100,,21839,2,,,1,100,,21848,2,,,1,100,,21842,2,,,1,100,,21832,2,,,1,70,,21846,2,,,1,30,,21844,2,,,1,70,,21837,2,,,1,30,,21841,2,,,1,70,,21850,2,,,1,30,,21831,2,,,1,70,,21836,2,,,1,30,,21847,2,,,1
10601,'7',556,,21851,2,,,1,100,,21868,2,,,1,70,,21853,2,,,1,30,,21865,2,,,1,70,,21863,2,,,1,30,,21857,2,,,1,70,,21864,2,0,17,1,30,,21867,2,,,1,100,,21861,2,,,1,100,,21866,2,,,1,100,,21860,2,,,1,100,,21856,2,,,1,70,,21854,2,,,1,30,,21859,2,,,1,70,,21862,2,,,1,30,,21855,2,,,1,70,,21870,2,,,1,30,,21858,2,,,1,70,,21869,2,,,1,30,,21852,2,,,1
10601,'8',556,,21882,2,,,1,100,,21875,2,,,1,70,,21888,2,,,1,30,,21877,2,,,1,70,,21879,2,,,1,30,,21881,2,,,1,70,,21890,2,0,17,1,30,,21886,2,,,1,100,,21885,2,,,1,100,,21874,2,,,1,100,,21889,2,,,1,100,,21880,2,,,1,70,,21872,2,,,1,30,,21883,2,,,1,70,,21878,2,,,1,30,,21884,2,,,1,70,,21887,2,,,1,30,,21876,2,,,1,70,,21873,2,,,1,30,,21871,2,,,1
10601,'9',556,,21902,2,,,1,100,,21895,2,,,1,70,,21903,2,,,1,30,,21893,2,,,1,70,,21904,2,,,1,30,,21910,2,,,1,70,,21901,2,0,17,1,30,,21900,2,,,1,100,,21897,2,,,1,100,,21898,2,,,1,100,,21909,2,,,1,100,,21896,2,,,1,70,,21899,2,,,1,30,,21907,2,,,1,70,,21908,2,,,1,30,,21905,2,,,1,70,,21894,2,,,1,30,,21891,2,,,1,70,,21892,2,,,1,30,,21906,2,,,1
20601,'1',1829,,27629,2,,,1,30,,27630,2,,,1,70,,27615,2,,,1,30,,27624,2,,,1,70,,27625,2,,,1,30,,27633,2,,,1,70,,27623,2,,,1,30,,27626,2,,,1,70,,27628,2,,,1,30,,27631,2,,,1
20601,'10',656,,27668,2,,,1,70,,27673,2,,,1,30,,27638,2,,,1,70,,27680,2,,,1,30,,27657,2,,,1,70,,27635,2,,,1,30,,27672,2,,,1,70,,27642,2,,,1,30,,27650,2,,,1,70,,27653,2,,,1,30,,27656,2,,,1,70,,27675,2,,,1,30,,27682,2,,,1,70,,27647,2,,,1,30,,27665,2,,,1,70,,27688,2,,,1,30,,27640,2,,,1,70,,27684,2,,,1,30,,27636,2,,,1,70,,27644,2,,,1,30,,27681,2,,,1,70,,27671,2,,,1,30,,19502,2,,,1,70,,27679,2,,,1,30,,27639,2,,,1,70,,27646,2,,,1,30,,27651,2,,,1,70,,27661,2,,,1
20601,'11',656,,27723,2,,,1,70,,27699,2,,,1,30,,27707,2,,,1,70,,27727,2,,,1,30,,27744,2,,,1,70,,27736,2,,,1,30,,27717,2,,,1,70,,27742,2,,,1,30,,27712,2,,,1,70,,27701,2,,,1,30,,27719,2,,,1,70,,27713,2,,,1,30,,27694,2,,,1,70,,27725,2,,,1,30,,27709,2,,,1,70,,27704,2,,,1,30,,27695,2,,,1,70,,27690,2,,,1,30,,27692,2,,,1,70,,27739,2,,,1,30,,27737,2,,,1,70,,27735,2,,,1,30,,27711,2,,,1,70,,27729,2,,,1,30,,27705,2,,,1,70,,27743,2,,,1,30,,27698,2,,,1,70,,27741,2,,,1
20601,'2',1829,,27754,2,,,1,30,,27751,2,,,1,70,,18171,2,,,1,30,,27760,2,,,1,70,,27756,2,,,1,30,,27762,2,,,1,70,,27759,2,,,1,30,,27747,2,,,1,70,,27757,2,,,1,30,,27749,2,,,1
20601,'3',1829,,27774,2,,,1,30,,27769,2,,,1,70,,27767,2,,,1,30,,27764,2,,,1,70,,27777,2,,,1,30,,27782,2,,,1,70,,27781,2,,,1,30,,27772,2,,,1,70,,27780,2,,,1,30,,27775,2,,,1
20601,'4',1829,,27787,2,,,1,30,,27798,2,,,1,70,,27800,2,,,1,30,,27797,2,,,1,70,,27792,2,,,1,30,,27786,2,,,1,70,,27801,2,,,1,30,,27784,2,,,1,70,,27790,2,,,1,30,,27802,2,,,1
20601,'5',1829,,27805,2,,,1,30,,27823,2,,,1,70,,27811,2,,,1,30,,27809,2,,,1,70,,27806,2,,,1,30,,27818,2,,,1,70,,27817,2,,,1,30,,27821,2,,,1,70,,27807,2,,,1,30,,27813,2,,,1
20601,'6',656,,27869,2,,,1,70,,27865,2,,,1,30,,27863,2,,,1,70,,27827,2,,,1,30,,27844,2,,,1,70,,27842,2,,,1,30,,27873,2,,,1,70,,27828,2,,,1,30,,27874,2,,,1,70,,27829,2,,,1,30,,27868,2,,,1,70,,27847,2,,,1,30,,27839,2,,,1,70,,27879,2,,,1,30,,27867,2,,,1,70,,27825,2,,,1,30,,27862,2,,,1,70,,27860,2,,,1,30,,27871,2,,,1,70,,27831,2,,,1,30,,27857,2,,,1,70,,27872,2,,,1,30,,27856,2,,,1,70,,27878,2,,,1,30,,27834,2,,,1,70,,27835,2,,,1,30,,27837,2,,,1,70,,27876,2,,,1
20601,'7',1829,,27888,2,,,1,30,,27885,2,,,1,70,,27897,2,,,1,30,,27890,2,,,1,70,,27896,2,,,1,30,,27886,2,,,1,70,,27882,2,,,1,30,,27895,2,,,1,70,,27893,2,,,1,30,,27898,2,,,1
20601,'8',1829,,27901,2,,,1,30,,27909,2,,,1,70,,27905,2,,,1,30,,27913,2,,,1,70,,27906,2,,,1,30,,27917,2,,,1,70,,27918,2,,,1,30,,27902,2,,,1,70,,27900,2,,,1,30,,27907,2,,,1
20601,'9',1829,,27920,2,,,1,30,,27936,2,,,1,70,,27928,2,,,1,30,,27939,2,,,1,70,,27937,2,,,1,30,,27923,2,,,1,70,,27925,2,,,1,30,,27935,2,,,1,70,,27931,2,,,1,30,,27930,2,,,1
