10100,'1',701,,19742,3,,,1,30,,19743,3,,,1,70,,19746,3,,,1,30,,19744,3,,,1,70,,19757,3,,,1,30,,19748,3,,,1,70,,19756,3,,,1,100,,19758,3,,,1,100,,19751,3,,,1,100,,19749,3,,,1,100,,19750,3,,,1,100,,19745,3,,,1,30,,19755,3,,,1,70,,19753,3,,,1,30,,19759,3,,,1,70,,19747,3,,,1,30,,19754,3,,,1,70,,19752,3,,,1
10100,'2',701,,19776,3,,,1,30,,19773,3,,,1,70,,19772,3,,,1,30,,19767,3,,,1,70,,19766,3,,,1,30,,19760,3,,,1,70,,19768,3,,,1,100,,19761,3,,,1,100,,19774,3,,,1,100,,19762,3,,,1,100,,19763,3,,,1,100,,19777,3,,,1,30,,19765,3,,,1,70,,19771,3,,,1,30,,19769,3,,,1,70,,19764,3,,,1,30,,19775,3,,,1,70,,19770,3,,,1
10100,'3',701,,19793,3,,,1,30,,19780,3,,,1,70,,19785,3,,,1,30,,19783,3,,,1,70,,19789,3,,,1,30,,19788,3,,,1,70,,19795,3,,,1,100,,19792,3,,,1,100,,19778,3,,,1,100,,19781,3,,,1,100,,19784,3,,,1,100,,19787,3,,,1,30,,19794,3,,,1,70,,19779,3,,,1,30,,19791,3,,,1,70,,19782,3,,,1,30,,19790,3,,,1,70,,19786,3,,,1
10100,'4',701,,19808,3,,,1,30,,19807,3,,,1,70,,19812,3,,,1,30,,19799,3,,,1,70,,19805,3,,,1,30,,19797,3,,,1,70,,19803,3,,,1,100,,19800,3,,,1,100,,19810,3,,,1,100,,19806,3,,,1,100,,19798,3,,,1,100,,19813,3,,,1,30,,19802,3,,,1,70,,19796,3,,,1,30,,19809,3,,,1,70,,19801,3,,,1,30,,19804,3,,,1,70,,19811,3,,,1
10100,'5',701,,19815,3,,,1,30,,19831,3,,,1,70,,19816,3,,,1,30,,19825,3,,,1,70,,19827,3,,,1,30,,19828,3,,,1,70,,19824,3,,,1,100,,19818,3,,,1,100,,19826,3,,,1,100,,19817,3,,,1,100,,19820,3,,,1,100,,19822,3,,,1,30,,19830,3,,,1,70,,19819,3,,,1,30,,19823,3,,,1,70,,19814,3,,,1,30,,19829,3,,,1,70,,19821,3,,,1
10100,'7',701,,19832,3,,,1,30,,19845,3,,,1,70,,19843,3,,,1,30,,19839,3,,,1,70,,19841,3,,,1,30,,19836,3,,,1,70,,19833,3,,,1,100,,19847,3,,,1,100,,19834,3,,,1,100,,19849,3,,,1,100,,19842,3,,,1,100,,19844,3,,,1,30,,19848,3,,,1,70,,19837,3,,,1,30,,19835,3,,,1,70,,19840,3,,,1,30,,19838,3,,,1,70,,19846,3,,,1
10100,'8',701,,19862,3,,,1,30,,19851,3,,,1,70,,19852,3,,,1,30,,19866,3,,,1,70,,19864,3,,,1,30,,19860,3,,,1,70,,19850,3,,,1,100,,19867,3,,,1,100,,19856,3,,,1,100,,19858,3,,,1,100,,19859,3,,,1,100,,19853,3,,,1,30,,19855,3,,,1,70,,19863,3,,,1,30,,19854,3,,,1,70,,19861,3,,,1,30,,19865,3,,,1,70,,19857,3,,,1
10100,'9',701,,19875,3,,,1,30,,19870,3,,,1,70,,19878,3,,,1,30,,19877,3,,,1,70,,19868,3,,,1,30,,19876,3,,,1,70,,19884,3,,,1,100,,19881,3,,,1,100,,19883,3,,,1,100,,19879,3,,,1,100,,19871,3,,,1,100,,19872,3,,,1,30,,19882,3,,,1,70,,19880,3,,,1,30,,19873,3,,,1,70,,19874,3,,,1,30,,19885,3,,,1,70,,19869,3,,,1
10600,'1',637,,21619,3,,,1,100,,21625,3,,,1,70,,21632,3,,,1,30,,21627,3,,,1,70,,21621,3,,,1,30,,21626,3,,,1,100,,21629,3,,,1,100,,21631,3,,,1,100,,21618,3,,,1,100,,16062,3,,,1,100,,21633,3,,,1,70,,21620,3,,,1,30,,21623,3,,,1,70,,21622,3,,,1,23,,21630,3,,,1,77,,21628,3,,,1,23,,21624,3,,,1
10600,'2',637,,21646,3,,,1,100,,21649,3,,,1,70,,17440,3,,,1,30,,21643,3,,,1,70,,21645,3,,,1,30,,21634,3,,,1,100,,21638,3,,,1,100,,21647,3,,,1,100,,21636,3,,,1,100,,21642,3,,,1,100,,21637,3,,,1,70,,21641,3,,,1,30,,21635,3,,,1,70,,21644,3,,,1,23,,21648,3,,,1,77,,21639,3,,,1,23,,21640,3,,,1
10600,'3',637,,21666,3,,,1,100,,21664,3,,,1,70,,21655,3,,,1,30,,21661,3,,,1,70,,21656,3,,,1,30,,21653,3,,,1,100,,21651,3,,,1,100,,21665,3,,,1,100,,21663,3,,,1,100,,21657,3,,,1,100,,21654,3,,,1,70,,21662,3,,,1,30,,21650,3,,,1,70,,21658,3,,,1,23,,21659,3,,,1,77,,21660,3,,,1,23,,21652,3,,,1
10600,'4',637,,21682,3,,,1,100,,21676,3,,,1,70,,21674,3,,,1,30,,21681,3,,,1,70,,21675,3,,,1,30,,21680,3,,,1,100,,21671,3,,,1,100,,21678,3,,,1,100,,21673,3,,,1,100,,21668,3,,,1,100,,21667,3,,,1,70,,21683,3,,,1,30,,21670,3,,,1,70,,21679,3,,,1,23,,21669,3,,,1,77,,21677,3,,,1,23,,21672,3,,,1
10600,'5',637,,21697,3,,,1,100,,21693,3,,,1,70,,21684,3,,,1,30,,21696,3,,,1,70,,21686,3,,,1,30,,21690,3,,,1,100,,21692,3,,,1,100,,21685,3,,,1,100,,21691,3,,,1,100,,21699,3,,,1,100,,21694,3,,,1,70,,21698,3,,,1,30,,21695,3,,,1,70,,21700,3,,,1,23,,21688,3,,,1,77,,21689,3,,,1,23,,21687,3,,,1
10600,'7',637,,21713,3,,,1,100,,21716,3,,,1,70,,21703,3,,,1,30,,21705,3,,,1,70,,21702,3,,,1,30,,21701,3,,,1,100,,21708,3,,,1,100,,21710,3,,,1,100,,21706,3,,,1,100,,21717,3,,,1,100,,21712,3,,,1,70,,21704,3,,,1,30,,21715,3,,,1,70,,21714,3,,,1,23,,21707,3,,,1,77,,21711,3,,,1,23,,21709,3,,,1
10600,'8',637,,21727,3,,,1,100,,21721,3,,,1,70,,21723,3,,,1,30,,21730,3,,,1,70,,21734,3,,,1,30,,21729,3,,,1,100,,21726,3,,,1,100,,21718,3,,,1,100,,21732,3,,,1,100,,21720,3,,,1,100,,21725,3,,,1,70,,21731,3,,,1,30,,21722,3,,,1,70,,21724,3,,,1,23,,21728,3,,,1,77,,21719,3,,,1,23,,21733,3,,,1
10600,'9',637,,21739,3,,,1,100,,21749,3,,,1,70,,21746,3,,,1,30,,21751,3,,,1,70,,21743,3,,,1,30,,21737,3,,,1,100,,21750,3,,,1,100,,21744,3,,,1,100,,21745,3,,,1,100,,21740,3,,,1,100,,21742,3,,,1,70,,21736,3,,,1,30,,21748,3,,,1,70,,21747,3,,,1,23,,21738,3,,,1,77,,21741,3,,,1,23,,21735,3,,,1
20600,'1',1811,,27467,3,,,1,30,,27459,3,,,1,70,,27463,3,,,1,30,,27464,3,,,1,70,,27458,3,,,1,30,,27460,3,,,1,70,,27466,3,,,1,30,,27462,3,,,1,70,,27465,3,,,1,30,,27461,3,,,1
20600,'10',736,,18923,3,,,1,70,,27477,3,,,1,30,,27486,3,,,1,70,,27470,3,,,1,30,,27482,3,,,1,70,,27488,3,,,1,30,,27491,3,,,1,70,,27492,3,,,1,30,,27474,3,,,1,70,,27473,3,,,1,30,,27484,3,,,1,70,,27479,3,,,1,30,,27472,3,,,1,70,,27468,3,,,1,30,,27480,3,,,1,70,,27489,3,,,1,30,,27485,3,,,1,70,,27476,3,,,1,30,,27475,3,,,1,70,,27481,3,,,1,30,,27478,3,,,1,70,,27487,3,,,1,30,,27471,3,,,1,70,,27483,3,,,1,30,,27490,3,,,1,70,,27469,3,,,1
20600,'11',736,,27493,3,,,1,70,,27515,3,,,1,30,,27512,3,,,1,70,,27506,3,,,1,30,,27495,3,,,1,70,,27504,3,,,1,30,,27507,3,,,1,70,,27518,3,,,1,30,,27496,3,,,1,70,,27498,3,,,1,30,,27508,3,,,1,70,,27509,3,,,1,30,,27502,3,,,1,70,,27511,3,,,1,30,,27510,3,,,1,70,,27497,3,,,1,30,,27494,3,,,1,70,,27513,3,,,1,30,,27500,3,,,1,70,,27516,3,,,1,30,,27503,3,,,1,70,,27514,3,,,1,30,,27505,3,,,1,70,,27501,3,,,1,30,,27499,3,,,1,70,,27517,3,,,1
20600,'2',1811,,27521,3,,,1,30,,27528,3,,,1,70,,27526,3,,,1,30,,27522,3,,,1,70,,27519,3,,,1,30,,27525,3,,,1,70,,27520,3,,,1,30,,27527,3,,,1,70,,27524,3,,,1,30,,27523,3,,,1
20600,'3',1811,,27532,3,,,1,30,,27530,3,,,1,70,,27533,3,,,1,30,,27535,3,,,1,70,,27531,3,,,1,30,,27537,3,,,1,70,,27536,3,,,1,30,,27529,3,,,1,70,,27534,3,,,1,30,,27538,3,,,1
20600,'4',1811,,27539,3,,,1,30,,27547,3,,,1,70,,27541,3,,,1,30,,27544,3,,,1,70,,27543,3,,,1,30,,27546,3,,,1,70,,27545,3,,,1,30,,27548,3,,,1,70,,27540,3,,,1,30,,27542,3,,,1
20600,'5',1811,,27550,3,,,1,30,,27555,3,,,1,70,,27558,3,,,1,30,,27549,3,,,1,70,,27551,3,,,1,30,,27556,3,,,1,70,,27554,3,,,1,30,,27552,3,,,1,70,,27557,3,,,1,30,,27553,3,,,1
20600,'6',736,,27575,3,,,1,70,,27571,3,,,1,30,,27579,3,,,1,70,,27584,3,,,1,30,,27562,3,,,1,70,,27578,3,,,1,30,,27566,3,,,1,70,,27570,3,,,1,30,,27563,3,,,1,70,,27559,3,,,1,30,,27582,3,,,1,70,,27560,3,,,1,30,,27567,3,,,1,70,,27577,3,,,1,30,,27561,3,,,1,70,,27583,3,,,1,30,,27574,3,,,1,70,,27573,3,,,1,30,,27564,3,,,1,70,,27581,3,,,1,30,,27572,3,,,1,70,,27565,3,,,1,30,,27569,3,,,1,70,,27568,3,,,1,30,,27580,3,,,1,70,,27576,3,,,1
20600,'7',1811,,27586,3,,,1,30,,27589,3,,,1,70,,27591,3,,,1,30,,27593,3,,,1,70,,27592,3,,,1,30,,27588,3,,,1,70,,27585,3,,,1,30,,27590,3,,,1,70,,27594,3,,,1,30,,27587,3,,,1
20600,'8',1811,,27601,3,,,1,30,,27596,3,,,1,70,,27600,3,,,1,30,,27595,3,,,1,70,,27604,3,,,1,30,,27598,3,,,1,70,,27603,3,,,1,30,,27599,3,,,1,70,,27602,3,,,1,30,,27597,3,,,1
20600,'9',1811,,27608,3,,,1,30,,27611,3,,,1,70,,27614,3,,,1,30,,27607,3,,,1,70,,27609,3,,,1,30,,27613,3,,,1,70,,27610,3,,,1,30,,27605,3,,,1,70,,27612,3,,,1,30,,27606,3,,,1
