10701,'1',559,,17499,1,,,1,100,,22095,1,,,1,70,,22085,1,,,1,30,,22078,1,,,1,70,,22106,1,,,1,30,,22102,1,,,1,100,,22094,1,,,1,100,,22109,1,,,1,100,,22081,1,,,1,100,,22089,1,,,1,100,,22068,1,,,1,70,,22088,1,,,1,30,,22093,1,,,1,70,,22069,1,,,1,30,,22110,1,,,1,70,,22083,1,,,1,30,,22098,1,,,1,70,,22114,1,,,1,30,,22076,1,,,1,100,,22059,1,,,1
10701,'2',559,,22128,1,,,1,100,,22160,1,,,1,70,,22122,1,,,1,30,,22140,1,,,1,70,,22120,1,,,1,30,,22154,1,,,1,100,,22146,1,,,1,100,,22148,1,,,1,100,,22127,1,,,1,100,,22137,1,,,1,100,,22125,1,,,1,70,,22133,1,,,1,30,,22145,1,,,1,70,,22138,1,,,1,30,,22166,1,,,1,70,,22164,1,,,1,30,,22119,1,,,1,70,,22129,1,,,1,30,,22130,1,,,1,100,,22169,1,,,1
10701,'3',559,,22208,1,,,1,100,,22189,1,,,1,70,,22230,1,,,1,30,,22188,1,,,1,70,,22213,1,,,1,30,,22203,1,,,1,100,,22204,1,,,1,100,,22214,1,,,1,100,,22200,1,,,1,100,,22176,1,,,1,100,,22223,1,,,1,70,,22222,1,,,1,30,,22199,1,,,1,70,,22177,1,,,1,30,,22178,1,,,1,70,,22192,1,,,1,30,,22224,1,,,1,70,,22235,1,,,1,30,,22180,1,,,1,100,,22193,1,,,1
10701,'4',559,,22252,1,,,1,100,,22258,1,,,1,70,,22294,1,,,1,30,,22290,1,,,1,70,,22277,1,,,1,30,,22265,1,,,1,100,,22245,1,,,1,100,,22269,1,,,1,100,,22285,1,,,1,100,,22257,1,,,1,100,,22273,1,,,1,70,,22289,1,,,1,30,,22253,1,,,1,70,,22282,1,,,1,30,,22264,1,,,1,70,,22244,1,,,1,30,,22293,1,,,1,70,,22291,1,,,1,30,,22283,1,,,1,100,,22260,1,,,1
10701,'5',559,,22355,1,,,1,100,,22321,1,,,1,70,,22346,1,,,1,30,,22334,1,,,1,70,,22330,1,,,1,30,,22354,1,,,1,100,,22320,1,,,1,100,,22311,1,,,1,100,,22325,1,,,1,100,,22315,1,,,1,100,,22306,1,,,1,70,,22338,1,,,1,30,,22328,1,,,1,70,,22327,1,,,1,30,,22312,1,,,1,70,,22336,1,,,1,30,,22304,1,,,1,70,,22309,1,,,1,30,,22331,1,,,1,100,,22332,1,,,1
10701,'7',559,,22382,1,,,1,100,,22369,1,,,1,70,,22384,1,,,1,30,,22371,1,,,1,70,,22393,1,,,1,30,,22379,1,,,1,100,,22375,1,,,1,100,,22400,1,,,1,100,,22402,1,,,1,100,,22368,1,,,1,100,,22360,1,,,1,70,,22405,1,,,1,30,,22387,1,,,1,70,,22357,1,,,1,30,,22363,1,,,1,70,,22412,1,,,1,30,,22365,1,,,1,70,,22370,1,,,1,30,,22396,1,,,1,100,,22356,1,,,1
10701,'8',559,,22435,1,,,1,100,,22432,1,,,1,70,,22465,1,,,1,30,,22429,1,,,1,70,,22442,1,,,1,30,,22434,1,,,1,100,,22447,1,,,1,100,,22424,1,,,1,100,,22446,1,,,1,100,,22430,1,,,1,100,,22474,1,,,1,70,,22422,1,,,1,30,,22421,1,,,1,70,,22462,1,,,1,30,,22473,1,,,1,70,,22439,1,,,1,30,,22463,1,,,1,70,,22436,1,,,1,30,,22455,1,,,1,100,,22467,1,,,1
10701,'9',559,,22497,1,,,1,100,,22483,1,,,1,70,,22477,1,,,1,30,,22525,1,,,1,70,,22503,1,,,1,30,,22484,1,,,1,100,,22488,1,,,1,100,,22511,1,,,1,100,,22512,1,,,1,100,,22527,1,,,1,100,,22491,1,,,1,70,,22501,1,,,1,30,,22529,1,,,1,70,,22508,1,,,1,30,,22521,1,,,1,70,,22493,1,,,1,30,,22485,1,,,1,70,,22516,1,,,1,30,,22531,1,,,1,100,,22479,1,,,1
21401,'1',1840,,29314,10,,,1,100,,29315,10,,,1,100,,29313,10,,,1,100,,29312,10,,,1,100,,29311,10,,,1
21401,'10',740,,29324,10,,,1,100,,29323,10,,,1,100,,29327,10,,,1,100,,29322,10,,,1,100,,29325,10,,,1,100,,29316,10,,,1,100,,29326,10,,,1,100,,29319,10,,,1,100,,29320,10,,,1,100,,17231,10,,,1,100,,29317,10,,,1,100,,29318,10,,,1,100,,29321,10,,,1
21401,'11',740,,29335,10,,,1,100,,29331,10,,,1,100,,29334,10,,,1,100,,29328,10,,,1,100,,29329,10,,,1,100,,29336,10,,,1,100,,29330,10,,,1,100,,29338,10,,,1,100,,29339,10,,,1,100,,29332,10,,,1,100,,29337,10,,,1,100,,29340,10,,,1,100,,29333,10,,,1
21401,'2',1840,,29344,10,,,1,100,,29343,10,,,1,100,,29342,10,,,1,100,,29341,10,,,1,100,,29345,10,,,1
21401,'3',1840,,29347,10,,,1,100,,29350,10,,,1,100,,29348,10,,,1,100,,29346,10,,,1,100,,29349,10,,,1
21401,'4',1840,,29354,10,,,1,100,,29352,10,,,1,100,,29355,10,,,1,100,,29353,10,,,1,100,,29351,10,,,1
21401,'5',1840,,29360,10,,,1,100,,29358,10,,,1,100,,29357,10,,,1,100,,29356,10,,,1,100,,29359,10,,,1
21401,'6',740,,29373,10,,,1,100,,29365,10,,,1,100,,29368,10,,,1,100,,29367,10,,,1,100,,29370,10,,,1,100,,29366,10,,,1,100,,29361,10,,,1,100,,29364,10,,,1,100,,29372,10,,,1,100,,29369,10,,,1,100,,29363,10,,,1,100,,29371,10,,,1,100,,29362,10,,,1
21401,'7',1840,,29377,10,,,1,100,,29374,10,,,1,100,,29375,10,,,1,100,,29378,10,,,1,100,,29376,10,,,1
21401,'8',1840,,29382,10,,,1,100,,29379,10,,,1,100,,29380,10,,,1,100,,29381,10,,,1,100,,29383,10,,,1
21401,'9',1840,,29388,10,,,1,100,,29386,10,,,1,100,,29387,10,,,1,100,,29385,10,,,1,100,,29384,10,,,1
