10600,'1',644,,21619,14,,,1,100,,21625,14,,,1,70,,21632,14,,,1,30,,21627,14,,,1,70,,21621,14,,,1,30,,21626,14,,,1,100,,21629,14,,,1,100,,21631,14,,,1,100,,21618,14,,,1,100,,16062,14,,,1,100,,21633,14,,,1,70,,21620,14,,,1,30,,21623,14,,,1,70,,21622,14,,,1,23,,21630,14,,,1,77,,21628,14,,,1,23,,21624,14,,,1
10600,'2',644,,21646,14,,,1,100,,21649,14,,,1,70,,17440,14,,,1,30,,21643,14,,,1,70,,21645,14,,,1,30,,21634,14,,,1,100,,21638,14,,,1,100,,21647,14,,,1,100,,21636,14,,,1,100,,21642,14,,,1,100,,21637,14,,,1,70,,21641,14,,,1,30,,21635,14,,,1,70,,21644,14,,,1,23,,21648,14,,,1,77,,21639,14,,,1,23,,21640,14,,,1
10600,'3',644,,21666,14,,,1,100,,21664,14,,,1,70,,21655,14,,,1,30,,21661,14,,,1,70,,21656,14,,,1,30,,21653,14,,,1,100,,21651,14,,,1,100,,21665,14,,,1,100,,21663,14,,,1,100,,21657,14,,,1,100,,21654,14,,,1,70,,21662,14,,,1,30,,21650,14,,,1,70,,21658,14,,,1,23,,21659,14,,,1,77,,21660,14,,,1,23,,21652,14,,,1
10600,'4',644,,21682,14,,,1,100,,21676,14,,,1,70,,21674,14,,,1,30,,21681,14,,,1,70,,21675,14,,,1,30,,21680,14,,,1,100,,21671,14,,,1,100,,21678,14,,,1,100,,21673,14,,,1,100,,21668,14,,,1,100,,21667,14,,,1,70,,21683,14,,,1,30,,21670,14,,,1,70,,21679,14,,,1,23,,21669,14,,,1,77,,21677,14,,,1,23,,21672,14,,,1
10600,'5',644,,21697,14,,,1,100,,21693,14,,,1,70,,21684,14,,,1,30,,21696,14,,,1,70,,21686,14,,,1,30,,21690,14,,,1,100,,21692,14,,,1,100,,21685,14,,,1,100,,21691,14,,,1,100,,21699,14,,,1,100,,21694,14,,,1,70,,21698,14,,,1,30,,21695,14,,,1,70,,21700,14,,,1,23,,21688,14,,,1,77,,21689,14,,,1,23,,21687,14,,,1
10600,'7',644,,21713,14,,,1,100,,21716,14,,,1,70,,21703,14,,,1,30,,21705,14,,,1,70,,21702,14,,,1,30,,21701,14,,,1,100,,21708,14,,,1,100,,21710,14,,,1,100,,21706,14,,,1,100,,21717,14,,,1,100,,21712,14,,,1,70,,21704,14,,,1,30,,21715,14,,,1,70,,21714,14,,,1,23,,21707,14,,,1,77,,21711,14,,,1,23,,21709,14,,,1
10600,'8',644,,21727,14,,,1,100,,21721,14,,,1,70,,21723,14,,,1,30,,21730,14,,,1,70,,21734,14,,,1,30,,21729,14,,,1,100,,21726,14,,,1,100,,21718,14,,,1,100,,21732,14,,,1,100,,21720,14,,,1,100,,21725,14,,,1,70,,21731,14,,,1,30,,21722,14,,,1,70,,21724,14,,,1,23,,21728,14,,,1,77,,21719,14,,,1,23,,21733,14,,,1
10600,'9',644,,21739,14,,,1,100,,21749,14,,,1,70,,21746,14,,,1,30,,21751,14,,,1,70,,21743,14,,,1,30,,21737,14,,,1,100,,21750,14,,,1,100,,21744,14,,,1,100,,21745,14,,,1,100,,21740,14,,,1,100,,21742,14,,,1,70,,21736,14,,,1,30,,21748,14,,,1,70,,21747,14,,,1,23,,21738,14,,,1,77,,21741,14,,,1,23,,21735,14,,,1
10601,'1',609,,21756,20,,,1,100,,21766,20,,,1,30,,21752,20,,,1,70,,21767,20,,,1,30,,21760,20,,,1,70,,21758,20,,,1,100,,21755,20,,,1,100,,21757,20,,,1,100,,21764,20,,,1,100,,18489,20,,,1,100,,21759,20,,,1,30,,21765,20,,,1,70,,21763,20,,,1,30,,21753,20,,,1,70,,21770,20,,,1,30,,21769,20,,,1,70,,21761,20,,,1,30,,21762,20,,,1,70,,21768,20,,,1
10601,'2',609,,21775,20,,,1,100,,21776,20,,,1,30,,21790,20,,,1,70,,21780,20,,,1,30,,21788,20,,,1,70,,21784,20,,,1,100,,21782,20,,,1,100,,21787,20,,,1,100,,21786,20,,,1,100,,21771,20,,,1,100,,21779,20,,,1,30,,21773,20,,,1,70,,21772,20,,,1,30,,21785,20,,,1,70,,21777,20,,,1,30,,21781,20,,,1,70,,21783,20,,,1,30,,21789,20,,,1,70,,21774,20,,,1
10601,'3',609,,21802,20,,,1,100,,21803,20,,,1,30,,21799,20,,,1,70,,21797,20,,,1,30,,21795,20,,,1,70,,21798,20,,,1,100,,21793,20,,,1,100,,21808,20,,,1,100,,21805,20,,,1,100,,21810,20,,,1,100,,21792,20,,,1,30,,21807,20,,,1,70,,21800,20,,,1,30,,21791,20,,,1,70,,21794,20,,,1,30,,21806,20,,,1,70,,21796,20,,,1,30,,21809,20,,,1,70,,21801,20,,,1
10601,'4',609,,21812,20,,,1,100,,21818,20,,,1,30,,21822,20,,,1,70,,21820,20,,,1,30,,21828,20,,,1,70,,21830,20,,,1,100,,21815,20,,,1,100,,21821,20,,,1,100,,21814,20,,,1,100,,21816,20,,,1,100,,21826,20,,,1,30,,21825,20,,,1,70,,21823,20,,,1,30,,21813,20,,,1,70,,21829,20,,,1,30,,21824,20,,,1,70,,21811,20,,,1,30,,21817,20,,,1,70,,21827,20,,,1
10601,'5',609,,21840,20,,,1,100,,21834,20,,,1,30,,21835,20,,,1,70,,21833,20,,,1,30,,21838,20,,,1,70,,21843,20,,,1,100,,21845,20,,,1,100,,21839,20,,,1,100,,21848,20,,,1,100,,21842,20,,,1,100,,21832,20,,,1,30,,21846,20,,,1,70,,21844,20,,,1,30,,21837,20,,,1,70,,21841,20,,,1,30,,21850,20,,,1,70,,21831,20,,,1,30,,21836,20,,,1,70,,21847,20,,,1
10601,'7',609,,21851,20,,,1,100,,21868,20,,,1,30,,21853,20,,,1,70,,21865,20,,,1,30,,21863,20,,,1,70,,21857,20,,,1,100,,21867,20,,,1,100,,21861,20,,,1,100,,21866,20,,,1,100,,21860,20,,,1,100,,21856,20,,,1,30,,21854,20,,,1,70,,21859,20,,,1,30,,21862,20,,,1,70,,21855,20,,,1,30,,21870,20,,,1,70,,21858,20,,,1,30,,21869,20,,,1,70,,21852,20,,,1
10601,'8',609,,21882,20,,,1,100,,21875,20,,,1,30,,21888,20,,,1,70,,21877,20,,,1,30,,21879,20,,,1,70,,21881,20,,,1,100,,21886,20,,,1,100,,21885,20,,,1,100,,21874,20,,,1,100,,21889,20,,,1,100,,21880,20,,,1,30,,21872,20,,,1,70,,21883,20,,,1,30,,21878,20,,,1,70,,21884,20,,,1,30,,21887,20,,,1,70,,21876,20,,,1,30,,21873,20,,,1,70,,21871,20,,,1
10601,'9',609,,21902,20,,,1,100,,21895,20,,,1,30,,21903,20,,,1,70,,21893,20,,,1,30,,21904,20,,,1,70,,21910,20,,,1,100,,21900,20,,,1,100,,21897,20,,,1,100,,21898,20,,,1,100,,21909,20,,,1,100,,21896,20,,,1,30,,21899,20,,,1,70,,21907,20,,,1,30,,21908,20,,,1,70,,21905,20,,,1,30,,21894,20,,,1,70,,21891,20,,,1,30,,21892,20,,,1,70,,21906,20,,,1
20600,'1',1821,,27467,19,,,1,30,,27459,19,,,1,70,,27463,19,,,1,30,,27464,19,,,1,70,,27458,19,,,1,30,,27460,19,,,1,70,,27466,19,,,1,30,,27462,19,,,1,70,,27465,19,,,1,30,,27461,19,,,1
20600,'10',744,,18923,19,,,1,70,,27477,19,,,1,30,,27486,19,,,1,70,,27470,19,,,1,30,,27482,19,,,1,70,,27488,19,,,1,30,,27491,19,,,1,70,,27492,19,,,1,30,,27474,19,,,1,70,,27473,19,,,1,30,,27484,19,,,1,70,,27479,19,,,1,30,,27472,19,,,1,70,,27468,19,,,1,30,,27480,19,,,1,70,,27489,19,,,1,30,,27485,19,,,1,70,,27476,19,,,1,30,,27475,19,,,1,70,,27481,19,,,1,30,,27478,19,,,1,70,,27487,19,,,1,30,,27471,19,,,1,70,,27483,19,,,1,30,,27490,19,,,1,70,,27469,19,,,1
20600,'11',744,,27493,19,,,1,70,,27515,19,,,1,30,,27512,19,,,1,70,,27506,19,,,1,30,,27495,19,,,1,70,,27504,19,,,1,30,,27507,19,,,1,70,,27518,19,,,1,30,,27496,19,,,1,70,,27498,19,,,1,30,,27508,19,,,1,70,,27509,19,,,1,30,,27502,19,,,1,70,,27511,19,,,1,30,,27510,19,,,1,70,,27497,19,,,1,30,,27494,19,,,1,70,,27513,19,,,1,30,,27500,19,,,1,70,,27516,19,,,1,30,,27503,19,,,1,70,,27514,19,,,1,30,,27505,19,,,1,70,,27501,19,,,1,30,,27499,19,,,1,70,,27517,19,,,1
20600,'2',1821,,27521,19,,,1,30,,27528,19,,,1,70,,27526,19,,,1,30,,27522,19,,,1,70,,27519,19,,,1,30,,27525,19,,,1,70,,27520,19,,,1,30,,27527,19,,,1,70,,27524,19,,,1,30,,27523,19,,,1
20600,'3',1821,,27532,19,,,1,30,,27530,19,,,1,70,,27533,19,,,1,30,,27535,19,,,1,70,,27531,19,,,1,30,,27537,19,,,1,70,,27536,19,,,1,30,,27529,19,,,1,70,,27534,19,,,1,30,,27538,19,,,1
20600,'4',1821,,27539,19,,,1,30,,27547,19,,,1,70,,27541,19,,,1,30,,27544,19,,,1,70,,27543,19,,,1,30,,27546,19,,,1,70,,27545,19,,,1,30,,27548,19,,,1,70,,27540,19,,,1,30,,27542,19,,,1
20600,'5',1821,,27550,19,,,1,30,,27555,19,,,1,70,,27558,19,,,1,30,,27549,19,,,1,70,,27551,19,,,1,30,,27556,19,,,1,70,,27554,19,,,1,30,,27552,19,,,1,70,,27557,19,,,1,30,,27553,19,,,1
20600,'6',744,,27575,19,,,1,70,,27571,19,,,1,30,,27579,19,,,1,70,,27584,19,,,1,30,,27562,19,,,1,70,,27578,19,,,1,30,,27566,19,,,1,70,,27570,19,,,1,30,,27563,19,,,1,70,,27559,19,,,1,30,,27582,19,,,1,70,,27560,19,,,1,30,,27567,19,,,1,70,,27577,19,,,1,30,,27561,19,,,1,70,,27583,19,,,1,30,,27574,19,,,1,70,,27573,19,,,1,30,,27564,19,,,1,70,,27581,19,,,1,30,,27572,19,,,1,70,,27565,19,,,1,30,,27569,19,,,1,70,,27568,19,,,1,30,,27580,19,,,1,70,,27576,19,,,1
20600,'7',1821,,27586,19,,,1,30,,27589,19,,,1,70,,27591,19,,,1,30,,27593,19,,,1,70,,27592,19,,,1,30,,27588,19,,,1,70,,27585,19,,,1,30,,27590,19,,,1,70,,27594,19,,,1,30,,27587,19,,,1
20600,'8',1821,,27601,19,,,1,30,,27596,19,,,1,70,,27600,19,,,1,30,,27595,19,,,1,70,,27604,19,,,1,30,,27598,19,,,1,70,,27603,19,,,1,30,,27599,19,,,1,70,,27602,19,,,1,30,,27597,19,,,1
20600,'9',1821,,27608,19,,,1,30,,27611,19,,,1,70,,27614,19,,,1,30,,27607,19,,,1,70,,27609,19,,,1,30,,27613,19,,,1,70,,27610,19,,,1,30,,27605,19,,,1,70,,27612,19,,,1,30,,27606,19,,,1
20601,'1',1844,,27627,10,,,1,70,,27616,10,,,1,30,,27620,10,,,1,70,,27617,10,,,1,30,,27619,10,,,1,70,,27618,10,,,1,30,,27632,10,,,1,70,,27634,10,,,1,30,,27621,10,,,1,70,,27622,10,,,1
20601,'10',711,,27674,10,,,1,30,,16663,10,,,1,70,,27664,10,,,1,30,,27670,10,,,1,70,,27659,10,,,1,30,,27678,10,,,1,70,,27666,10,,,1,30,,27667,10,,,1,70,,27683,10,,,1,30,,27648,10,,,1,70,,27655,10,,,1,30,,27677,10,,,1,70,,27662,10,,,1,30,,27658,10,,,1,70,,27669,10,,,1,30,,27637,10,,,1,70,,27685,10,,,1,30,,27660,10,,,1,70,,27649,10,,,1,30,,27641,10,,,1,70,,27686,10,,,1,30,,27676,10,,,1,70,,27645,10,,,1,30,,27663,10,,,1,72,,27643,10,,,1,28,,27654,10,,,1,70,,27687,10,,,1,30,,27652,10,,,1
20601,'11',711,,27696,10,,,1,30,,27718,10,,,1,70,,27710,10,,,1,30,,27720,10,,,1,70,,27716,10,,,1,30,,27693,10,,,1,70,,27730,10,,,1,30,,27731,10,,,1,70,,27715,10,,,1,30,,27721,10,,,1,70,,27708,10,,,1,30,,27728,10,,,1,70,,27738,10,,,1,30,,27691,10,,,1,70,,27722,10,,,1,30,,27697,10,,,1,70,,27689,10,,,1,30,,27732,10,,,1,70,,27706,10,,,1,30,,27740,10,,,1,70,,27734,10,,,1,30,,27703,10,,,1,70,,27714,10,,,1,30,,27700,10,,,1,72,,27724,10,,,1,28,,27726,10,,,1,70,,27702,10,,,1,30,,27733,10,,,1
20601,'2',1844,,27746,10,,,1,70,,27750,10,,,1,30,,27752,10,,,1,70,,27753,10,,,1,30,,27763,10,,,1,70,,27755,10,,,1,30,,27761,10,,,1,70,,27758,10,,,1,30,,27745,10,,,1,70,,27748,10,,,1
20601,'3',1844,,27766,10,,,1,70,,27783,10,,,1,30,,27776,10,,,1,70,,27779,10,,,1,30,,27765,10,,,1,70,,27768,10,,,1,30,,27771,10,,,1,70,,27778,10,,,1,30,,27773,10,,,1,70,,27770,10,,,1
20601,'4',1844,,27791,10,,,1,70,,27795,10,,,1,30,,27789,10,,,1,70,,27793,10,,,1,30,,27796,10,,,1,70,,27803,10,,,1,30,,27785,10,,,1,70,,27799,10,,,1,30,,27794,10,,,1,70,,27788,10,,,1
20601,'5',1844,,27808,10,,,1,70,,27820,10,,,1,30,,27816,10,,,1,70,,27804,10,,,1,30,,27822,10,,,1,70,,27815,10,,,1,30,,27810,10,,,1,70,,27812,10,,,1,30,,27819,10,,,1,70,,27814,10,,,1
20601,'6',711,,27854,10,,,1,30,,27858,10,,,1,70,,27855,10,,,1,30,,27838,10,,,1,70,,27824,10,,,1,30,,27843,10,,,1,70,,27875,10,,,1,30,,27850,10,,,1,70,,27851,10,,,1,30,,27833,10,,,1,70,,27866,10,,,1,30,,27841,10,,,1,70,,27870,10,,,1,30,,27849,10,,,1,70,,27846,10,,,1,30,,27836,10,,,1,70,,27852,10,,,1,30,,27848,10,,,1,70,,27845,10,,,1,30,,27859,10,,,1,70,,27830,10,,,1,30,,27840,10,,,1,70,,27861,10,,,1,30,,27832,10,,,1,72,,27877,10,,,1,28,,27826,10,,,1,70,,27864,10,,,1,30,,27853,10,,,1
20601,'7',1844,,27881,10,,,1,70,,27884,10,,,1,30,,27889,10,,,1,70,,27892,10,,,1,30,,27894,10,,,1,70,,27883,10,,,1,30,,27880,10,,,1,70,,27891,10,,,1,30,,27887,10,,,1,70,,27899,10,,,1
20601,'8',1844,,27912,10,,,1,70,,27916,10,,,1,30,,27910,10,,,1,70,,27904,10,,,1,30,,27914,10,,,1,70,,27919,10,,,1,30,,27908,10,,,1,70,,27911,10,,,1,30,,27915,10,,,1,70,,27903,10,,,1
20601,'9',1844,,27929,10,,,1,70,,27932,10,,,1,30,,27922,10,,,1,70,,27938,10,,,1,30,,27927,10,,,1,70,,27924,10,,,1,30,,27926,10,,,1,70,,27933,10,,,1,30,,27934,10,,,1,70,,27921,10,,,1
