11401,'1',639,,25223,9,,,1,100,,25228,9,,,1,100,,25220,9,,,1,100,,25219,9,,,1,100,,25230,9,,,1,100,,25227,9,,,1,100,,25226,9,,,1,100,,25225,9,,,1,100,,25229,9,,,1,100,,25222,9,,,1,100,,25224,9,,,1,100,,25221,9,,,1
11401,'2',639,,25242,9,,,1,100,,25234,9,,,1,100,,25240,9,,,1,100,,25232,9,,,1,100,,25238,9,,,1,100,,25239,9,,,1,100,,25233,9,,,1,100,,25236,9,,,1,100,,25231,9,,,1,100,,25235,9,,,1,100,,25237,9,,,1,100,,25241,9,,,1
11401,'3',639,,25245,9,,,1,100,,25247,9,,,1,100,,25243,9,,,1,100,,25248,9,,,1,100,,25251,9,,,1,100,,25254,9,,,1,100,,25250,9,,,1,100,,25252,9,,,1,100,,25253,9,,,1,100,,25244,9,,,1,100,,25246,9,,,1,100,,25249,9,,,1
11401,'4',639,,25256,9,,,1,100,,25257,9,,,1,100,,25261,9,,,1,100,,25258,9,,,1,100,,25255,9,,,1,100,,25263,9,,,1,100,,25264,9,,,1,100,,25262,9,,,1,100,,25260,9,,,1,100,,25265,9,,,1,100,,25259,9,,,1,100,,25266,9,,,1
11401,'5',639,,25270,9,,,1,100,,25273,9,,,1,100,,25271,9,,,1,100,,25275,9,,,1,100,,25277,9,,,1,100,,25272,9,,,1,100,,25274,9,,,1,100,,25268,9,,,1,100,,25278,9,,,1,100,,25267,9,,,1,100,,25276,9,,,1,100,,25269,9,,,1
11401,'7',639,,25280,9,,,1,100,,25283,9,,,1,100,,25286,9,,,1,100,,25290,9,,,1,100,,25289,9,,,1,100,,25287,9,,,1,100,,25282,9,,,1,100,,25285,9,,,1,100,,25281,9,,,1,100,,25279,9,,,1,100,,25288,9,,,1,100,,25284,9,,,1
11401,'8',639,,25299,9,,,1,100,,25298,9,,,1,100,,25301,9,,,1,100,,25292,9,,,1,100,,25295,9,,,1,100,,25294,9,,,1,100,,25302,9,,,1,100,,25300,9,,,1,100,,25291,9,,,1,100,,25296,9,,,1,100,,25297,9,,,1,100,,25293,9,,,1
11401,'9',639,,25312,9,,,1,100,,25308,9,,,1,100,,25305,9,,,1,100,,25314,9,,,1,100,,25310,9,,,1,100,,25307,9,,,1,100,,25304,9,,,1,100,,25306,9,,,1,100,,25309,9,,,1,100,,25311,9,,,1,100,,25303,9,,,1,100,,25313,9,,,1
21401,'1',1843,,29314,20,,,1,100,,29315,20,,,1,100,,29313,20,,,1,100,,29312,20,,,1,100,,29311,20,,,1
21401,'10',743,,29324,20,,,1,100,,29323,20,,,1,100,,29327,20,,,1,100,,29322,20,,,1,100,,29325,20,,,1,100,,29316,20,,,1,100,,29326,20,,,1,100,,29319,20,,,1,100,,29320,20,,,1,100,,17231,20,,,1,100,,29317,20,,,1,100,,29318,20,,,1,100,,29321,20,,,1
21401,'11',743,,29335,20,,,1,100,,29331,20,,,1,100,,29334,20,,,1,100,,29328,20,,,1,100,,29329,20,,,1,100,,29336,20,,,1,100,,29330,20,,,1,100,,29338,20,,,1,100,,29339,20,,,1,100,,29332,20,,,1,100,,29337,20,,,1,100,,29340,20,,,1,100,,29333,20,,,1
21401,'2',1843,,29344,20,,,1,100,,29343,20,,,1,100,,29342,20,,,1,100,,29341,20,,,1,100,,29345,20,,,1
21401,'3',1843,,29347,20,,,1,100,,29350,20,,,1,100,,29348,20,,,1,100,,29346,20,,,1,100,,29349,20,,,1
21401,'4',1843,,29354,20,,,1,100,,29352,20,,,1,100,,29355,20,,,1,100,,29353,20,,,1,100,,29351,20,,,1
21401,'5',1843,,29360,20,,,1,100,,29358,20,,,1,100,,29357,20,,,1,100,,29356,20,,,1,100,,29359,20,,,1
21401,'6',743,,29373,20,,,1,100,,29365,20,,,1,100,,29368,20,,,1,100,,29367,20,,,1,100,,29370,20,,,1,100,,29366,20,,,1,100,,29361,20,,,1,100,,29364,20,,,1,100,,29372,20,,,1,100,,29369,20,,,1,100,,29363,20,,,1,100,,29371,20,,,1,100,,29362,20,,,1
21401,'7',1843,,29377,20,,,1,100,,29374,20,,,1,100,,29375,20,,,1,100,,29378,20,,,1,100,,29376,20,,,1
21401,'8',1843,,29382,20,,,1,100,,29379,20,,,1,100,,29380,20,,,1,100,,29381,20,,,1,100,,29383,20,,,1
21401,'9',1843,,29388,20,,,1,100,,29386,20,,,1,100,,29387,20,,,1,100,,29385,20,,,1,100,,29384,20,,,1
