10701,'1',557,,22097,6,0,5 6,1,100,,22072,6,0,5 6,1,70,,22075,6,0,5 6,1,30,,22066,6,0,5 6,1,70,,22117,6,0,5 6,1,30,,22073,6,0,5 6,1,100,,22070,6,0,5 6,1,100,,22071,6,0,5 6,1,100,,22103,6,0,5 6,1,100,,22084,6,0,5 6,1,100,,22061,6,0,5 6,1,70,,22090,6,0,5 6,1,30,,22104,6,0,5 6,1,70,,22079,6,0,5 6,1,30,,22082,6,0,5 6,1,70,,22099,6,0,5 6,1,30,,22116,6,0,5 6,1,70,,22086,6,0,5 6,1,30,,22067,6,0,5 6,1,100,,22091,6,0,5 6,1
10701,'2',557,,18058,6,0,5 6,1,100,,22172,6,0,5 6,1,70,,22168,6,0,5 6,1,30,,22158,6,0,5 6,1,70,,22173,6,0,5 6,1,30,,22121,6,0,5 6,1,100,,22136,6,0,5 6,1,100,,22141,6,0,5 6,1,100,,22165,6,0,5 6,1,100,,22118,6,0,5 6,1,100,,22171,6,0,5 6,1,70,,22124,6,0,5 6,1,30,,22167,6,0,5 6,1,70,,22139,6,0,5 6,1,30,,22126,6,0,5 6,1,70,,22162,6,0,5 6,1,30,,22152,6,0,5 6,1,70,,22155,6,0,5 6,1,30,,22170,6,0,5 6,1,100,,22135,6,0,5 6,1
10701,'3',557,,22227,6,0,5 6,1,100,,22229,6,0,5 6,1,70,,22218,6,0,5 6,1,30,,22183,6,0,5 6,1,70,,22219,6,0,5 6,1,30,,22233,6,0,5 6,1,100,,22181,6,0,5 6,1,100,,22225,6,0,5 6,1,100,,22191,6,0,5 6,1,100,,22194,6,0,5 6,1,100,,22201,6,0,5 6,1,70,,22185,6,0,5 6,1,30,,22187,6,0,5 6,1,70,,22182,6,0,5 6,1,30,,22234,6,0,5 6,1,70,,22205,6,0,5 6,1,30,,22186,6,0,5 6,1,70,,22184,6,0,5 6,1,30,,22221,6,0,5 6,1,100,,22197,6,0,5 6,1
10701,'4',557,,22256,6,0,5 6,1,100,,22292,6,0,5 6,1,70,,22246,6,0,5 6,1,30,,22263,6,0,5 6,1,70,,22259,6,0,5 6,1,30,,22267,6,0,5 6,1,100,,22239,6,0,5 6,1,100,,22278,6,0,5 6,1,100,,22241,6,0,5 6,1,100,,22238,6,0,5 6,1,100,,22255,6,0,5 6,1,70,,22281,6,0,5 6,1,30,,22254,6,0,5 6,1,70,,22274,6,0,5 6,1,30,,22266,6,0,5 6,1,70,,22268,6,0,5 6,1,30,,22271,6,0,5 6,1,70,,22248,6,0,5 6,1,30,,22240,6,0,5 6,1,100,,22250,6,0,5 6,1
10701,'5',557,,22308,6,0,5 6,1,100,,22339,6,0,5 6,1,70,,22314,6,0,5 6,1,30,,22317,6,0,5 6,1,70,,22329,6,0,5 6,1,30,,22300,6,0,5 6,1,100,,22353,6,0,5 6,1,100,,22324,6,0,5 6,1,100,,22345,6,0,5 6,1,100,,22351,6,0,5 6,1,100,,22326,6,0,5 6,1,70,,22305,6,0,5 6,1,30,,22323,6,0,5 6,1,70,,22341,6,0,5 6,1,30,,22297,6,0,5 6,1,70,,22342,6,0,5 6,1,30,,22303,6,0,5 6,1,70,,22319,6,0,5 6,1,30,,22302,6,0,5 6,1,100,,22335,6,0,5 6,1
10701,'7',557,,22383,6,0,5 6,1,100,,22385,6,0,5 6,1,70,,22397,6,0,5 6,1,30,,22376,6,0,5 6,1,70,,22390,6,0,5 6,1,30,,22401,6,0,5 6,1,100,,22367,6,0,5 6,1,100,,22410,6,0,5 6,1,100,,22394,6,0,5 6,1,100,,22409,6,0,5 6,1,100,,22392,6,0,5 6,1,70,,22388,6,0,5 6,1,30,,22414,6,0,5 6,1,70,,22361,6,0,5 6,1,30,,22386,6,0,5 6,1,70,,22381,6,0,5 6,1,30,,22415,6,0,5 6,1,70,,22395,6,0,5 6,1,30,,22398,6,0,5 6,1,100,,22391,6,0,5 6,1
10701,'8',557,,22440,6,0,5 6,1,100,,22452,6,0,5 6,1,70,,22459,6,0,5 6,1,30,,22456,6,0,5 6,1,70,,22470,6,0,5 6,1,30,,22471,6,0,5 6,1,100,,22438,6,0,5 6,1,100,,22418,6,0,5 6,1,100,,22420,6,0,5 6,1,100,,22448,6,0,5 6,1,100,,22460,6,0,5 6,1,70,,22441,6,0,5 6,1,30,,22427,6,0,5 6,1,70,,22445,6,0,5 6,1,30,,22450,6,0,5 6,1,70,,22431,6,0,5 6,1,30,,22416,6,0,5 6,1,70,,22451,6,0,5 6,1,30,,22449,6,0,5 6,1,100,,22464,6,0,5 6,1
10701,'9',557,,22530,6,0,5 6,1,100,,22490,6,0,5 6,1,70,,22481,6,0,5 6,1,30,,22515,6,0,5 6,1,70,,22517,6,0,5 6,1,30,,22494,6,0,5 6,1,100,,22486,6,0,5 6,1,100,,22482,6,0,5 6,1,100,,22534,6,0,5 6,1,100,,22524,6,0,5 6,1,100,,22506,6,0,5 6,1,70,,22518,6,0,5 6,1,30,,22514,6,0,5 6,1,70,,22476,6,0,5 6,1,30,,22519,6,0,5 6,1,70,,22478,6,0,5 6,1,30,,22489,6,0,5 6,1,70,,22523,6,0,5 6,1,30,,22480,6,0,5 6,1,100,,22535,6,0,5 6,1
21401,'1',1837,,29314,6,,,1,100,,29315,6,,,1,100,,29313,6,,,1,100,,29312,6,,,1,100,,29311,6,,,1
21401,'10',737,,29324,6,,,1,100,,29323,6,,,1,100,,29327,6,,,1,100,,29322,6,,,1,100,,29325,6,,,1,100,,29316,6,,,1,100,,29326,6,,,1,100,,29319,6,,,1,100,,29320,6,,,1,100,,17231,6,,,1,100,,29317,6,,,1,100,,29318,6,,,1,100,,29321,6,,,1
21401,'11',737,,29335,6,,,1,100,,29331,6,,,1,100,,29334,6,,,1,100,,29328,6,,,1,100,,29329,6,,,1,100,,29336,6,,,1,100,,29330,6,,,1,100,,29338,6,,,1,100,,29339,6,,,1,100,,29332,6,,,1,100,,29337,6,,,1,100,,29340,6,,,1,100,,29333,6,,,1
21401,'2',1837,,29344,6,,,1,100,,29343,6,,,1,100,,29342,6,,,1,100,,29341,6,,,1,100,,29345,6,,,1
21401,'3',1837,,29347,6,,,1,100,,29350,6,,,1,100,,29348,6,,,1,100,,29346,6,,,1,100,,29349,6,,,1
21401,'4',1837,,29354,6,,,1,100,,29352,6,,,1,100,,29355,6,,,1,100,,29353,6,,,1,100,,29351,6,,,1
21401,'5',1837,,29360,6,,,1,100,,29358,6,,,1,100,,29357,6,,,1,100,,29356,6,,,1,100,,29359,6,,,1
21401,'6',737,,29373,6,,,1,100,,29365,6,,,1,100,,29368,6,,,1,100,,29367,6,,,1,100,,29370,6,,,1,100,,29366,6,,,1,100,,29361,6,,,1,100,,29364,6,,,1,100,,29372,6,,,1,100,,29369,6,,,1,100,,29363,6,,,1,100,,29371,6,,,1,100,,29362,6,,,1
21401,'7',1837,,29377,6,,,1,100,,29374,6,,,1,100,,29375,6,,,1,100,,29378,6,,,1,100,,29376,6,,,1
21401,'8',1837,,29382,6,,,1,100,,29379,6,,,1,100,,29380,6,,,1,100,,29381,6,,,1,100,,29383,6,,,1
21401,'9',1837,,29388,6,,,1,100,,29386,6,,,1,100,,29387,6,,,1,100,,29385,6,,,1,100,,29384,6,,,1
