10300,'1',642,,20317,22,,,1,100,,20326,22,,,1,70,,20325,22,,,1,30,,20323,22,,,1,70,,20320,22,,,1,30,,20330,22,,,1,70,,20334,22,,,1,30,,20329,22,,,1,100,,20327,22,,,1,100,,20318,22,,,1,100,,20324,22,,,1,100,,20322,22,,,1,100,,20319,22,,,1,70,,20316,22,,,1,30,,20321,22,,,1,70,,20332,22,,,1,30,,20328,22,,,1,70,,20333,22,,,1,30,,20331,22,,,1
10300,'2',642,,20347,22,,,1,100,,20349,22,,,1,70,,20345,22,,,1,30,,20338,22,,,1,70,,20351,22,,,1,30,,20335,22,,,1,70,,20340,22,,,1,30,,20339,22,,,1,100,,18114,22,,,1,100,,20336,22,,,1,100,,20342,22,,,1,100,,20337,22,,,1,100,,20343,22,,,1,70,,20346,22,,,1,30,,20350,22,,,1,70,,20348,22,,,1,30,,20352,22,,,1,70,,20344,22,,,1,30,,20341,22,,,1
10300,'3',642,,20353,22,,,1,100,,20362,22,,,1,70,,20369,22,,,1,30,,20358,22,,,1,70,,20363,22,,,1,30,,20354,22,,,1,70,,20364,22,,,1,30,,20367,22,,,1,100,,20370,22,,,1,100,,20371,22,,,1,100,,20355,22,,,1,100,,20356,22,,,1,100,,20359,22,,,1,70,,20365,22,,,1,30,,20361,22,,,1,70,,20357,22,,,1,30,,20366,22,,,1,70,,20360,22,,,1,30,,20368,22,,,1
10300,'4',642,,20390,22,,,1,100,,20388,22,,,1,70,,20376,22,,,1,30,,20377,22,,,1,70,,20389,22,,,1,30,,20387,22,,,1,70,,20382,22,,,1,30,,20378,22,,,1,100,,20374,22,,,1,100,,20372,22,,,1,100,,20375,22,,,1,100,,20383,22,,,1,100,,20381,22,,,1,70,,20373,22,,,1,30,,20386,22,,,1,70,,20385,22,,,1,30,,20380,22,,,1,70,,20379,22,,,1,30,,20384,22,,,1
10300,'5',642,,20400,22,,,1,100,,20403,22,,,1,70,,20395,22,,,1,30,,20397,22,,,1,70,,20405,22,,,1,30,,20407,22,,,1,70,,20409,22,,,1,30,,20394,22,,,1,100,,20404,22,,,1,100,,20401,22,,,1,100,,20396,22,,,1,100,,20398,22,,,1,100,,20406,22,,,1,70,,20399,22,,,1,30,,20393,22,,,1,70,,20402,22,,,1,30,,20392,22,,,1,70,,20408,22,,,1,30,,20391,22,,,1
10300,'7',642,,20423,22,,,1,100,,20419,22,,,1,70,,20417,22,,,1,30,,20428,22,,,1,70,,20427,22,,,1,30,,20421,22,,,1,70,,20422,22,,,1,30,,20413,22,,,1,100,,20411,22,,,1,100,,20414,22,,,1,100,,20426,22,,,1,100,,20412,22,,,1,100,,20420,22,,,1,70,,20415,22,,,1,30,,20424,22,,,1,70,,20425,22,,,1,30,,20418,22,,,1,70,,20410,22,,,1,30,,20416,22,,,1
10300,'8',642,,20442,22,,,1,100,,20439,22,,,1,70,,20432,22,,,1,30,,20444,22,,,1,70,,20433,22,,,1,30,,20435,22,,,1,70,,20441,22,,,1,30,,20434,22,,,1,100,,20429,22,,,1,100,,20436,22,,,1,100,,20447,22,,,1,100,,20438,22,,,1,100,,20445,22,,,1,70,,20437,22,,,1,30,,20443,22,,,1,70,,20446,22,,,1,30,,20430,22,,,1,70,,20431,22,,,1,30,,20440,22,,,1
10300,'9',642,,20448,22,,,1,100,,20458,22,,,1,70,,20457,22,,,1,30,,20464,22,,,1,70,,20452,22,,,1,30,,20462,22,,,1,70,,20453,22,,,1,30,,20461,22,,,1,100,,20460,22,,,1,100,,20449,22,,,1,100,,20450,22,,,1,100,,20459,22,,,1,100,,20465,22,,,1,70,,20463,22,,,1,30,,20454,22,,,1,70,,20455,22,,,1,30,,20451,22,,,1,70,,20466,22,,,1,30,,20456,22,,,1
10301,'1',613,,20467,12,,,1,100,,20476,12,,,1,30,,20474,12,,,1,70,,20481,12,,,1,30,,20479,12,,,1,70,,20483,12,,,1,30,,20471,12,,,1,70,,20478,12,,,1,100,,20473,12,,,1,100,,20469,12,,,1,100,,20480,12,,,1,100,,20470,12,,,1,100,,20485,12,,,1,30,,17632,12,,,1,70,,20477,12,,,1,30,,20475,12,,,1,70,,20484,12,,,1,30,,20472,12,,,1,70,,20482,12,,,1,30,,20468,12,,,1
10301,'2',613,,20487,12,,,1,100,,20493,12,,,1,30,,20491,12,,,1,70,,20488,12,,,1,30,,20486,12,,,1,70,,20498,12,,,1,30,,20503,12,,,1,70,,20495,12,,,1,100,,20504,12,,,1,100,,20499,12,,,1,100,,20494,12,,,1,100,,20490,12,,,1,100,,20505,12,,,1,30,,20489,12,,,1,70,,20497,12,,,1,30,,20496,12,,,1,70,,20500,12,,,1,30,,20492,12,,,1,70,,20501,12,,,1,30,,20502,12,,,1
10301,'3',613,,20511,12,,,1,100,,20521,12,,,1,30,,20509,12,,,1,70,,20515,12,,,1,30,,20512,12,,,1,70,,20507,12,,,1,30,,20506,12,,,1,70,,20518,12,,,1,100,,20508,12,,,1,100,,20522,12,,,1,100,,20516,12,,,1,100,,20523,12,,,1,100,,20513,12,,,1,30,,20510,12,,,1,70,,20524,12,,,1,30,,20517,12,,,1,70,,20520,12,,,1,30,,20514,12,,,1,70,,20519,12,,,1,30,,20525,12,,,1
10301,'4',613,,20534,12,,,1,100,,20531,12,,,1,30,,20529,12,,,1,70,,20533,12,,,1,30,,20537,12,,,1,70,,20532,12,,,1,30,,20538,12,,,1,70,,20527,12,,,1,100,,20535,12,,,1,100,,20528,12,,,1,100,,20543,12,,,1,100,,20540,12,,,1,100,,20530,12,,,1,30,,20542,12,,,1,70,,20536,12,,,1,30,,20539,12,,,1,70,,20544,12,,,1,30,,20545,12,,,1,70,,20541,12,,,1,30,,20526,12,,,1
10301,'5',613,,20562,12,,,1,100,,20547,12,,,1,30,,20550,12,,,1,70,,20558,12,,,1,30,,20549,12,,,1,70,,20560,12,,,1,30,,20565,12,,,1,70,,20564,12,,,1,100,,20554,12,,,1,100,,20548,12,,,1,100,,20546,12,,,1,100,,20561,12,,,1,100,,20559,12,,,1,30,,20556,12,,,1,70,,20555,12,,,1,30,,20551,12,,,1,70,,20563,12,,,1,30,,20557,12,,,1,70,,20553,12,,,1,30,,20552,12,,,1
10301,'7',613,,20583,12,,,1,100,,20579,12,,,1,30,,20568,12,,,1,70,,20570,12,,,1,30,,20574,12,,,1,70,,20580,12,,,1,30,,20566,12,,,1,70,,20576,12,,,1,100,,20585,12,,,1,100,,20573,12,,,1,100,,20571,12,,,1,100,,20575,12,,,1,100,,20578,12,,,1,30,,20567,12,,,1,70,,20577,12,,,1,30,,20584,12,,,1,70,,20582,12,,,1,30,,20581,12,,,1,70,,20569,12,,,1,30,,20572,12,,,1
10301,'8',613,,20594,12,,,1,100,,20588,12,,,1,30,,20596,12,,,1,70,,20602,12,,,1,30,,20598,12,,,1,70,,20600,12,,,1,30,,20592,12,,,1,70,,20593,12,,,1,100,,20595,12,,,1,100,,20591,12,,,1,100,,20586,12,,,1,100,,20590,12,,,1,100,,20605,12,,,1,30,,20597,12,,,1,70,,20603,12,,,1,30,,20601,12,,,1,70,,20604,12,,,1,30,,20599,12,,,1,70,,20587,12,,,1,30,,20589,12,,,1
10301,'9',613,,20611,12,,,1,100,,20607,12,,,1,30,,20610,12,,,1,70,,20612,12,,,1,30,,20614,12,,,1,70,,20625,12,,,1,30,,20618,12,,,1,70,,20623,12,,,1,100,,20609,12,,,1,100,,20622,12,,,1,100,,20621,12,,,1,100,,20615,12,,,1,100,,20613,12,,,1,30,,20620,12,,,1,70,,20617,12,,,1,30,,20619,12,,,1,70,,20608,12,,,1,30,,20616,12,,,1,70,,20624,12,,,1,30,,20606,12,,,1
