10501,'1',616,,17262,3,,,1,100,,21325,3,,,1,30,,18349,3,,,1,70,,21334,3,,,1,30,,21348,3,,,1,70,,15602,3,,,1,30,,21341,3,,,1,70,,21337,3,,,1,100,,21330,3,,,1,100,,21347,3,,,1,100,,21331,3,,,1,100,,21332,3,,,1,100,,21350,3,,,1,30,,18105,3,,,1,70,,21343,3,,,1,30,,21354,3,,,1,70,,21339,3,,,1,30,,21346,3,,,1,70,,21328,3,,,1
10501,'2',616,,21388,3,,,1,100,,21355,3,,,1,30,,21364,3,,,1,70,,21358,3,,,1,30,,21360,3,,,1,70,,21361,3,,,1,30,,21375,3,,,1,70,,21362,3,,,1,100,,21365,3,,,1,100,,21381,3,,,1,100,,21380,3,,,1,100,,21385,3,,,1,100,,21363,3,,,1,30,,14153,3,,,1,70,,21384,3,,,1,30,,21371,3,,,1,70,,21370,3,,,1,30,,21356,3,,,1,70,,21366,3,,,1
10501,'3',616,,21404,3,,,1,100,,21405,3,,,1,30,,21411,3,,,1,70,,21415,3,,,1,30,,21412,3,,,1,70,,21419,3,,,1,30,,21413,3,,,1,70,,21402,3,,,1,100,,21422,3,,,1,100,,21426,3,,,1,100,,21421,3,,,1,100,,21394,3,,,1,100,,21395,3,,,1,30,,21410,3,,,1,70,,21399,3,,,1,30,,21418,3,,,1,70,,21416,3,,,1,30,,21391,3,,,1,70,,21420,3,,,1
10501,'4',616,,21457,3,,,1,100,,21441,3,,,1,30,,21447,3,,,1,70,,21443,3,,,1,30,,21462,3,,,1,70,,21438,3,,,1,30,,21433,3,,,1,70,,21440,3,,,1,100,,21434,3,,,1,100,,21437,3,,,1,100,,21431,3,,,1,100,,21448,3,,,1,100,,21449,3,,,1,30,,21445,3,,,1,70,,21429,3,,,1,30,,21439,3,,,1,70,,21442,3,,,1,30,,21428,3,,,1,70,,21451,3,,,1
10501,'5',616,,21496,3,,,1,100,,21472,3,,,1,30,,21467,3,,,1,70,,21495,3,,,1,30,,21494,3,,,1,70,,21491,3,,,1,30,,21503,3,,,1,70,,21487,3,,,1,100,,21488,3,,,1,100,,21466,3,,,1,100,,21500,3,,,1,100,,21497,3,,,1,100,,21480,3,,,1,30,,21483,3,,,1,70,,21468,3,,,1,30,,21502,3,,,1,70,,21482,3,,,1,30,,21479,3,,,1,70,,21474,3,,,1
10501,'7',616,,21540,3,,,1,100,,21539,3,,,1,30,,21521,3,,,1,70,,21538,3,,,1,30,,21535,3,,,1,70,,21511,3,,,1,30,,21516,3,,,1,70,,21518,3,,,1,100,,21525,3,,,1,100,,21510,3,,,1,100,,21522,3,,,1,100,,21523,3,,,1,100,,21533,3,,,1,30,,21531,3,,,1,70,,21507,3,,,1,30,,21520,3,,,1,70,,21508,3,,,1,30,,21541,3,,,1,70,,21524,3,,,1
10501,'8',616,,21558,3,,,1,100,,21553,3,,,1,30,,21543,3,,,1,70,,21545,3,,,1,30,,21572,3,,,1,70,,21548,3,,,1,30,,21573,3,,,1,70,,21569,3,,,1,100,,21554,3,,,1,100,,21571,3,,,1,100,,21568,3,,,1,100,,21577,3,,,1,100,,21564,3,,,1,30,,21574,3,,,1,70,,21578,3,,,1,30,,21579,3,,,1,70,,21565,3,,,1,30,,21570,3,,,1,70,,21567,3,,,1
10501,'9',616,,21605,3,,,1,100,,21585,3,,,1,30,,21580,3,,,1,70,,21583,3,,,1,30,,21584,3,,,1,70,,21587,3,,,1,30,,21608,3,,,1,70,,21595,3,,,1,100,,21602,3,,,1,100,,21604,3,,,1,100,,21609,3,,,1,100,,21613,3,,,1,100,,21616,3,,,1,30,,21599,3,,,1,70,,21589,3,,,1,30,,21593,3,,,1,70,,21588,3,,,1,30,,21612,3,,,1,70,,21582,3,,,1
20501,'1',1916,,27313,3,,,1,100,,27312,3,,,1,100,,27315,3,,,1,100,,27317,3,,,1
20501,'10',716,,27318,3,,,1,100,,27345,3,,,1,100,,27321,3,,,1,100,,27330,3,,,1,100,,27323,3,,,1,100,,27331,3,,,1,100,,27342,3,,,1,100,,27329,3,,,1,100,,27343,3,,,1,100,,27336,3,,,1,100,,27337,3,,,1,100,,27319,3,,,1,100,,27328,3,,,1,100,,27332,3,,,1
20501,'11',716,,27370,3,,,1,100,,27349,3,,,1,100,,27363,3,,,1,100,,27352,3,,,1,100,,27365,3,,,1,100,,27348,3,,,1,100,,27361,3,,,1,100,,27358,3,,,1,100,,27346,3,,,1,100,,27367,3,,,1,100,,27351,3,,,1,100,,27360,3,,,1,100,,27368,3,,,1,100,,27366,3,,,1
20501,'2',1916,,27381,3,,,1,100,,27380,3,,,1,100,,27375,3,,,1,100,,27374,3,,,1
20501,'3',1916,,27388,3,,,1,100,,27384,3,,,1,100,,27386,3,,,1,100,,27385,3,,,1
20501,'4',1916,,27396,3,,,1,100,,27397,3,,,1,100,,27390,3,,,1,100,,27391,3,,,1
20501,'5',1916,,27398,3,,,1,100,,27403,3,,,1,100,,27400,3,,,1,100,,27404,3,,,1
20501,'6',716,,27431,3,,,1,100,,27422,3,,,1,100,,27421,3,,,1,100,,27423,3,,,1,100,,27414,3,,,1,100,,27415,3,,,1,100,,27419,3,,,1,100,,27407,3,,,1,100,,27428,3,,,1,100,,27413,3,,,1,100,,27427,3,,,1,100,,27425,3,,,1,100,,27418,3,,,1,100,,27416,3,,,1
20501,'7',1916,,27435,3,,,1,100,,27434,3,,,1,100,,27436,3,,,1,100,,27440,3,,,1
20501,'8',1916,,27448,3,,,1,100,,27444,3,,,1,100,,27442,3,,,1,100,,27446,3,,,1
20501,'9',1916,,27455,3,,,1,100,,27456,3,,,1,100,,27454,3,,,1,100,,27451,3,,,1
