11301,'1',651,,24838,11,,,1,100,,24841,11,,,1,100,,18571,11,,,1,100,,24833,11,,,1,100,,24815,11,,,1,100,,24822,11,,,1,100,,24837,11,,,1,100,,17395,11,,,1,100,,24817,11,,,1,100,,24832,11,,,1,100,,24834,11,,,1,100,,24806,11,,,1,100,,24827,11,,,1
11301,'2',651,,24868,11,,,1,100,,24856,11,,,1,100,,24864,11,,,1,100,,24869,11,,,1,100,,14749,11,,,1,100,,24854,11,,,1,100,,24852,11,,,1,100,,24857,11,,,1,100,,24858,11,,,1,100,,24855,11,,,1,100,,24845,11,,,1,100,,24860,11,,,1,100,,24875,11,,,1
11301,'3',651,,24903,11,,,1,100,,24895,11,,,1,100,,24896,11,,,1,100,,24894,11,,,1,100,,24890,11,,,1,100,,24905,11,,,1,100,,24904,11,,,1,100,,24886,11,,,1,100,,24916,11,,,1,100,,24907,11,,,1,100,,24882,11,,,1,100,,24901,11,,,1,100,,24887,11,,,1
11301,'4',651,,24926,11,,,1,100,,24921,11,,,1,100,,24951,11,,,1,100,,24932,11,,,1,100,,24939,11,,,1,100,,24928,11,,,1,100,,24956,11,,,1,100,,24954,11,,,1,100,,24955,11,,,1,100,,24959,11,,,1,100,,24933,11,,,1,100,,24937,11,,,1,100,,24938,11,,,1
11301,'5',651,,24978,11,,,1,100,,24996,11,,,1,100,,24972,11,,,1,100,,24990,11,,,1,100,,24964,11,,,1,100,,24992,11,,,1,100,,24999,11,,,1,100,,24976,11,,,1,100,,24981,11,,,1,100,,24984,11,,,1,100,,24987,11,,,1,100,,24985,11,,,1,100,,24986,11,,,1
11301,'7',651,,25037,11,,,1,100,,25015,11,,,1,100,,25024,11,,,1,100,,25031,11,,,1,100,,25028,11,,,1,100,,25006,11,,,1,100,,25020,11,,,1,100,,25021,11,,,1,100,,25038,11,,,1,100,,25016,11,,,1,100,,25030,11,,,1,100,,25036,11,,,1,100,,25005,11,,,1
11301,'8',651,,25051,11,,,1,100,,25043,11,,,1,100,,25062,11,,,1,100,,25064,11,,,1,100,,25075,11,,,1,100,,25082,11,,,1,100,,25083,11,,,1,100,,25081,11,,,1,100,,25057,11,,,1,100,,25060,11,,,1,100,,25070,11,,,1,100,,25048,11,,,1,100,,25066,11,,,1
11301,'9',651,,25101,11,,,1,100,,25095,11,,,1,100,,25117,11,,,1,100,,25114,11,,,1,100,,25122,11,,,1,100,,25105,11,,,1,100,,25115,11,,,1,100,,25094,11,,,1,100,,25085,11,,,1,100,,25090,11,,,1,100,,25087,11,,,1,100,,25119,11,,,1,100,,25084,11,,,1
21301,'1',1951,,29030,11,,,1,100,,29026,11,,,1,100,,29027,11,,,1,100,,29032,11,,,1
21301,'10',751,,29048,11,,,1,100,,29059,11,,,1,100,,29056,11,,,1,100,,29053,11,,,1,100,,29044,11,,,1,100,,29072,11,,,1,100,,29052,11,,,1,100,,29065,11,,,1,100,,29067,11,,,1,100,,29042,11,,,1,100,,29071,11,,,1,100,,29074,11,,,1,100,,29046,11,,,1
21301,'11',751,,29100,11,,,1,100,,29081,11,,,1,100,,29085,11,,,1,100,,29109,11,,,1,100,,29083,11,,,1,100,,29098,11,,,1,100,,29094,11,,,1,100,,29115,11,,,1,100,,29105,11,,,1,100,,29112,11,,,1,100,,29092,11,,,1,100,,29084,11,,,1,100,,29088,11,,,1
21301,'2',1951,,29119,11,,,1,100,,29117,11,,,1,100,,29120,11,,,1,100,,29122,11,,,1
21301,'3',1951,,29132,11,,,1,100,,29129,11,,,1,100,,29133,11,,,1,100,,29135,11,,,1
21301,'4',1951,,29138,11,,,1,100,,29141,11,,,1,100,,29137,11,,,1,100,,29145,11,,,1
21301,'5',1951,,29158,11,,,1,100,,29157,11,,,1,100,,29155,11,,,1,100,,29150,11,,,1
21301,'6',751,,29177,11,,,1,100,,29162,11,,,1,100,,29195,11,,,1,100,,29178,11,,,1,100,,29161,11,,,1,100,,29171,11,,,1,100,,29159,11,,,1,100,,29185,11,,,1,100,,29180,11,,,1,100,,29167,11,,,1,100,,29189,11,,,1,100,,29176,11,,,1,100,,29182,11,,,1
21301,'7',1951,,29208,11,,,1,100,,29202,11,,,1,100,,29203,11,,,1,100,,29207,11,,,1
21301,'8',1951,,29218,11,,,1,100,,29212,11,,,1,100,,29213,11,,,1,100,,29215,11,,,1
21301,'9',1951,,29231,11,,,1,100,,29230,11,,,1,100,,29222,11,,,1,100,,29224,11,,,1
