10900,'1',705,,22988,6,,,1,100,,22992,6,,,1,100,,22970,6,,,1,100,,22972,6,,,1,100,,19081,6,,,1,100,,22981,6,,,1,100,,22962,6,,,1,100,,22980,6,,,1,100,,22964,6,,,1,100,,22967,6,,,1,100,,22959,6,,,1,100,,22976,6,,,1
10900,'2',705,,23002,6,,,1,100,,23019,6,,,1,100,,23017,6,,,1,100,,23008,6,,,1,100,,23016,6,,,1,100,,23024,6,,,1,100,,23027,6,,,1,100,,23004,6,,,1,100,,23013,6,,,1,100,,23021,6,,,1,100,,23023,6,,,1,100,,22998,6,,,1
10900,'3',705,,23044,6,,,1,100,,23059,6,,,1,100,,23033,6,,,1,100,,23041,6,,,1,100,,23064,6,,,1,100,,23053,6,,,1,100,,23038,6,,,1,100,,23050,6,,,1,100,,23061,6,,,1,100,,23045,6,,,1,100,,23030,6,,,1,100,,23031,6,,,1
10900,'4',705,,23083,6,,,1,100,,23087,6,,,1,100,,23071,6,,,1,100,,23079,6,,,1,100,,23069,6,,,1,100,,23086,6,,,1,100,,23093,6,,,1,100,,23075,6,,,1,100,,23084,6,,,1,100,,23076,6,,,1,100,,23073,6,,,1,100,,23081,6,,,1
10900,'5',705,,23122,6,,,1,100,,23126,6,,,1,100,,23121,6,,,1,100,,23131,6,,,1,100,,23101,6,,,1,100,,23133,6,,,1,100,,23114,6,,,1,100,,23109,6,,,1,100,,23106,6,,,1,100,,23119,6,,,1,100,,23129,6,,,1,100,,23107,6,,,1
10900,'7',705,,23155,6,,,1,100,,23142,6,,,1,100,,23140,6,,,1,100,,23139,6,,,1,100,,23156,6,,,1,100,,23157,6,,,1,100,,23161,6,,,1,100,,23169,6,,,1,100,,23137,6,,,1,100,,23146,6,,,1,100,,23154,6,,,1,100,,23143,6,,,1
10900,'8',705,,23205,6,,,1,100,,23194,6,,,1,100,,23201,6,,,1,100,,23204,6,,,1,100,,23173,6,,,1,100,,23197,6,,,1,100,,23198,6,,,1,100,,23185,6,,,1,100,,23183,6,,,1,100,,23187,6,,,1,100,,23199,6,,,1,100,,23208,6,,,1
10900,'9',705,,23211,6,,,1,100,,23212,6,,,1,100,,23217,6,,,1,100,,23213,6,,,1,100,,23236,6,,,1,100,,23244,6,,,1,100,,23241,6,,,1,100,,23229,6,,,1,100,,23239,6,,,1,100,,23218,6,,,1,100,,23220,6,,,1,100,,23215,6,,,1
20900,'1',1903,,27952,6,,,1,100,,27946,6,,,1,100,,27942,6,,,1,100,,27944,6,,,1
20900,'10',803,,27970,6,,,1,100,,27962,6,,,1,100,,27961,6,,,1,100,,27963,6,,,1,100,,27983,6,,,1,100,,27988,6,,,1,100,,27973,6,,,1,100,,27969,6,,,1,100,,27954,6,,,1,100,,27984,6,,,1,100,,27989,6,,,1,100,,27966,6,,,1,100,,27991,6,,,1
20900,'11',803,,28026,6,,,1,100,,28030,6,,,1,100,,28001,6,,,1,100,,28034,6,,,1,100,,28019,6,,,1,100,,27995,6,,,1,100,,28005,6,,,1,100,,27998,6,,,1,100,,28003,6,,,1,100,,28014,6,,,1,100,,28025,6,,,1,100,,28010,6,,,1,100,,28023,6,,,1
20900,'2',1903,,28040,6,,,1,100,,28048,6,,,1,100,,28035,6,,,1,100,,28038,6,,,1
20900,'3',1903,,28053,6,,,1,100,,28051,6,,,1,100,,28052,6,,,1,100,,28049,6,,,1
20900,'4',1903,,28071,6,,,1,100,,28074,6,,,1,100,,28065,6,,,1,100,,28070,6,,,1
20900,'5',1903,,28085,6,,,1,100,,28087,6,,,1,100,,28083,6,,,1,100,,28090,6,,,1
20900,'6',803,,28118,6,,,1,100,,28099,6,,,1,100,,28131,6,,,1,100,,28092,6,,,1,100,,28113,6,,,1,100,,28119,6,,,1,100,,28105,6,,,1,100,,28100,6,,,1,100,,28130,6,,,1,100,,28098,6,,,1,100,,28106,6,,,1,100,,28120,6,,,1,100,,28121,6,,,1
20900,'7',1903,,28132,6,,,1,100,,28135,6,,,1,100,,28145,6,,,1,100,,28137,6,,,1
20900,'8',1903,,28147,6,,,1,100,,28151,6,,,1,100,,28157,6,,,1,100,,28154,6,,,1
20900,'9',1903,,28173,6,,,1,100,,28163,6,,,1,100,,28168,6,,,1,100,,28165,6,,,1
