10300,'1',637,,20317,12,,,1,100,,20326,12,,,1,70,,20325,12,,,1,30,,20323,12,,,1,70,,20320,12,,,1,30,,20330,12,,,1,70,,20334,12,,,1,30,,20329,12,,,1,100,,20327,12,,,1,100,,20318,12,,,1,100,,20324,12,,,1,100,,20322,12,,,1,100,,20319,12,,,1,70,,20316,12,,,1,30,,20321,12,,,1,70,,20332,12,,,1,30,,20328,12,,,1,70,,20333,12,,,1,30,,20331,12,,,1
10300,'2',637,,20347,12,,,1,100,,20349,12,,,1,70,,20345,12,,,1,30,,20338,12,,,1,70,,20351,12,,,1,30,,20335,12,,,1,70,,20340,12,,,1,30,,20339,12,,,1,100,,18114,12,,,1,100,,20336,12,,,1,100,,20342,12,,,1,100,,20337,12,,,1,100,,20343,12,,,1,70,,20346,12,,,1,30,,20350,12,,,1,70,,20348,12,,,1,30,,20352,12,,,1,70,,20344,12,,,1,30,,20341,12,,,1
10300,'3',637,,20353,12,,,1,100,,20362,12,,,1,70,,20369,12,,,1,30,,20358,12,,,1,70,,20363,12,,,1,30,,20354,12,,,1,70,,20364,12,,,1,30,,20367,12,,,1,100,,20370,12,,,1,100,,20371,12,,,1,100,,20355,12,,,1,100,,20356,12,,,1,100,,20359,12,,,1,70,,20365,12,,,1,30,,20361,12,,,1,70,,20357,12,,,1,30,,20366,12,,,1,70,,20360,12,,,1,30,,20368,12,,,1
10300,'4',637,,20390,12,,,1,100,,20388,12,,,1,70,,20376,12,,,1,30,,20377,12,,,1,70,,20389,12,,,1,30,,20387,12,,,1,70,,20382,12,,,1,30,,20378,12,,,1,100,,20374,12,,,1,100,,20372,12,,,1,100,,20375,12,,,1,100,,20383,12,,,1,100,,20381,12,,,1,70,,20373,12,,,1,30,,20386,12,,,1,70,,20385,12,,,1,30,,20380,12,,,1,70,,20379,12,,,1,30,,20384,12,,,1
10300,'5',637,,20400,12,,,1,100,,20403,12,,,1,70,,20395,12,,,1,30,,20397,12,,,1,70,,20405,12,,,1,30,,20407,12,,,1,70,,20409,12,,,1,30,,20394,12,,,1,100,,20404,12,,,1,100,,20401,12,,,1,100,,20396,12,,,1,100,,20398,12,,,1,100,,20406,12,,,1,70,,20399,12,,,1,30,,20393,12,,,1,70,,20402,12,,,1,30,,20392,12,,,1,70,,20408,12,,,1,30,,20391,12,,,1
10300,'7',637,,20423,12,,,1,100,,20419,12,,,1,70,,20417,12,,,1,30,,20428,12,,,1,70,,20427,12,,,1,30,,20421,12,,,1,70,,20422,12,,,1,30,,20413,12,,,1,100,,20411,12,,,1,100,,20414,12,,,1,100,,20426,12,,,1,100,,20412,12,,,1,100,,20420,12,,,1,70,,20415,12,,,1,30,,20424,12,,,1,70,,20425,12,,,1,30,,20418,12,,,1,70,,20410,12,,,1,30,,20416,12,,,1
10300,'8',637,,20442,12,,,1,100,,20439,12,,,1,70,,20432,12,,,1,30,,20444,12,,,1,70,,20433,12,,,1,30,,20435,12,,,1,70,,20441,12,,,1,30,,20434,12,,,1,100,,20429,12,,,1,100,,20436,12,,,1,100,,20447,12,,,1,100,,20438,12,,,1,100,,20445,12,,,1,70,,20437,12,,,1,30,,20443,12,,,1,70,,20446,12,,,1,30,,20430,12,,,1,70,,20431,12,,,1,30,,20440,12,,,1
10300,'9',637,,20448,12,,,1,100,,20458,12,,,1,70,,20457,12,,,1,30,,20464,12,,,1,70,,20452,12,,,1,30,,20462,12,,,1,70,,20453,12,,,1,30,,20461,12,,,1,100,,20460,12,,,1,100,,20449,12,,,1,100,,20450,12,,,1,100,,20459,12,,,1,100,,20465,12,,,1,70,,20463,12,,,1,30,,20454,12,,,1,70,,20455,12,,,1,30,,20451,12,,,1,70,,20466,12,,,1,30,,20456,12,,,1
20300,'1',1910,,26519,20,,,1,30,,26514,20,,,1,70,,26516,20,,,1,30,,19313,20,,,1,70,,26513,20,,,1,30,,26517,20,,,1,70,,26515,20,,,1,30,,26512,20,,,1,70,,26518,20,,,1
20300,'10',740,,26525,20,,,1,70,,26536,20,,,1,30,,26521,20,,,1,70,,26546,20,,,1,30,,26545,20,,,1,70,,26529,20,,,1,30,,26544,20,,,1,70,,26526,20,,,1,30,,26530,20,,,1,70,,26531,20,,,1,30,,26528,20,,,1,70,,26537,20,,,1,30,,26523,20,,,1,70,,26527,20,,,1,30,,26520,20,,,1,70,,26542,20,,,1,30,,26524,20,,,1,70,,26533,20,,,1,30,,26540,20,,,1,70,,26522,20,,,1,30,,26538,20,,,1,70,,26532,20,,,1,30,,26543,20,,,1,70,,26534,20,,,1,30,,26535,20,,,1,70,,26541,20,,,1,30,,26539,20,,,1
20300,'11',740,,26571,20,,,1,70,,26558,20,,,1,30,,26572,20,,,1,70,,26553,20,,,1,30,,26573,20,,,1,70,,26547,20,,,1,30,,26561,20,,,1,70,,26560,20,,,1,30,,26569,20,,,1,70,,26549,20,,,1,30,,26566,20,,,1,70,,26554,20,,,1,30,,26550,20,,,1,70,,26551,20,,,1,30,,26556,20,,,1,70,,26548,20,,,1,30,,26564,20,,,1,70,,26563,20,,,1,30,,26559,20,,,1,70,,26555,20,,,1,30,,26562,20,,,1,70,,26552,20,,,1,30,,26557,20,,,1,70,,26567,20,,,1,30,,26565,20,,,1,70,,26570,20,,,1,30,,26568,20,,,1
20300,'2',1910,,26581,20,,,1,30,,26575,20,,,1,70,,26580,20,,,1,30,,26578,20,,,1,70,,26582,20,,,1,30,,26579,20,,,1,70,,26576,20,,,1,30,,26574,20,,,1,70,,26577,20,,,1
20300,'3',1910,,26585,20,,,1,30,,26589,20,,,1,70,,26586,20,,,1,30,,26590,20,,,1,70,,26583,20,,,1,30,,26591,20,,,1,70,,26584,20,,,1,30,,26587,20,,,1,70,,26588,20,,,1
20300,'4',1910,,26598,20,,,1,30,,26592,20,,,1,70,,26594,20,,,1,30,,26595,20,,,1,70,,26599,20,,,1,30,,26597,20,,,1,70,,26600,20,,,1,30,,26596,20,,,1,70,,26593,20,,,1
20300,'5',1910,,26607,20,,,1,30,,26601,20,,,1,70,,26606,20,,,1,30,,26604,20,,,1,70,,26609,20,,,1,30,,26605,20,,,1,70,,26602,20,,,1,30,,26603,20,,,1,70,,26608,20,,,1
20300,'6',740,,26622,20,,,1,70,,26636,20,,,1,30,,26628,20,,,1,70,,26621,20,,,1,30,,26616,20,,,1,70,,26618,20,,,1,30,,26619,20,,,1,70,,26624,20,,,1,30,,26611,20,,,1,70,,26625,20,,,1,30,,26617,20,,,1,70,,26633,20,,,1,30,,26614,20,,,1,70,,26610,20,,,1,30,,26630,20,,,1,70,,26612,20,,,1,30,,26634,20,,,1,70,,26623,20,,,1,30,,26627,20,,,1,70,,26615,20,,,1,30,,26631,20,,,1,70,,26635,20,,,1,30,,26620,20,,,1,70,,26626,20,,,1,30,,26632,20,,,1,70,,26629,20,,,1,30,,26613,20,,,1
20300,'7',1910,,26637,20,,,1,30,,26643,20,,,1,70,,26638,20,,,1,30,,26644,20,,,1,70,,26640,20,,,1,30,,26641,20,,,1,70,,26645,20,,,1,30,,26642,20,,,1,70,,26639,20,,,1
20300,'8',1910,,26650,20,,,1,30,,26652,20,,,1,70,,26649,20,,,1,30,,26654,20,,,1,70,,26646,20,,,1,30,,26648,20,,,1,70,,26651,20,,,1,30,,26647,20,,,1,70,,26653,20,,,1
20300,'9',1910,,26656,20,,,1,30,,26657,20,,,1,70,,26658,20,,,1,30,,26663,20,,,1,70,,26661,20,,,1,30,,26655,20,,,1,70,,26659,20,,,1,30,,26662,20,,,1,70,,26660,20,,,1
