10500,'1',554,,21026,12,,,1,100,,21028,12,,,1,70,,21052,12,,,1,30,,21025,12,,,1,70,,21044,12,,,1,30,,21030,12,,,1,70,,21024,12,,,1,30,,21056,12,,,1,100,,21037,12,,,1,100,,21027,12,,,1,100,,21049,12,,,1,100,,21029,12,,,1,100,,21050,12,,,1,70,,21021,12,,,1,30,,21043,12,,,1,70,,21055,12,,,1,30,,18649,12,,,1,70,,21039,12,,,1,30,,21038,12,,,1
10500,'2',554,,21078,12,,,1,100,,21092,12,,,1,70,,21069,12,,,1,30,,21086,12,,,1,70,,21074,12,,,1,30,,21058,12,,,1,70,,21059,12,,,1,30,,21064,12,,,1,100,,21062,12,,,1,100,,21057,12,,,1,100,,21083,12,,,1,100,,21075,12,,,1,100,,21085,12,,,1,70,,21072,12,,,1,30,,21088,12,,,1,70,,21068,12,,,1,30,,21063,12,,,1,70,,21070,12,,,1,30,,21084,12,,,1
10500,'3',554,,21094,12,,,1,100,,21109,12,,,1,70,,21114,12,,,1,30,,21113,12,,,1,70,,21123,12,,,1,30,,21120,12,,,1,70,,21122,12,,,1,30,,21110,12,,,1,100,,21111,12,,,1,100,,21095,12,,,1,100,,21126,12,,,1,100,,21100,12,,,1,100,,21119,12,,,1,70,,21093,12,,,1,30,,21101,12,,,1,70,,21097,12,,,1,30,,21112,12,,,1,70,,21096,12,,,1,30,,21129,12,,,1
10500,'4',554,,21138,12,,,1,100,,21148,12,,,1,70,,21133,12,,,1,30,,21146,12,,,1,70,,21164,12,,,1,30,,21156,12,,,1,70,,21140,12,,,1,30,,21161,12,,,1,100,,21151,12,,,1,100,,21144,12,,,1,100,,21142,12,,,1,100,,21166,12,,,1,100,,21147,12,,,1,70,,21136,12,,,1,30,,21149,12,,,1,70,,21163,12,,,1,30,,21167,12,,,1,70,,21141,12,,,1,30,,21132,12,,,1
10500,'5',554,,21169,12,,,1,100,,21183,12,,,1,70,,21197,12,,,1,30,,21170,12,,,1,70,,21179,12,,,1,30,,21175,12,,,1,70,,21182,12,,,1,30,,21192,12,,,1,100,,21206,12,,,1,100,,21191,12,,,1,100,,21188,12,,,1,100,,21202,12,,,1,100,,21199,12,,,1,70,,21186,12,,,1,30,,21203,12,,,1,70,,21189,12,,,1,30,,21195,12,,,1,70,,21177,12,,,1,30,,21181,12,,,1
10500,'7',554,,21214,12,,,1,100,,21240,12,,,1,70,,21238,12,,,1,30,,21226,12,,,1,70,,21221,12,,,1,30,,21216,12,,,1,70,,21224,12,,,1,30,,21232,12,,,1,100,,21230,12,,,1,100,,21212,12,,,1,100,,21241,12,,,1,100,,21228,12,,,1,100,,21217,12,,,1,70,,21219,12,,,1,30,,21233,12,,,1,70,,21215,12,,,1,30,,21231,12,,,1,70,,21239,12,,,1,30,,21242,12,,,1
10500,'8',554,,21269,12,,,1,100,,21258,12,,,1,70,,21265,12,,,1,30,,21280,12,,,1,70,,21281,12,,,1,30,,21271,12,,,1,70,,21251,12,,,1,30,,21277,12,,,1,100,,21273,12,,,1,100,,21266,12,,,1,100,,21246,12,,,1,100,,21245,12,,,1,100,,21259,12,,,1,70,,21248,12,,,1,30,,21274,12,,,1,70,,21264,12,,,1,30,,21276,12,,,1,70,,21270,12,,,1,30,,21263,12,,,1
10500,'9',554,,21320,12,,,1,100,,21298,12,,,1,70,,21288,12,,,1,30,,21305,12,,,1,70,,21297,12,,,1,30,,21316,12,,,1,70,,21302,12,,,1,30,,21306,12,,,1,100,,21284,12,,,1,100,,21286,12,,,1,100,,21289,12,,,1,100,,21290,12,,,1,100,,21287,12,,,1,70,,21296,12,,,1,30,,21308,12,,,1,70,,21318,12,,,1,30,,21313,12,,,1,70,,21283,12,,,1,30,,21285,12,,,1
20500,'1',1853,,27166,12,,,1,100,,27168,12,,,1,100,,27167,12,,,1,100,,27169,12,,,1
20500,'10',653,,27194,12,,,1,100,,27174,12,,,1,100,,27184,12,,,1,100,,27186,12,,,1,100,,27192,12,,,1,100,,27173,12,,,1,100,,27188,12,,,1,100,,27181,12,,,1,100,,27191,12,,,1,100,,27179,12,,,1,100,,27197,12,,,1,100,,27189,12,,,1,100,,27193,12,,,1,100,,27172,12,,,1
20500,'11',653,,27207,12,,,1,100,,27199,12,,,1,100,,27211,12,,,1,100,,27219,12,,,1,100,,27202,12,,,1,100,,27203,12,,,1,100,,27212,12,,,1,100,,27205,12,,,1,100,,27225,12,,,1,100,,27206,12,,,1,100,,27217,12,,,1,100,,27208,12,,,1,100,,27204,12,,,1,100,,27222,12,,,1
20500,'2',1853,,27228,12,,,1,100,,27229,12,,,1,100,,27231,12,,,1,100,,27232,12,,,1
20500,'3',1853,,27238,12,,,1,100,,27236,12,,,1,100,,27242,12,,,1,100,,27239,12,,,1
20500,'4',1853,,27249,12,,,1,100,,27250,12,,,1,100,,27244,12,,,1,100,,27245,12,,,1
20500,'5',1853,,27252,12,,,1,100,,27258,12,,,1,100,,27257,12,,,1,100,,27255,12,,,1
20500,'6',653,,27271,12,,,1,100,,27266,12,,,1,100,,27267,12,,,1,100,,27269,12,,,1,100,,27274,12,,,1,100,,27264,12,,,1,100,,27273,12,,,1,100,,27276,12,,,1,100,,27282,12,,,1,100,,27265,12,,,1,100,,27260,12,,,1,100,,27278,12,,,1,100,,27259,12,,,1,100,,27270,12,,,1
20500,'7',1853,,27294,12,,,1,100,,27289,12,,,1,100,,27293,12,,,1,100,,27290,12,,,1
20500,'8',1853,,27296,12,,,1,100,,27300,12,,,1,100,,27301,12,,,1,100,,27295,12,,,1
20500,'9',1853,,27310,12,,,1,100,,27303,12,,,1,100,,27306,12,,,1,100,,27304,12,,,1
