10400,'1',640,,18641,13,,,1,70,,20630,13,,,1,30,,20627,13,,,1,70,,20647,13,,,1,30,,20637,13,,,1,70,,20646,13,,,1,30,,20629,13,,,1,70,,20628,13,,,1,30,,20645,13,,,1,70,,20633,13,,,1,30,,20644,13,,,1,70,,20635,13,,,1,30,,20632,13,,,1,70,,20641,13,,,1,30,,20626,13,,,1,70,,20640,13,,,1,30,,20631,13,,,1,70,,20639,13,,,1,30,,20643,13,,,1,70,,20642,13,,,1,30,,20649,13,,,1,70,,20636,13,,,1,30,,20638,13,,,1,70,,20634,13,,,1,30,,20648,13,,,1
10400,'2',640,,20668,13,,,1,70,,20664,13,,,1,30,,20655,13,,,1,70,,20669,13,,,1,30,,20652,13,,,1,70,,20663,13,,,1,30,,20650,13,,,1,70,,20670,13,,,1,30,,20659,13,,,1,70,,20654,13,,,1,30,,20662,13,,,1,70,,20656,13,,,1,30,,20657,13,,,1,70,,20665,13,,,1,30,,20661,13,,,1,70,,20666,13,,,1,30,,20667,13,,,1,70,,20673,13,,,1,30,,20660,13,,,1,70,,20674,13,,,1,30,,20651,13,,,1,70,,20653,13,,,1,30,,20672,13,,,1,70,,20658,13,,,1,30,,20671,13,,,1
10400,'3',640,,20680,13,,,1,70,,20678,13,,,1,30,,20693,13,,,1,70,,20683,13,,,1,30,,20691,13,,,1,70,,20687,13,,,1,30,,20684,13,,,1,70,,20685,13,,,1,30,,20688,13,,,1,70,,20695,13,,,1,30,,20697,13,,,1,70,,20681,13,,,1,30,,20677,13,,,1,70,,20690,13,,,1,30,,20682,13,,,1,70,,20689,13,,,1,30,,20699,13,,,1,70,,20696,13,,,1,30,,20694,13,,,1,70,,20676,13,,,1,30,,20679,13,,,1,70,,20675,13,,,1,30,,20692,13,,,1,70,,20698,13,,,1,30,,20686,13,,,1
10400,'4',640,,20713,13,,,1,70,,20709,13,,,1,30,,20718,13,,,1,70,,20705,13,,,1,30,,20701,13,,,1,70,,20703,13,,,1,30,,20714,13,,,1,70,,20723,13,,,1,30,,20700,13,,,1,70,,20710,13,,,1,30,,20716,13,,,1,70,,20720,13,,,1,30,,20704,13,,,1,70,,20712,13,,,1,30,,20721,13,,,1,70,,20706,13,,,1,30,,20717,13,,,1,70,,20722,13,,,1,30,,20702,13,,,1,70,,20719,13,,,1,30,,20708,13,,,1,70,,20711,13,,,1,30,,20715,13,,,1,70,,20724,13,,,1,30,,20707,13,,,1
10400,'5',640,,20728,13,,,1,70,,20748,13,,,1,30,,20732,13,,,1,70,,20739,13,,,1,30,,20746,13,,,1,70,,20737,13,,,1,30,,20742,13,,,1,70,,20734,13,,,1,30,,20741,13,,,1,70,,20727,13,,,1,30,,20738,13,,,1,70,,20740,13,,,1,30,,20725,13,,,1,70,,20726,13,,,1,30,,20744,13,,,1,70,,20730,13,,,1,30,,20731,13,,,1,70,,20736,13,,,1,30,,20747,13,,,1,70,,20743,13,,,1,30,,20735,13,,,1,70,,20729,13,,,1,30,,20745,13,,,1,70,,20733,13,,,1,30,,20749,13,,,1
10400,'7',640,,20750,13,,,1,70,,20762,13,,,1,30,,20751,13,,,1,70,,20772,13,,,1,30,,20764,13,,,1,70,,20755,13,,,1,30,,20753,13,,,1,70,,20757,13,,,1,30,,20765,13,,,1,70,,20766,13,,,1,30,,20769,13,,,1,70,,20758,13,,,1,30,,20761,13,,,1,70,,20754,13,,,1,30,,20768,13,,,1,70,,20763,13,,,1,30,,20767,13,,,1,70,,20756,13,,,1,30,,20760,13,,,1,70,,20771,13,,,1,30,,20759,13,,,1,70,,20752,13,,,1,30,,20770,13,,,1,70,,20773,13,,,1,30,,20774,13,,,1
10400,'8',640,,20777,13,,,1,70,,20782,13,,,1,30,,20785,13,,,1,70,,20778,13,,,1,30,,20779,13,,,1,70,,20788,13,,,1,30,,20781,13,,,1,70,,20798,13,,,1,30,,20787,13,,,1,70,,20799,13,,,1,30,,20775,13,,,1,70,,20792,13,,,1,30,,20796,13,,,1,70,,20776,13,,,1,30,,20786,13,,,1,70,,20784,13,,,1,30,,20794,13,,,1,70,,20789,13,,,1,30,,20790,13,,,1,70,,20780,13,,,1,30,,20783,13,,,1,70,,20791,13,,,1,30,,20797,13,,,1,70,,20795,13,,,1,30,,20793,13,,,1
10400,'9',640,,20804,13,,,1,70,,20815,13,,,1,30,,20822,13,,,1,70,,20806,13,,,1,30,,20800,13,,,1,70,,20805,13,,,1,30,,20821,13,,,1,70,,20808,13,,,1,30,,20813,13,,,1,70,,20801,13,,,1,30,,20810,13,,,1,70,,20812,13,,,1,30,,20819,13,,,1,70,,20823,13,,,1,30,,20820,13,,,1,70,,20802,13,,,1,30,,20816,13,,,1,70,,20809,13,,,1,30,,20817,13,,,1,70,,20818,13,,,1,30,,20814,13,,,1,70,,20803,13,,,1,30,,20824,13,,,1,70,,20807,13,,,1,30,,20811,13,,,1
20301,'1',2408,,26673,13,,,1
20301,'2',2408,,26736,13,,,1
20301,'3',2408,,26747,13,,,1
20301,'4',2408,,26755,13,,,1
20301,'5',2408,,26764,13,,,1
20301,'7',2408,,26813,13,,,1
20301,'8',2408,,26822,13,,,1
20301,'9',2408,,26826,13,,,1
20400,'1',1910,,26836,13,,,1,30,,26839,13,,,1,70,,26837,13,,,1,30,,26841,13,,,1,70,,26840,13,,,1,30,,26845,13,,,1,70,,26843,13,,,1,30,,26842,13,,,1,70,,26838,13,,,1,30,,26844,13,,,1
20400,'10',740,,26855,13,,,1,70,,26852,13,,,1,30,,26860,13,,,1,70,,26847,13,,,1,30,,26849,13,,,1,70,,26863,13,,,1,30,,26862,13,,,1,70,,26867,13,,,1,30,,26868,13,,,1,70,,26871,13,,,1,30,,26858,13,,,1,70,,26853,13,,,1,30,,26873,13,,,1,70,,26870,13,,,1,30,,26846,13,,,1,70,,26857,13,,,1,30,,26854,13,,,1,70,,26872,13,,,1,30,,26851,13,,,1,70,,26866,13,,,1,30,,26869,13,,,1,70,,26848,13,,,1,30,,26864,13,,,1,70,,26859,13,,,1,30,,26865,13,,,1,70,,26861,13,,,1,30,,26850,13,,,1,70,,26856,13,,,1
20400,'11',740,,26889,13,,,1,70,,26884,13,,,1,30,,26895,13,,,1,70,,26893,13,,,1,30,,26887,13,,,1,70,,26876,13,,,1,30,,26878,13,,,1,70,,26880,13,,,1,30,,26882,13,,,1,70,,26888,13,,,1,30,,26874,13,,,1,70,,26881,13,,,1,30,,26897,13,,,1,70,,26899,13,,,1,30,,26883,13,,,1,70,,26890,13,,,1,30,,26901,13,,,1,70,,26877,13,,,1,30,,26894,13,,,1,70,,26886,13,,,1,30,,26885,13,,,1,70,,26875,13,,,1,30,,26896,13,,,1,70,,26892,13,,,1,30,,26900,13,,,1,70,,26891,13,,,1,30,,26879,13,,,1,70,,26898,13,,,1
20400,'2',1910,,26906,13,,,1,30,,26910,13,,,1,70,,26903,13,,,1,30,,26904,13,,,1,70,,26911,13,,,1,30,,26905,13,,,1,70,,26909,13,,,1,30,,26902,13,,,1,70,,26907,13,,,1,30,,26908,13,,,1
20400,'3',1910,,26913,13,,,1,30,,26912,13,,,1,70,,26914,13,,,1,30,,26915,13,,,1,70,,26920,13,,,1,30,,26916,13,,,1,70,,26919,13,,,1,30,,26917,13,,,1,70,,26921,13,,,1,30,,26918,13,,,1
20400,'4',1910,,26924,13,,,1,30,,26922,13,,,1,70,,26930,13,,,1,30,,26926,13,,,1,70,,26927,13,,,1,30,,26928,13,,,1,70,,26923,13,,,1,30,,26925,13,,,1,70,,26931,13,,,1,30,,26929,13,,,1
20400,'5',1910,,26937,13,,,1,30,,26941,13,,,1,70,,26934,13,,,1,30,,26935,13,,,1,70,,26932,13,,,1,30,,26933,13,,,1,70,,26939,13,,,1,30,,26936,13,,,1,70,,26940,13,,,1,30,,26938,13,,,1
20400,'6',740,,26964,13,,,1,70,,26958,13,,,1,30,,26948,13,,,1,70,,26955,13,,,1,30,,26945,13,,,1,70,,26961,13,,,1,30,,26951,13,,,1,70,,26949,13,,,1,30,,26963,13,,,1,70,,26952,13,,,1,30,,26947,13,,,1,70,,26960,13,,,1,30,,26956,13,,,1,70,,26962,13,,,1,30,,26965,13,,,1,70,,26943,13,,,1,30,,26953,13,,,1,70,,26944,13,,,1,30,,26954,13,,,1,70,,26957,13,,,1,30,,26946,13,,,1,70,,26969,13,,,1,30,,26942,13,,,1,70,,26967,13,,,1,30,,26968,13,,,1,70,,26966,13,,,1,30,,26959,13,,,1,70,,26950,13,,,1
20400,'7',1910,,26979,13,,,1,30,,26976,13,,,1,70,,26975,13,,,1,30,,26970,13,,,1,70,,26971,13,,,1,30,,26972,13,,,1,70,,26973,13,,,1,30,,26977,13,,,1,70,,26974,13,,,1,30,,26978,13,,,1
20400,'8',1910,,26980,13,,,1,30,,26982,13,,,1,70,,26988,13,,,1,30,,26983,13,,,1,70,,26984,13,,,1,30,,26985,13,,,1,70,,26989,13,,,1,30,,26987,13,,,1,70,,26986,13,,,1,30,,26981,13,,,1
20400,'9',1910,,26991,13,,,1,30,,26996,13,,,1,70,,26998,13,,,1,30,,26990,13,,,1,70,,26993,13,,,1,30,,26997,13,,,1,70,,26992,13,,,1,30,,26995,13,,,1,70,,26994,13,,,1,30,,26999,13,,,1
