10800,'1',701,,22568,4,,,1,30,,22559,4,,,1,70,,22555,4,,,1,30,,17782,4,,,1,70,,22563,4,,,1,30,,22545,4,,,1,100,,22540,4,,,1,100,,22561,4,,,1,100,,22566,4,,,1,100,,22565,4,,,1,100,,22552,4,,,1,70,,22549,4,,,1,30,,22550,4,,,1,70,,22562,4,,,1,30,,22542,4,,,1,70,,22564,4,,,1,30,,22557,4,,,1
10800,'2',701,,22587,4,,,1,30,,22583,4,,,1,70,,22579,4,,,1,30,,22573,4,,,1,70,,22572,4,,,1,30,,22584,4,,,1,100,,22570,4,,,1,100,,22601,4,,,1,100,,22590,4,,,1,100,,22586,4,,,1,100,,22588,4,,,1,70,,22598,4,,,1,30,,22571,4,,,1,70,,22578,4,,,1,30,,22575,4,,,1,70,,22574,4,,,1,30,,22589,4,,,1
10800,'3',701,,22630,4,,,1,30,,22629,4,,,1,70,,22608,4,,,1,30,,22612,4,,,1,70,,22623,4,,,1,30,,22634,4,,,1,100,,22624,4,,,1,100,,22633,4,,,1,100,,22606,4,,,1,100,,22609,4,,,1,100,,22621,4,,,1,70,,22619,4,,,1,30,,22631,4,,,1,70,,22615,4,,,1,30,,22617,4,,,1,70,,22622,4,,,1,30,,22610,4,,,1
10800,'4',701,,22656,4,,,1,30,,22644,4,,,1,70,,22665,4,,,1,30,,22658,4,,,1,70,,22668,4,,,1,30,,22652,4,,,1,100,,22663,4,,,1,100,,22637,4,,,1,100,,22661,4,,,1,100,,22642,4,,,1,100,,22641,4,,,1,70,,22651,4,,,1,30,,22660,4,,,1,70,,22655,4,,,1,30,,22646,4,,,1,70,,22654,4,,,1,30,,22645,4,,,1
10800,'5',701,,22681,4,,,1,30,,22700,4,,,1,70,,22698,4,,,1,30,,22676,4,,,1,70,,22703,4,,,1,30,,22694,4,,,1,100,,22702,4,,,1,100,,22693,4,,,1,100,,22682,4,,,1,100,,22689,4,,,1,100,,22699,4,,,1,70,,22685,4,,,1,30,,22686,4,,,1,70,,22704,4,,,1,30,,22690,4,,,1,70,,22675,4,,,1,30,,22678,4,,,1
10800,'7',701,,22729,4,,,1,30,,22715,4,,,1,70,,22725,4,,,1,30,,22719,4,,,1,70,,22730,4,,,1,30,,22733,4,,,1,100,,22738,4,,,1,100,,22721,4,,,1,100,,22736,4,,,1,100,,22722,4,,,1,100,,22720,4,,,1,70,,22734,4,,,1,30,,22706,4,,,1,70,,22712,4,,,1,30,,22705,4,,,1,70,,22710,4,,,1,30,,22728,4,,,1
10800,'8',701,,22740,4,,,1,30,,22772,4,,,1,70,,22752,4,,,1,30,,22756,4,,,1,70,,22739,4,,,1,30,,22764,4,,,1,100,,22744,4,,,1,100,,22758,4,,,1,100,,22751,4,,,1,100,,22768,4,,,1,100,,22762,4,,,1,70,,22745,4,,,1,30,,22747,4,,,1,70,,22761,4,,,1,30,,22755,4,,,1,70,,22759,4,,,1,30,,22748,4,,,1
10800,'9',701,,22773,4,,,1,30,,22782,4,,,1,70,,22786,4,,,1,30,,22780,4,,,1,70,,22796,4,,,1,30,,22799,4,,,1,100,,22800,4,,,1,100,,22783,4,,,1,100,,22806,4,,,1,100,,22804,4,,,1,100,,22792,4,,,1,70,,22793,4,,,1,30,,22777,4,,,1,70,,22788,4,,,1,30,,22784,4,,,1,70,,22778,4,,,1,30,,22791,4,,,1
10900,'1',703,,22988,4,,,1,100,,22992,4,,,1,100,,22970,4,,,1,100,,22972,4,,,1,100,,19081,4,,,1,100,,22981,4,,,1,100,,22962,4,,,1,100,,22980,4,,,1,100,,22964,4,,,1,100,,22967,4,,,1,100,,22959,4,,,1,100,,22976,4,,,1
10900,'2',703,,23002,4,,,1,100,,23019,4,,,1,100,,23017,4,,,1,100,,23008,4,,,1,100,,23016,4,,,1,100,,23024,4,,,1,100,,23027,4,,,1,100,,23004,4,,,1,100,,23013,4,,,1,100,,23021,4,,,1,100,,23023,4,,,1,100,,22998,4,,,1
10900,'3',703,,23044,4,,,1,100,,23059,4,,,1,100,,23033,4,,,1,100,,23041,4,,,1,100,,23064,4,,,1,100,,23053,4,,,1,100,,23038,4,,,1,100,,23050,4,,,1,100,,23061,4,,,1,100,,23045,4,,,1,100,,23030,4,,,1,100,,23031,4,,,1
10900,'4',703,,23083,4,,,1,100,,23087,4,,,1,100,,23071,4,,,1,100,,23079,4,,,1,100,,23069,4,,,1,100,,23086,4,,,1,100,,23093,4,,,1,100,,23075,4,,,1,100,,23084,4,,,1,100,,23076,4,,,1,100,,23073,4,,,1,100,,23081,4,,,1
10900,'5',703,,23122,4,,,1,100,,23126,4,,,1,100,,23121,4,,,1,100,,23131,4,,,1,100,,23101,4,,,1,100,,23133,4,,,1,100,,23114,4,,,1,100,,23109,4,,,1,100,,23106,4,,,1,100,,23119,4,,,1,100,,23129,4,,,1,100,,23107,4,,,1
10900,'7',703,,23155,4,,,1,100,,23142,4,,,1,100,,23140,4,,,1,100,,23139,4,,,1,100,,23156,4,,,1,100,,23157,4,,,1,100,,23161,4,,,1,100,,23169,4,,,1,100,,23137,4,,,1,100,,23146,4,,,1,100,,23154,4,,,1,100,,23143,4,,,1
10900,'8',703,,23205,4,,,1,100,,23194,4,,,1,100,,23201,4,,,1,100,,23204,4,,,1,100,,23173,4,,,1,100,,23197,4,,,1,100,,23198,4,,,1,100,,23185,4,,,1,100,,23183,4,,,1,100,,23187,4,,,1,100,,23199,4,,,1,100,,23208,4,,,1
10900,'9',703,,23211,4,,,1,100,,23212,4,,,1,100,,23217,4,,,1,100,,23213,4,,,1,100,,23236,4,,,1,100,,23244,4,,,1,100,,23241,4,,,1,100,,23229,4,,,1,100,,23239,4,,,1,100,,23218,4,,,1,100,,23220,4,,,1,100,,23215,4,,,1
11400,'1',631,,25131,4,,,1,100,,25128,4,,,1,100,,25135,4,,,1,100,,25134,4,,,1,100,,25132,4,,,1,100,,25125,4,,,1,100,,25127,4,,,1,100,,25133,4,,,1,100,,25126,4,,,1,100,,25129,4,,,1,100,,25130,4,,,1,100,,17882,4,,,1
11400,'2',631,,25139,4,,,1,100,,25138,4,,,1,100,,25140,4,,,1,100,,25142,4,,,1,100,,18115,4,,,1,100,,25144,4,,,1,100,,25137,4,,,1,100,,25136,4,,,1,100,,25146,4,,,1,100,,25141,4,,,1,100,,25143,4,,,1,100,,25145,4,,,1
11400,'3',631,,25147,4,,,1,100,,25154,4,,,1,100,,25158,4,,,1,100,,25149,4,,,1,100,,25153,4,,,1,100,,25152,4,,,1,100,,25157,4,,,1,100,,25156,4,,,1,100,,25148,4,,,1,100,,25155,4,,,1,100,,25151,4,,,1,100,,25150,4,,,1
11400,'4',631,,25165,4,,,1,100,,25160,4,,,1,100,,25166,4,,,1,100,,25169,4,,,1,100,,25168,4,,,1,100,,25161,4,,,1,100,,25162,4,,,1,100,,25159,4,,,1,100,,25167,4,,,1,100,,25164,4,,,1,100,,25170,4,,,1,100,,25163,4,,,1
11400,'5',631,,25174,4,,,1,100,,25175,4,,,1,100,,25180,4,,,1,100,,25172,4,,,1,100,,25176,4,,,1,100,,25177,4,,,1,100,,25182,4,,,1,100,,25179,4,,,1,100,,25171,4,,,1,100,,25173,4,,,1,100,,25178,4,,,1,100,,25181,4,,,1
11400,'7',631,,25193,4,,,1,100,,25190,4,,,1,100,,25189,4,,,1,100,,25184,4,,,1,100,,25183,4,,,1,100,,25188,4,,,1,100,,25192,4,,,1,100,,25186,4,,,1,100,,25185,4,,,1,100,,25194,4,,,1,100,,25187,4,,,1,100,,25191,4,,,1
11400,'8',631,,25202,4,,,1,100,,25201,4,,,1,100,,25199,4,,,1,100,,25206,4,,,1,100,,25197,4,,,1,100,,25196,4,,,1,100,,25205,4,,,1,100,,25203,4,,,1,100,,25195,4,,,1,100,,25198,4,,,1,100,,25200,4,,,1,100,,25204,4,,,1
11400,'9',631,,25213,4,,,1,100,,25218,4,,,1,100,,25208,4,,,1,100,,25217,4,,,1,100,,25211,4,,,1,100,,25214,4,,,1,100,,25215,4,,,1,100,,25212,4,,,1,100,,25207,4,,,1,100,,25216,4,,,1,100,,25210,4,,,1,100,,25209,4,,,1
20900,'1',1901,,27952,4,,,1,100,,27946,4,,,1,100,,27942,4,,,1,100,,27944,4,,,1
20900,'10',801,,27970,4,,,1,100,,27962,4,,,1,100,,27961,4,,,1,100,,27963,4,,,1,100,,27983,4,,,1,100,,27988,4,,,1,100,,27973,4,,,1,100,,27969,4,,,1,100,,27954,4,,,1,100,,27984,4,,,1,100,,27989,4,,,1,100,,27966,4,,,1,100,,27991,4,,,1
20900,'11',801,,28026,4,,,1,100,,28030,4,,,1,100,,28001,4,,,1,100,,28034,4,,,1,100,,28019,4,,,1,100,,27995,4,,,1,100,,28005,4,,,1,100,,27998,4,,,1,100,,28003,4,,,1,100,,28014,4,,,1,100,,28025,4,,,1,100,,28010,4,,,1,100,,28023,4,,,1
20900,'2',1901,,28040,4,,,1,100,,28048,4,,,1,100,,28035,4,,,1,100,,28038,4,,,1
20900,'3',1901,,28053,4,,,1,100,,28051,4,,,1,100,,28052,4,,,1,100,,28049,4,,,1
20900,'4',1901,,28071,4,,,1,100,,28074,4,,,1,100,,28065,4,,,1,100,,28070,4,,,1
20900,'5',1901,,28085,4,,,1,100,,28087,4,,,1,100,,28083,4,,,1,100,,28090,4,,,1
20900,'6',801,,28118,4,,,1,100,,28099,4,,,1,100,,28131,4,,,1,100,,28092,4,,,1,100,,28113,4,,,1,100,,28119,4,,,1,100,,28105,4,,,1,100,,28100,4,,,1,100,,28130,4,,,1,100,,28098,4,,,1,100,,28106,4,,,1,100,,28120,4,,,1,100,,28121,4,,,1
20900,'7',1901,,28132,4,,,1,100,,28135,4,,,1,100,,28145,4,,,1,100,,28137,4,,,1
20900,'8',1901,,28147,4,,,1,100,,28151,4,,,1,100,,28157,4,,,1,100,,28154,4,,,1
20900,'9',1901,,28173,4,,,1,100,,28163,4,,,1,100,,28168,4,,,1,100,,28165,4,,,1
21400,'1',1831,,29235,4,,,1,100,,29236,4,,,1,100,,29234,4,,,1,100,,29232,4,,,1,100,,29233,4,,,1
21400,'10',731,,29238,4,,,1,100,,29244,4,,,1,100,,29245,4,,,1,100,,29240,4,,,1,100,,29246,4,,,1,100,,29243,4,,,1,100,,29241,4,,,1,100,,29249,4,,,1,100,,29237,4,,,1,100,,29239,4,,,1,100,,29242,4,,,1,100,,29248,4,,,1,100,,29247,4,,,1
21400,'11',731,,29262,4,,,1,100,,29251,4,,,1,100,,29259,4,,,1,100,,29252,4,,,1,100,,29256,4,,,1,100,,29254,4,,,1,100,,29260,4,,,1,100,,29253,4,,,1,100,,29261,4,,,1,100,,29255,4,,,1,100,,29258,4,,,1,100,,29257,4,,,1,100,,29250,4,,,1
21400,'2',1831,,29263,4,,,1,100,,29264,4,,,1,100,,29266,4,,,1,100,,29267,4,,,1,100,,29265,4,,,1
21400,'3',1831,,29268,4,,,1,100,,29272,4,,,1,100,,29269,4,,,1,100,,29271,4,,,1,100,,29270,4,,,1
21400,'4',1831,,29277,4,,,1,100,,29273,4,,,1,100,,29276,4,,,1,100,,29274,4,,,1,100,,29275,4,,,1
21400,'5',1831,,29280,4,,,1,100,,29282,4,,,1,100,,29278,4,,,1,100,,29279,4,,,1,100,,29281,4,,,1
21400,'6',731,,29294,4,,,1,100,,29288,4,,,1,100,,29292,4,,,1,100,,29287,4,,,1,100,,29295,4,,,1,100,,29283,4,,,1,100,,29293,4,,,1,100,,29289,4,,,1,100,,29285,4,,,1,100,,29291,4,,,1,100,,29284,4,,,1,100,,29286,4,,,1,100,,29290,4,,,1
21400,'7',1831,,29296,4,,,1,100,,29297,4,,,1,100,,29300,4,,,1,100,,29298,4,,,1,100,,29299,4,,,1
21400,'8',1831,,29305,4,,,1,100,,29304,4,,,1,100,,29301,4,,,1,100,,29302,4,,,1,100,,29303,4,,,1
21400,'9',1831,,29308,4,,,1,100,,29309,4,,,1,100,,29310,4,,,1,100,,29307,4,,,1,100,,29306,4,,,1
