10500,'1',605,,21036,17,4,,1,100,,21031,17,4,,1,30,,21040,17,4,,1,70,,21023,17,4,,1,30,,21041,17,4,,1,70,,21042,17,4,,1,30,,21032,17,4,,1,70,,21035,17,4,,1,100,,21047,17,4,,1,100,,21054,17,4,,1,100,,21046,17,4,,1,100,,21020,17,4,,1,100,,21045,17,4,,1,30,,21051,17,4,,1,70,,21034,17,4,,1,30,,21053,17,4,,1,70,,21033,17,4,,1,30,,21022,17,4,,1,70,,21048,17,4,,1
10500,'2',605,,21091,17,4,,1,100,,21080,17,4,,1,30,,21079,17,4,,1,70,,21060,17,4,,1,30,,21076,17,4,,1,70,,17837,17,4,,1,30,,17669,17,4,,1,70,,21071,17,4,,1,100,,21087,17,4,,1,100,,21061,17,4,,1,100,,21077,17,4,,1,100,,21066,17,4,,1,100,,21073,17,4,,1,30,,21082,17,4,,1,70,,21089,17,4,,1,30,,21081,17,4,,1,70,,21067,17,4,,1,30,,21065,17,4,,1,70,,21090,17,4,,1
10500,'3',605,,21104,17,4,,1,100,,21125,17,4,,1,30,,21118,17,4,,1,70,,21107,17,4,,1,30,,21117,17,4,,1,70,,21098,17,4,,1,30,,21102,17,4,,1,70,,21116,17,4,,1,100,,21105,17,4,,1,100,,21099,17,4,,1,100,,21124,17,4,,1,100,,21108,17,4,,1,100,,21127,17,4,,1,30,,21115,17,4,,1,70,,21130,17,4,,1,30,,21121,17,4,,1,70,,21103,17,4,,1,30,,21106,17,4,,1,70,,21128,17,4,,1
10500,'4',605,,21154,17,4,,1,100,,21135,17,4,,1,30,,21162,17,4,,1,70,,21150,17,4,,1,30,,21155,17,4,,1,70,,21134,17,4,,1,30,,21137,17,4,,1,70,,21165,17,4,,1,100,,21145,17,4,,1,100,,21152,17,4,,1,100,,21159,17,4,,1,100,,21158,17,4,,1,100,,21168,17,4,,1,30,,21139,17,4,,1,70,,21131,17,4,,1,30,,21160,17,4,,1,70,,21157,17,4,,1,30,,21153,17,4,,1,70,,21143,17,4,,1
10500,'5',605,,21198,17,4,,1,100,,21196,17,4,,1,30,,21180,17,4,,1,70,,21190,17,4,,1,30,,21187,17,4,,1,70,,21184,17,4,,1,30,,21194,17,4,,1,70,,21205,17,4,,1,100,,21171,17,4,,1,100,,21172,17,4,,1,100,,21200,17,4,,1,100,,21174,17,4,,1,100,,21173,17,4,,1,30,,21176,17,4,,1,70,,21204,17,4,,1,30,,21178,17,4,,1,70,,21201,17,4,,1,30,,21193,17,4,,1,70,,21185,17,4,,1
10500,'7',605,,21244,17,4,,1,100,,21237,17,4,,1,30,,21235,17,4,,1,70,,21209,17,4,,1,30,,21225,17,4,,1,70,,21210,17,4,,1,30,,21207,17,4,,1,70,,21234,17,4,,1,100,,21213,17,4,,1,100,,21227,17,4,,1,100,,21222,17,4,,1,100,,21236,17,4,,1,100,,21243,17,4,,1,30,,21208,17,4,,1,70,,21229,17,4,,1,30,,21211,17,4,,1,70,,21220,17,4,,1,30,,21223,17,4,,1,70,,21218,17,4,,1
10500,'8',605,,21250,17,4,,1,100,,21255,17,4,,1,30,,21279,17,4,,1,70,,21268,17,4,,1,30,,21261,17,4,,1,70,,21262,17,4,,1,30,,21267,17,4,,1,70,,21260,17,4,,1,100,,21247,17,4,,1,100,,21257,17,4,,1,100,,21282,17,4,,1,100,,21252,17,4,,1,100,,21253,17,4,,1,30,,21272,17,4,,1,70,,21256,17,4,,1,30,,21278,17,4,,1,70,,21249,17,4,,1,30,,21254,17,4,,1,70,,21275,17,4,,1
10500,'9',605,,21307,17,4,,1,100,,21311,17,4,,1,30,,21291,17,4,,1,70,,21292,17,4,,1,30,,21319,17,4,,1,70,,21304,17,4,,1,30,,21301,17,4,,1,70,,21295,17,4,,1,100,,21312,17,4,,1,100,,21315,17,4,,1,100,,21303,17,4,,1,100,,21310,17,4,,1,100,,21309,17,4,,1,30,,21317,17,4,,1,70,,21293,17,4,,1,30,,21294,17,4,,1,70,,21299,17,4,,1,30,,21314,17,4,,1,70,,21300,17,4,,1
10501,'1',615,,17262,1,,,1,100,,21325,1,,,1,30,,18349,1,,,1,70,,21334,1,,,1,30,,21348,1,,,1,70,,15602,1,,,1,30,,21341,1,,,1,70,,21337,1,,,1,100,,21330,1,,,1,100,,21347,1,,,1,100,,21331,1,,,1,100,,21332,1,,,1,100,,21350,1,,,1,30,,18105,1,,,1,70,,21343,1,,,1,30,,21354,1,,,1,70,,21339,1,,,1,30,,21346,1,,,1,70,,21328,1,,,1
10501,'2',615,,21388,1,,,1,100,,21355,1,,,1,30,,21364,1,,,1,70,,21358,1,,,1,30,,21360,1,,,1,70,,21361,1,,,1,30,,21375,1,,,1,70,,21362,1,,,1,100,,21365,1,,,1,100,,21381,1,,,1,100,,21380,1,,,1,100,,21385,1,,,1,100,,21363,1,,,1,30,,14153,1,,,1,70,,21384,1,,,1,30,,21371,1,,,1,70,,21370,1,,,1,30,,21356,1,,,1,70,,21366,1,,,1
10501,'3',615,,21404,1,,,1,100,,21405,1,,,1,30,,21411,1,,,1,70,,21415,1,,,1,30,,21412,1,,,1,70,,21419,1,,,1,30,,21413,1,,,1,70,,21402,1,,,1,100,,21422,1,,,1,100,,21426,1,,,1,100,,21421,1,,,1,100,,21394,1,,,1,100,,21395,1,,,1,30,,21410,1,,,1,70,,21399,1,,,1,30,,21418,1,,,1,70,,21416,1,,,1,30,,21391,1,,,1,70,,21420,1,,,1
10501,'4',615,,21457,1,,,1,100,,21441,1,,,1,30,,21447,1,,,1,70,,21443,1,,,1,30,,21462,1,,,1,70,,21438,1,,,1,30,,21433,1,,,1,70,,21440,1,,,1,100,,21434,1,,,1,100,,21437,1,,,1,100,,21431,1,,,1,100,,21448,1,,,1,100,,21449,1,,,1,30,,21445,1,,,1,70,,21429,1,,,1,30,,21439,1,,,1,70,,21442,1,,,1,30,,21428,1,,,1,70,,21451,1,,,1
10501,'5',615,,21496,1,,,1,100,,21472,1,,,1,30,,21467,1,,,1,70,,21495,1,,,1,30,,21494,1,,,1,70,,21491,1,,,1,30,,21503,1,,,1,70,,21487,1,,,1,100,,21488,1,,,1,100,,21466,1,,,1,100,,21500,1,,,1,100,,21497,1,,,1,100,,21480,1,,,1,30,,21483,1,,,1,70,,21468,1,,,1,30,,21502,1,,,1,70,,21482,1,,,1,30,,21479,1,,,1,70,,21474,1,,,1
10501,'7',615,,21540,1,,,1,100,,21539,1,,,1,30,,21521,1,,,1,70,,21538,1,,,1,30,,21535,1,,,1,70,,21511,1,,,1,30,,21516,1,,,1,70,,21518,1,,,1,100,,21525,1,,,1,100,,21510,1,,,1,100,,21522,1,,,1,100,,21523,1,,,1,100,,21533,1,,,1,30,,21531,1,,,1,70,,21507,1,,,1,30,,21520,1,,,1,70,,21508,1,,,1,30,,21541,1,,,1,70,,21524,1,,,1
10501,'8',615,,21558,1,,,1,100,,21553,1,,,1,30,,21543,1,,,1,70,,21545,1,,,1,30,,21572,1,,,1,70,,21548,1,,,1,30,,21573,1,,,1,70,,21569,1,,,1,100,,21554,1,,,1,100,,21571,1,,,1,100,,21568,1,,,1,100,,21577,1,,,1,100,,21564,1,,,1,30,,21574,1,,,1,70,,21578,1,,,1,30,,21579,1,,,1,70,,21565,1,,,1,30,,21570,1,,,1,70,,21567,1,,,1
10501,'9',615,,21605,1,,,1,100,,21585,1,,,1,30,,21580,1,,,1,70,,21583,1,,,1,30,,21584,1,,,1,70,,21587,1,,,1,30,,21608,1,,,1,70,,21595,1,,,1,100,,21602,1,,,1,100,,21604,1,,,1,100,,21609,1,,,1,100,,21613,1,,,1,100,,21616,1,,,1,30,,21599,1,,,1,70,,21589,1,,,1,30,,21593,1,,,1,70,,21588,1,,,1,30,,21612,1,,,1,70,,21582,1,,,1
10900,'1',608,,22983,2,4,,1,2,,22960,1,,,1,98,,22990,2,4,,1,2,,22975,1,,,1,98,,22977,2,4,,1,2,,22971,1,,,1,98,,22979,2,4,,1,2,,22974,1,,,1,98,,22968,2,4,,1,2,,22987,1,,,1,98,,22969,2,4,,1,2,,22989,1,,,1,98,,22965,2,4,,1,2,,22963,1,,,1,98,,22985,2,4,,1,2,,22966,1,,,1,98,,22991,2,4,,1,2,,18341,1,,,1,98,,22982,2,4,,1,2,,22961,1,,,1,98,,22984,2,4,,1,2,,22978,1,,,1,98,,22973,2,4,,1,2,,22986,1,,,1
10900,'2',608,,23022,2,4,,1,2,,23009,1,,,1,98,,23003,2,4,,1,2,,23012,1,,,1,98,,23005,2,4,,1,2,,23026,1,,,1,98,,22994,2,4,,1,2,,22993,1,,,1,98,,23014,2,4,,1,2,,23011,1,,,1,98,,22995,2,4,,1,2,,23010,1,,,1,98,,22996,2,4,,1,2,,23006,1,,,1,98,,22999,2,4,,1,2,,23001,1,,,1,98,,23007,2,4,,1,2,,23018,1,,,1,98,,23000,2,4,,1,2,,23025,1,,,1,98,,22997,2,4,,1,2,,23020,1,,,1,98,,23015,2,4,,1,2,,23028,1,,,1
10900,'3',608,,23032,2,4,,1,2,,23058,1,,,1,98,,23047,2,4,,1,2,,23035,1,,,1,98,,23036,2,4,,1,2,,23037,1,,,1,98,,23040,2,4,,1,2,,23046,1,,,1,98,,23049,2,4,,1,2,,23048,1,,,1,98,,23052,2,4,,1,2,,23054,1,,,1,98,,23055,2,4,,1,2,,23051,1,,,1,98,,23034,2,4,,1,2,,23057,1,,,1,98,,23063,2,4,,1,2,,23056,1,,,1,98,,23029,2,4,,1,2,,23060,1,,,1,98,,23062,2,4,,1,2,,23043,1,,,1,98,,23042,2,4,,1,2,,23039,1,,,1
10900,'4',608,,23068,2,4,,1,2,,23078,1,,,1,98,,23065,2,4,,1,2,,23077,1,,,1,98,,23100,2,4,,1,2,,23097,1,,,1,98,,23074,2,4,,1,2,,23098,1,,,1,98,,23080,2,4,,1,2,,23089,1,,,1,98,,23092,2,4,,1,2,,23094,1,,,1,98,,23095,2,4,,1,2,,23070,1,,,1,98,,23085,2,4,,1,2,,23088,1,,,1,98,,23082,2,4,,1,2,,23091,1,,,1,98,,23090,2,4,,1,2,,23067,1,,,1,98,,23072,2,4,,1,2,,23099,1,,,1,98,,23066,2,4,,1,2,,23096,1,,,1
10900,'5',608,,23134,2,4,,1,2,,23110,1,,,1,98,,23125,2,4,,1,2,,23130,1,,,1,98,,23132,2,4,,1,2,,23127,1,,,1,98,,23112,2,4,,1,2,,23135,1,,,1,98,,23115,2,4,,1,2,,23103,1,,,1,98,,23111,2,4,,1,2,,23102,1,,,1,98,,23105,2,4,,1,2,,23117,1,,,1,98,,23136,2,4,,1,2,,23128,1,,,1,98,,23118,2,4,,1,2,,23123,1,,,1,98,,23120,2,4,,1,2,,23113,1,,,1,98,,23104,2,4,,1,2,,23124,1,,,1,98,,23108,2,4,,1,2,,23116,1,,,1
10900,'7',608,,23138,2,4,,1,2,,23172,1,,,1,98,,23144,2,4,,1,2,,23162,1,,,1,98,,23158,2,4,,1,2,,23171,1,,,1,98,,23149,2,4,,1,2,,23150,1,,,1,98,,23148,2,4,,1,2,,23145,1,,,1,98,,23159,2,4,,1,2,,23147,1,,,1,98,,23167,2,4,,1,2,,23164,1,,,1,98,,23160,2,4,,1,2,,23170,1,,,1,98,,23152,2,4,,1,2,,23166,1,,,1,98,,23141,2,4,,1,2,,23165,1,,,1,98,,23151,2,4,,1,2,,23168,1,,,1,98,,23153,2,4,,1,2,,23163,1,,,1
10900,'8',608,,23184,2,4,,1,2,,23179,1,,,1,98,,23175,2,4,,1,2,,23200,1,,,1,98,,23191,2,4,,1,2,,23202,1,,,1,98,,23178,2,4,,1,2,,23186,1,,,1,98,,23192,2,4,,1,2,,23182,1,,,1,98,,23206,2,4,,1,2,,23196,1,,,1,98,,23189,2,4,,1,2,,23195,1,,,1,98,,23203,2,4,,1,2,,23177,1,,,1,98,,23188,2,4,,1,2,,23190,1,,,1,98,,23180,2,4,,1,2,,23193,1,,,1,98,,23207,2,4,,1,2,,23176,1,,,1,98,,23174,2,4,,1,2,,23181,1,,,1
10900,'9',608,,23228,2,4,,1,2,,23242,1,,,1,98,,23238,2,4,,1,2,,23226,1,,,1,98,,23222,2,4,,1,2,,23223,1,,,1,98,,23233,2,4,,1,2,,23225,1,,,1,98,,23235,2,4,,1,2,,23214,1,,,1,98,,23227,2,4,,1,2,,23243,1,,,1,98,,23234,2,4,,1,2,,23224,1,,,1,98,,23219,2,4,,1,2,,23231,1,,,1,98,,23240,2,4,,1,2,,23210,1,,,1,98,,23237,2,4,,1,2,,23209,1,,,1,98,,23216,2,4,,1,2,,23232,1,,,1,98,,23221,2,4,,1,2,,23230,1,,,1
10901,'1',613,,23258,3,4,,1,2,,23246,1,,,1,98,,23252,3,4,,1,2,,23253,1,,,1,98,,23263,3,4,,1,2,,23254,1,,,1,98,,23245,3,4,,1,2,,23251,1,,,1,98,,23260,3,4,,1,2,,23249,1,,,1,98,,23257,3,4,,1,2,,23250,1,,,1,98,,23264,3,4,,1,2,,23248,1,,,1,98,,23265,3,4,,1,2,,23261,1,,,1,98,,23255,3,4,,1,2,,23259,1,,,1,98,,15874,3,4,,1,2,,17453,1,,,1,98,,17460,3,4,,1,2,,23262,1,,,1,98,,23247,3,4,,1,2,,23256,1,,,1
10901,'2',613,,23274,3,4,,1,2,,23267,1,,,1,98,,23279,3,4,,1,2,,23273,1,,,1,98,,23275,3,4,,1,2,,23270,1,,,1,98,,23271,3,4,,1,2,,23287,1,,,1,98,,23288,3,4,,1,2,,23277,1,,,1,98,,17478,3,4,,1,2,,23276,1,,,1,98,,23272,3,4,,1,2,,23278,1,,,1,98,,23269,3,4,,1,2,,23281,1,,,1,98,,23286,3,4,,1,2,,23283,1,,,1,98,,23282,3,4,,1,2,,23266,1,,,1,98,,23285,3,4,,1,2,,23284,1,,,1,98,,23268,3,4,,1,2,,23280,1,,,1
10901,'3',613,,23302,3,4,,1,2,,23292,1,,,1,98,,23296,3,4,,1,2,,23297,1,,,1,98,,23303,3,4,,1,2,,23311,1,,,1,98,,23299,3,4,,1,2,,23301,1,,,1,98,,23306,3,4,,1,2,,23307,1,,,1,98,,23290,3,4,,1,2,,23300,1,,,1,98,,23289,3,4,,1,2,,23291,1,,,1,98,,23304,3,4,,1,2,,23305,1,,,1,98,,23308,3,4,,1,2,,23295,1,,,1,98,,23294,3,4,,1,2,,23293,1,,,1,98,,23310,3,4,,1,2,,23309,1,,,1,98,,23298,3,4,,1,2,,23312,1,,,1
10901,'4',613,,23332,3,4,,1,2,,23322,1,,,1,98,,23323,3,4,,1,2,,23331,1,,,1,98,,23336,3,4,,1,2,,23317,1,,,1,98,,23334,3,4,,1,2,,23327,1,,,1,98,,23335,3,4,,1,2,,23314,1,,,1,98,,23318,3,4,,1,2,,23333,1,,,1,98,,23330,3,4,,1,2,,23325,1,,,1,98,,23321,3,4,,1,2,,23319,1,,,1,98,,23320,3,4,,1,2,,23328,1,,,1,98,,23315,3,4,,1,2,,23329,1,,,1,98,,23313,3,4,,1,2,,23326,1,,,1,98,,23316,3,4,,1,2,,23324,1,,,1
10901,'5',613,,23350,3,4,,1,2,,23359,1,,,1,98,,23337,3,4,,1,2,,23344,1,,,1,98,,23360,3,4,,1,2,,23358,1,,,1,98,,23347,3,4,,1,2,,23355,1,,,1,98,,23352,3,4,,1,2,,23339,1,,,1,98,,23354,3,4,,1,2,,23351,1,,,1,98,,23349,3,4,,1,2,,23345,1,,,1,98,,23338,3,4,,1,2,,23356,1,,,1,98,,23343,3,4,,1,2,,23342,1,,,1,98,,23341,3,4,,1,2,,23340,1,,,1,98,,23353,3,4,,1,2,,23357,1,,,1,98,,23348,3,4,,1,2,,23346,1,,,1
10901,'7',613,,23377,3,4,,1,2,,23369,1,,,1,98,,23362,3,4,,1,2,,23368,1,,,1,98,,23373,3,4,,1,2,,23380,1,,,1,98,,23370,3,4,,1,2,,23364,1,,,1,98,,23375,3,4,,1,2,,23366,1,,,1,98,,23367,3,4,,1,2,,23378,1,,,1,98,,23383,3,4,,1,2,,23376,1,,,1,98,,23381,3,4,,1,2,,23371,1,,,1,98,,23361,3,4,,1,2,,23384,1,,,1,98,,23363,3,4,,1,2,,23374,1,,,1,98,,23382,3,4,,1,2,,23365,1,,,1,98,,23379,3,4,,1,2,,23372,1,,,1
10901,'8',613,,23392,3,4,,1,2,,23404,1,,,1,98,,23394,3,4,,1,2,,23389,1,,,1,98,,23408,3,4,,1,2,,23403,1,,,1,98,,23406,3,4,,1,2,,23407,1,,,1,98,,23388,3,4,,1,2,,23399,1,,,1,98,,23398,3,4,,1,2,,23387,1,,,1,98,,23397,3,4,,1,2,,23400,1,,,1,98,,23402,3,4,,1,2,,23405,1,,,1,98,,23391,3,4,,1,2,,23396,1,,,1,98,,23401,3,4,,1,2,,23393,1,,,1,98,,23385,3,4,,1,2,,23386,1,,,1,98,,23390,3,4,,1,2,,23395,1,,,1
10901,'9',613,,23423,3,4,,1,2,,23420,1,,,1,98,,23424,3,4,,1,2,,23410,1,,,1,98,,23432,3,4,,1,2,,23414,1,,,1,98,,23417,3,4,,1,2,,23412,1,,,1,98,,23416,3,4,,1,2,,23426,1,,,1,98,,23425,3,4,,1,2,,23413,1,,,1,98,,23415,3,4,,1,2,,23411,1,,,1,98,,23427,3,4,,1,2,,23430,1,,,1,98,,23418,3,4,,1,2,,23428,1,,,1,98,,23429,3,4,,1,2,,23422,1,,,1,98,,23431,3,4,,1,2,,23409,1,,,1,98,,23421,3,4,,1,2,,23419,1,,,1
11300,'1',639,,24507,28,4,,1,1,,24526,1,,,1,3,,24505,3,4,,1,96,,24518,28,4,,1,1,,24516,1,,,1,3,,24514,3,4,,1,96,,24513,28,4,,1,1,,24512,1,,,1,3,,24511,3,4,,1,96,,24510,28,4,,1,1,,24515,1,,,1,3,,24531,3,4,,1,96,,24522,28,4,,1,1,,24503,1,,,1,3,,24498,3,4,,1,96,,19261,28,4,,1,1,,24504,1,,,1,3,,24530,3,4,,1,96,,24521,28,4,,1,1,,24500,1,,,1,3,,24519,3,4,,1,96,,24506,28,4,,1,1,,24502,1,,,1,3,,24501,3,4,,1,96,,24525,28,4,,1,1,,24517,1,,,1,3,,24529,3,4,,1,96,,24532,28,4,,1,1,,24509,1,,,1,3,,24524,3,4,,1,96,,24523,28,4,,1,1,,24499,1,,,1,3,,24497,3,4,,1,96,,24528,28,4,,1,1,,17253,1,,,1,3,,24496,3,4,,1,96,,24527,28,4,,1,1,,24520,1,,,1,3,,24508,3,4,,1
11300,'2',639,,24538,28,4,,1,1,,24564,1,,,1,3,,24562,3,4,,1,96,,24542,28,4,,1,1,,24539,1,,,1,3,,24551,3,4,,1,96,,24556,28,4,,1,1,,24555,1,,,1,3,,24544,3,4,,1,96,,24552,28,4,,1,1,,24537,1,,,1,3,,17870,3,4,,1,96,,24548,28,4,,1,1,,24553,1,,,1,3,,24569,3,4,,1,96,,24534,28,4,,1,1,,24558,1,,,1,3,,24554,3,4,,1,96,,24546,28,4,,1,1,,24568,1,,,1,3,,24547,3,4,,1,96,,24533,28,4,,1,1,,24536,1,,,1,3,,24535,3,4,,1,96,,24563,28,4,,1,1,,24543,1,,,1,3,,24550,3,4,,1,96,,24570,28,4,,1,1,,24560,1,,,1,3,,24565,3,4,,1,96,,24541,28,4,,1,1,,24559,1,,,1,3,,24540,3,4,,1,96,,24566,28,4,,1,1,,24549,1,,,1,3,,24545,3,4,,1,96,,24557,28,4,,1,1,,24561,1,,,1,3,,24567,3,4,,1
11300,'3',639,,24609,28,4,,1,1,,24600,1,,,1,3,,24587,3,4,,1,96,,24582,28,4,,1,1,,24578,1,,,1,3,,24585,3,4,,1,96,,24573,28,4,,1,1,,24584,1,,,1,3,,24593,3,4,,1,96,,24586,28,4,,1,1,,24596,1,,,1,3,,24607,3,4,,1,96,,24575,28,4,,1,1,,24597,1,,,1,3,,24577,3,4,,1,96,,24606,28,4,,1,1,,24581,1,,,1,3,,24579,3,4,,1,96,,24580,28,4,,1,1,,24608,1,,,1,3,,24590,3,4,,1,96,,24594,28,4,,1,1,,24589,1,,,1,3,,24595,3,4,,1,96,,24592,28,4,,1,1,,24571,1,,,1,3,,24572,3,4,,1,96,,24591,28,4,,1,1,,24583,1,,,1,3,,24602,3,4,,1,96,,24576,28,4,,1,1,,24588,1,,,1,3,,24601,3,4,,1,96,,24598,28,4,,1,1,,24604,1,,,1,3,,24599,3,4,,1,96,,24574,28,4,,1,1,,24605,1,,,1,3,,24603,3,4,,1
11300,'4',639,,24637,28,4,,1,1,,24623,1,,,1,3,,24646,3,4,,1,96,,24647,28,4,,1,1,,24627,1,,,1,3,,24622,3,4,,1,96,,24642,28,4,,1,1,,24616,1,,,1,3,,24610,3,4,,1,96,,24634,28,4,,1,1,,24636,1,,,1,3,,24613,3,4,,1,96,,24619,28,4,,1,1,,24638,1,,,1,3,,24635,3,4,,1,96,,24628,28,4,,1,1,,24644,1,,,1,3,,24621,3,4,,1,96,,24630,28,4,,1,1,,24640,1,,,1,3,,24631,3,4,,1,96,,24618,28,4,,1,1,,24645,1,,,1,3,,24625,3,4,,1,96,,24617,28,4,,1,1,,24611,1,,,1,3,,24614,3,4,,1,96,,24629,28,4,,1,1,,24620,1,,,1,3,,24641,3,4,,1,96,,24633,28,4,,1,1,,24624,1,,,1,3,,24615,3,4,,1,96,,24632,28,4,,1,1,,24626,1,,,1,3,,24612,3,4,,1,96,,24643,28,4,,1,1,,24639,1,,,1,3,,24648,3,4,,1
11300,'5',639,,24671,28,4,,1,1,,24666,1,,,1,3,,24678,3,4,,1,96,,24668,28,4,,1,1,,24672,1,,,1,3,,24663,3,4,,1,96,,24653,28,4,,1,1,,24680,1,,,1,3,,24661,3,4,,1,96,,24652,28,4,,1,1,,24654,1,,,1,3,,24684,3,4,,1,96,,24674,28,4,,1,1,,24673,1,,,1,3,,24681,3,4,,1,96,,24667,28,4,,1,1,,24670,1,,,1,3,,24685,3,4,,1,96,,24686,28,4,,1,1,,24651,1,,,1,3,,24649,3,4,,1,96,,24658,28,4,,1,1,,24683,1,,,1,3,,24676,3,4,,1,96,,24650,28,4,,1,1,,24687,1,,,1,3,,24662,3,4,,1,96,,24682,28,4,,1,1,,24664,1,,,1,3,,24665,3,4,,1,96,,24679,28,4,,1,1,,24657,1,,,1,3,,24655,3,4,,1,96,,24675,28,4,,1,1,,24656,1,,,1,3,,24660,3,4,,1,96,,24677,28,4,,1,1,,24669,1,,,1,3,,24659,3,4,,1
11300,'7',639,,24711,28,4,,1,1,,24692,1,,,1,3,,24699,3,4,,1,96,,24719,28,4,,1,1,,24706,1,,,1,3,,24690,3,4,,1,96,,24724,28,4,,1,1,,24721,1,,,1,3,,24713,3,4,,1,96,,24700,28,4,,1,1,,24689,1,,,1,3,,24725,3,4,,1,96,,24716,28,4,,1,1,,24715,1,,,1,3,,24698,3,4,,1,96,,24718,28,4,,1,1,,24693,1,,,1,3,,24710,3,4,,1,96,,24726,28,4,,1,1,,24712,1,,,1,3,,24702,3,4,,1,96,,24720,28,4,,1,1,,24707,1,,,1,3,,24691,3,4,,1,96,,24709,28,4,,1,1,,24723,1,,,1,3,,24694,3,4,,1,96,,24703,28,4,,1,1,,24697,1,,,1,3,,24705,3,4,,1,96,,24696,28,4,,1,1,,24714,1,,,1,3,,24701,3,4,,1,96,,24704,28,4,,1,1,,24695,1,,,1,3,,24717,3,4,,1,96,,24722,28,4,,1,1,,24708,1,,,1,3,,24688,3,4,,1
11300,'8',639,,24759,28,4,,1,1,,24762,1,,,1,3,,24736,3,4,,1,96,,24727,28,4,,1,1,,24732,1,,,1,3,,24740,3,4,,1,96,,24758,28,4,,1,1,,24735,1,,,1,3,,24757,3,4,,1,96,,24755,28,4,,1,1,,24763,1,,,1,3,,24743,3,4,,1,96,,24764,28,4,,1,1,,24749,1,,,1,3,,24760,3,4,,1,96,,24730,28,4,,1,1,,24742,1,,,1,3,,24738,3,4,,1,96,,24751,28,4,,1,1,,24734,1,,,1,3,,24731,3,4,,1,96,,24754,28,4,,1,1,,24746,1,,,1,3,,24728,3,4,,1,96,,24752,28,4,,1,1,,24745,1,,,1,3,,24750,3,4,,1,96,,24765,28,4,,1,1,,24733,1,,,1,3,,24737,3,4,,1,96,,24729,28,4,,1,1,,24748,1,,,1,3,,24753,3,4,,1,96,,24756,28,4,,1,1,,24741,1,,,1,3,,24747,3,4,,1,96,,24744,28,4,,1,1,,24739,1,,,1,3,,24761,3,4,,1
11300,'9',639,,24778,28,4,,1,1,,24782,1,,,1,3,,24788,3,4,,1,96,,24797,28,4,,1,1,,24786,1,,,1,3,,24789,3,4,,1,96,,24795,28,4,,1,1,,24804,1,,,1,3,,24774,3,4,,1,96,,24766,28,4,,1,1,,24790,1,,,1,3,,24792,3,4,,1,96,,24772,28,4,,1,1,,24793,1,,,1,3,,24784,3,4,,1,96,,24801,28,4,,1,1,,24776,1,,,1,3,,24796,3,4,,1,96,,24803,28,4,,1,1,,24769,1,,,1,3,,24771,3,4,,1,96,,24773,28,4,,1,1,,24785,1,,,1,3,,24767,3,4,,1,96,,24770,28,4,,1,1,,24779,1,,,1,3,,24802,3,4,,1,96,,24787,28,4,,1,1,,24799,1,,,1,3,,24781,3,4,,1,96,,24798,28,4,,1,1,,24777,1,,,1,3,,24775,3,4,,1,96,,24768,28,4,,1,1,,24783,1,,,1,3,,24791,3,4,,1,96,,24780,28,4,,1,1,,24800,1,,,1,3,,24794,3,4,,1
11301,'1',645,,24838,1,,,1,100,,24841,1,,,1,100,,18571,1,,,1,100,,24833,1,,,1,100,,24815,1,,,1,100,,24822,1,,,1,100,,24837,1,,,1,100,,17395,1,,,1,100,,24817,1,,,1,100,,24832,1,,,1,100,,24834,1,,,1,100,,24806,1,,,1,100,,24827,1,,,1
11301,'2',645,,24868,1,,,1,100,,24856,1,,,1,100,,24864,1,,,1,100,,24869,1,,,1,100,,14749,1,,,1,100,,24854,1,,,1,100,,24852,1,,,1,100,,24857,1,,,1,100,,24858,1,,,1,100,,24855,1,,,1,100,,24845,1,,,1,100,,24860,1,,,1,100,,24875,1,,,1
11301,'3',645,,24903,1,,,1,100,,24895,1,,,1,100,,24896,1,,,1,100,,24894,1,,,1,100,,24890,1,,,1,100,,24905,1,,,1,100,,24904,1,,,1,100,,24886,1,,,1,100,,24916,1,,,1,100,,24907,1,,,1,100,,24882,1,,,1,100,,24901,1,,,1,100,,24887,1,,,1
11301,'4',645,,24926,1,,,1,100,,24921,1,,,1,100,,24951,1,,,1,100,,24932,1,,,1,100,,24939,1,,,1,100,,24928,1,,,1,100,,24956,1,,,1,100,,24954,1,,,1,100,,24955,1,,,1,100,,24959,1,,,1,100,,24933,1,,,1,100,,24937,1,,,1,100,,24938,1,,,1
11301,'5',645,,24978,1,,,1,100,,24996,1,,,1,100,,24972,1,,,1,100,,24990,1,,,1,100,,24964,1,,,1,100,,24992,1,,,1,100,,24999,1,,,1,100,,24976,1,,,1,100,,24981,1,,,1,100,,24984,1,,,1,100,,24987,1,,,1,100,,24985,1,,,1,100,,24986,1,,,1
11301,'7',645,,25037,1,,,1,100,,25015,1,,,1,100,,25024,1,,,1,100,,25031,1,,,1,100,,25028,1,,,1,100,,25006,1,,,1,100,,25020,1,,,1,100,,25021,1,,,1,100,,25038,1,,,1,100,,25016,1,,,1,100,,25030,1,,,1,100,,25036,1,,,1,100,,25005,1,,,1
11301,'8',645,,25051,1,,,1,100,,25043,1,,,1,100,,25062,1,,,1,100,,25064,1,,,1,100,,25075,1,,,1,100,,25082,1,,,1,100,,25083,1,,,1,100,,25081,1,,,1,100,,25057,1,,,1,100,,25060,1,,,1,100,,25070,1,,,1,100,,25048,1,,,1,100,,25066,1,,,1
11301,'9',645,,25101,1,,,1,100,,25095,1,,,1,100,,25117,1,,,1,100,,25114,1,,,1,100,,25122,1,,,1,100,,25105,1,,,1,100,,25115,1,,,1,100,,25094,1,,,1,100,,25085,1,,,1,100,,25090,1,,,1,100,,25087,1,,,1,100,,25119,1,,,1,100,,25084,1,,,1
20500,'1',1904,,27170,14,4,,1,100,,27164,14,4,,1,100,,27171,14,4,,1,100,,27165,14,4,,1
20500,'10',704,,27182,14,4,,1,100,,27187,14,4,,1,100,,19499,14,4,,1,100,,27177,14,4,,1,100,,27176,14,4,,1,100,,27175,14,4,,1,100,,27185,14,4,,1,100,,27196,14,4,,1,100,,27180,14,4,,1,100,,27195,14,4,,1,100,,27183,14,4,,1,100,,27190,14,4,,1,100,,27178,14,4,,1,100,,27198,14,4,,1
20500,'11',704,,27200,14,4,,1,100,,27216,14,4,,1,100,,27201,14,4,,1,100,,27224,14,4,,1,100,,27215,14,4,,1,100,,27220,14,4,,1,100,,27223,14,4,,1,100,,27213,14,4,,1,100,,27210,14,4,,1,100,,27221,14,4,,1,100,,27226,14,4,,1,100,,27214,14,4,,1,100,,27209,14,4,,1,100,,27218,14,4,,1
20500,'2',1904,,27230,14,4,,1,100,,27227,14,4,,1,100,,27234,14,4,,1,100,,27233,14,4,,1
20500,'3',1904,,27237,14,4,,1,100,,27235,14,4,,1,100,,27240,14,4,,1,100,,27241,14,4,,1
20500,'4',1904,,27243,14,4,,1,100,,27246,14,4,,1,100,,27247,14,4,,1,100,,27248,14,4,,1
20500,'5',1904,,27256,14,4,,1,100,,27253,14,4,,1,100,,27251,14,4,,1,100,,27254,14,4,,1
20500,'6',704,,27284,14,4,,1,100,,27277,14,4,,1,100,,27286,14,4,,1,100,,27283,14,4,,1,100,,27281,14,4,,1,100,,27279,14,4,,1,100,,27261,14,4,,1,100,,27268,14,4,,1,100,,27272,14,4,,1,100,,27275,14,4,,1,100,,27280,14,4,,1,100,,27263,14,4,,1,100,,27285,14,4,,1,100,,27262,14,4,,1
20500,'7',1904,,27288,14,4,,1,100,,27291,14,4,,1,100,,27287,14,4,,1,100,,27292,14,4,,1
20500,'8',1904,,27299,14,4,,1,100,,27297,14,4,,1,100,,27302,14,4,,1,100,,27298,14,4,,1
20500,'9',1904,,27305,14,4,,1,100,,27309,14,4,,1,100,,27308,14,4,,1,100,,27307,14,4,,1
20501,'1',1915,,27313,1,,,1,100,,27312,1,,,1,100,,27315,1,,,1,100,,27317,1,,,1
20501,'10',715,,27318,1,,,1,100,,27345,1,,,1,100,,27321,1,,,1,100,,27330,1,,,1,100,,27323,1,,,1,100,,27331,1,,,1,100,,27342,1,,,1,100,,27329,1,,,1,100,,27343,1,,,1,100,,27336,1,,,1,100,,27337,1,,,1,100,,27319,1,,,1,100,,27328,1,,,1,100,,27332,1,,,1
20501,'11',715,,27370,1,,,1,100,,27349,1,,,1,100,,27363,1,,,1,100,,27352,1,,,1,100,,27365,1,,,1,100,,27348,1,,,1,100,,27361,1,,,1,100,,27358,1,,,1,100,,27346,1,,,1,100,,27367,1,,,1,100,,27351,1,,,1,100,,27360,1,,,1,100,,27368,1,,,1,100,,27366,1,,,1
20501,'2',1915,,27381,1,,,1,100,,27380,1,,,1,100,,27375,1,,,1,100,,27374,1,,,1
20501,'3',1915,,27388,1,,,1,100,,27384,1,,,1,100,,27386,1,,,1,100,,27385,1,,,1
20501,'4',1915,,27396,1,,,1,100,,27397,1,,,1,100,,27390,1,,,1,100,,27391,1,,,1
20501,'5',1915,,27398,1,,,1,100,,27403,1,,,1,100,,27400,1,,,1,100,,27404,1,,,1
20501,'6',715,,27431,1,,,1,100,,27422,1,,,1,100,,27421,1,,,1,100,,27423,1,,,1,100,,27414,1,,,1,100,,27415,1,,,1,100,,27419,1,,,1,100,,27407,1,,,1,100,,27428,1,,,1,100,,27413,1,,,1,100,,27427,1,,,1,100,,27425,1,,,1,100,,27418,1,,,1,100,,27416,1,,,1
20501,'7',1915,,27435,1,,,1,100,,27434,1,,,1,100,,27436,1,,,1,100,,27440,1,,,1
20501,'8',1915,,27448,1,,,1,100,,27444,1,,,1,100,,27442,1,,,1,100,,27446,1,,,1
20501,'9',1915,,27455,1,,,1,100,,27456,1,,,1,100,,27454,1,,,1,100,,27451,1,,,1
20900,'1',1809,,17654,2,4,,1,1,,27950,1,,,1,99,,27948,2,4,,1,1,,27943,1,,,1,99,,27940,2,4,,1,1,,27947,1,,,1,99,,27941,2,4,,1,1,,27951,1,,,1,99,,27945,2,4,,1,1,,27949,1,,,1
20900,'10',709,,27971,2,4,,1,1,,27972,1,,,1,99,,27976,2,4,,1,1,,27977,1,,,1,99,,27959,2,4,,1,1,,27955,1,,,1,99,,27985,2,4,,1,1,,27987,1,,,1,99,,27993,2,4,,1,1,,27965,1,,,1,99,,27981,2,4,,1,1,,27960,1,,,1,99,,27956,2,4,,1,1,,27975,1,,,1,99,,27982,2,4,,1,1,,27957,1,,,1,99,,27967,2,4,,1,1,,27992,1,,,1,99,,27980,2,4,,1,1,,27968,1,,,1,99,,27958,2,4,,1,1,,27974,1,,,1,99,,27964,2,4,,1,1,,27990,1,,,1,99,,27953,2,4,,1,1,,27979,1,,,1,99,,27986,2,4,,1,1,,27978,1,,,1
20900,'11',709,,28017,2,4,,1,1,,28021,1,,,1,99,,28015,2,4,,1,1,,28028,1,,,1,99,,27999,2,4,,1,1,,28022,1,,,1,99,,28013,2,4,,1,1,,28007,1,,,1,99,,28018,2,4,,1,1,,28032,1,,,1,99,,27994,2,4,,1,1,,28027,1,,,1,99,,28002,2,4,,1,1,,28004,1,,,1,99,,28008,2,4,,1,1,,28006,1,,,1,99,,27996,2,4,,1,1,,28033,1,,,1,99,,28000,2,4,,1,1,,28012,1,,,1,99,,28029,2,4,,1,1,,28011,1,,,1,99,,28020,2,4,,1,1,,27997,1,,,1,99,,28016,2,4,,1,1,,28024,1,,,1,99,,28031,2,4,,1,1,,28009,1,,,1
20900,'2',1809,,28042,2,4,,1,1,,28045,1,,,1,99,,28039,2,4,,1,1,,28043,1,,,1,99,,28041,2,4,,1,1,,28047,1,,,1,99,,28036,2,4,,1,1,,28046,1,,,1,99,,28037,2,4,,1,1,,28044,1,,,1
20900,'3',1809,,28059,2,4,,1,1,,28056,1,,,1,99,,28054,2,4,,1,1,,28061,1,,,1,99,,28058,2,4,,1,1,,28062,1,,,1,99,,28057,2,4,,1,1,,28060,1,,,1,99,,28055,2,4,,1,1,,28050,1,,,1
20900,'4',1809,,28068,2,4,,1,1,,28064,1,,,1,99,,28072,2,4,,1,1,,28067,1,,,1,99,,28069,2,4,,1,1,,28075,1,,,1,99,,28063,2,4,,1,1,,28073,1,,,1,99,,28066,2,4,,1,1,,28076,1,,,1
20900,'5',1809,,28081,2,4,,1,1,,28080,1,,,1,99,,28077,2,4,,1,1,,28088,1,,,1,99,,28084,2,4,,1,1,,28086,1,,,1,99,,28089,2,4,,1,1,,28078,1,,,1,99,,28082,2,4,,1,1,,28079,1,,,1
20900,'6',709,,28126,2,4,,1,1,,28127,1,,,1,99,,28104,2,4,,1,1,,28111,1,,,1,99,,28128,2,4,,1,1,,28094,1,,,1,99,,28095,2,4,,1,1,,28108,1,,,1,99,,28112,2,4,,1,1,,28122,1,,,1,99,,28107,2,4,,1,1,,28096,1,,,1,99,,28117,2,4,,1,1,,28097,1,,,1,99,,28093,2,4,,1,1,,28115,1,,,1,99,,28129,2,4,,1,1,,28125,1,,,1,99,,28124,2,4,,1,1,,28116,1,,,1,99,,28114,2,4,,1,1,,28110,1,,,1,99,,28123,2,4,,1,1,,28103,1,,,1,99,,28091,2,4,,1,1,,28109,1,,,1,99,,28102,2,4,,1,1,,28101,1,,,1
20900,'7',1809,,28133,2,4,,1,1,,28143,1,,,1,99,,28140,2,4,,1,1,,28138,1,,,1,99,,28139,2,4,,1,1,,28142,1,,,1,99,,28144,2,4,,1,1,,28136,1,,,1,99,,28134,2,4,,1,1,,28141,1,,,1
20900,'8',1809,,28150,2,4,,1,1,,28153,1,,,1,99,,28159,2,4,,1,1,,28152,1,,,1,99,,28149,2,4,,1,1,,28148,1,,,1,99,,28146,2,4,,1,1,,28158,1,,,1,99,,28155,2,4,,1,1,,28156,1,,,1
20900,'9',1809,,28172,2,4,,1,1,,28169,1,,,1,99,,28167,2,4,,1,1,,28161,1,,,1,99,,28166,2,4,,1,1,,28160,1,,,1,99,,28162,2,4,,1,1,,28164,1,,,1,99,,28171,2,4,,1,1,,28170,1,,,1
20901,'1',1813,,28174,3,4,,1,2,,28175,1,,,1,98,,28176,3,4,,1,2,,28178,1,,,1,98,,28177,3,4,,1,2,,28182,1,,,1,98,,28181,3,4,,1,2,,28179,1,,,1,98,,28183,3,4,,1,2,,28180,1,,,1
20901,'10',713,,28200,3,4,,1,2,,28191,1,,,1,98,,28186,3,4,,1,2,,28208,1,,,1,98,,28202,3,4,,1,2,,28198,1,,,1,98,,28196,3,4,,1,2,,28187,1,,,1,98,,28203,3,4,,1,2,,28184,1,,,1,98,,16293,3,4,,1,2,,28205,1,,,1,98,,28206,3,4,,1,2,,28185,1,,,1,98,,28201,3,4,,1,2,,28210,1,,,1,98,,28199,3,4,,1,2,,28197,1,,,1,98,,28207,3,4,,1,2,,28194,1,,,1,98,,28192,3,4,,1,2,,28193,1,,,1,98,,28190,3,4,,1,2,,28209,1,,,1,98,,28189,3,4,,1,2,,28188,1,,,1,98,,28204,3,4,,1,2,,28195,1,,,1
20901,'11',713,,28231,3,4,,1,2,,28213,1,,,1,98,,28222,3,4,,1,2,,28237,1,,,1,98,,28211,3,4,,1,2,,28223,1,,,1,98,,28218,3,4,,1,2,,28217,1,,,1,98,,28229,3,4,,1,2,,28235,1,,,1,98,,28234,3,4,,1,2,,28227,1,,,1,98,,28225,3,4,,1,2,,28214,1,,,1,98,,28216,3,4,,1,2,,28212,1,,,1,98,,28232,3,4,,1,2,,28233,1,,,1,98,,28215,3,4,,1,2,,28221,1,,,1,98,,28226,3,4,,1,2,,28238,1,,,1,98,,28224,3,4,,1,2,,28228,1,,,1,98,,28236,3,4,,1,2,,28230,1,,,1,98,,28219,3,4,,1,2,,28220,1,,,1
20901,'2',1813,,28239,3,4,,1,2,,28246,1,,,1,98,,28242,3,4,,1,2,,28241,1,,,1,98,,28243,3,4,,1,2,,28245,1,,,1,98,,28244,3,4,,1,2,,28240,1,,,1,98,,28247,3,4,,1,2,,28248,1,,,1
20901,'3',1813,,28257,3,4,,1,2,,28258,1,,,1,98,,28250,3,4,,1,2,,28253,1,,,1,98,,28249,3,4,,1,2,,28254,1,,,1,98,,28256,3,4,,1,2,,28252,1,,,1,98,,28255,3,4,,1,2,,28251,1,,,1
20901,'4',1813,,28259,3,4,,1,2,,28266,1,,,1,98,,28264,3,4,,1,2,,28267,1,,,1,98,,28262,3,4,,1,2,,28260,1,,,1,98,,28265,3,4,,1,2,,28268,1,,,1,98,,28263,3,4,,1,2,,28261,1,,,1
20901,'5',1813,,28275,3,4,,1,2,,28274,1,,,1,98,,28276,3,4,,1,2,,28277,1,,,1,98,,28278,3,4,,1,2,,28271,1,,,1,98,,28273,3,4,,1,2,,28269,1,,,1,98,,28272,3,4,,1,2,,28270,1,,,1
20901,'6',713,,28280,3,4,,1,2,,28300,1,,,1,98,,28305,3,4,,1,2,,28293,1,,,1,98,,28296,3,4,,1,2,,28291,1,,,1,98,,28297,3,4,,1,2,,28279,1,,,1,98,,28283,3,4,,1,2,,28306,1,,,1,98,,28282,3,4,,1,2,,28303,1,,,1,98,,28292,3,4,,1,2,,28288,1,,,1,98,,28302,3,4,,1,2,,28298,1,,,1,98,,28301,3,4,,1,2,,28285,1,,,1,98,,28290,3,4,,1,2,,28294,1,,,1,98,,28295,3,4,,1,2,,28287,1,,,1,98,,28286,3,4,,1,2,,28304,1,,,1,98,,28284,3,4,,1,2,,28289,1,,,1,98,,28299,3,4,,1,2,,28281,1,,,1
20901,'7',1813,,28315,3,4,,1,2,,28311,1,,,1,98,,28308,3,4,,1,2,,28314,1,,,1,98,,28313,3,4,,1,2,,28307,1,,,1,98,,28310,3,4,,1,2,,28312,1,,,1,98,,28316,3,4,,1,2,,28309,1,,,1
20901,'8',1813,,28317,3,4,,1,2,,28318,1,,,1,98,,28322,3,4,,1,2,,28325,1,,,1,98,,28323,3,4,,1,2,,28320,1,,,1,98,,28326,3,4,,1,2,,28319,1,,,1,98,,28321,3,4,,1,2,,28324,1,,,1
20901,'9',1813,,28328,3,4,,1,2,,28330,1,,,1,98,,28327,3,4,,1,2,,28333,1,,,1,98,,28332,3,4,,1,2,,28331,1,,,1,98,,28329,3,4,,1,2,,28336,1,,,1,98,,28335,3,4,,1,2,,28334,1,,,1
21300,'1',1938,,28956,28,4,,1,100,,28955,28,4,,1,100,,28957,28,4,,1,100,,28954,28,4,,1
21300,'10',738,,28959,28,4,,1,100,,28970,28,4,,1,100,,28966,28,4,,1,100,,28964,28,4,,1,100,,28962,28,4,,1,100,,28961,28,4,,1,100,,28969,28,4,,1,100,,28960,28,4,,1,100,,28965,28,4,,1,100,,28958,28,4,,1,100,,28963,28,4,,1,100,,28968,28,4,,1,100,,28967,28,4,,1
21300,'11',738,,28980,28,4,,1,100,,28978,28,4,,1,100,,28974,28,4,,1,100,,28983,28,4,,1,100,,28982,28,4,,1,100,,28972,28,4,,1,100,,28981,28,4,,1,100,,28973,28,4,,1,100,,28979,28,4,,1,100,,28977,28,4,,1,100,,28971,28,4,,1,100,,28976,28,4,,1,100,,28975,28,4,,1
21300,'2',1938,,28985,28,4,,1,100,,28987,28,4,,1,100,,28986,28,4,,1,100,,28984,28,4,,1
21300,'3',1938,,28989,28,4,,1,100,,28988,28,4,,1,100,,28990,28,4,,1,100,,28991,28,4,,1
21300,'4',1938,,28992,28,4,,1,100,,28993,28,4,,1,100,,28994,28,4,,1,100,,28995,28,4,,1
21300,'5',1938,,28998,28,4,,1,100,,28996,28,4,,1,100,,28999,28,4,,1,100,,28997,28,4,,1
21300,'6',738,,29009,28,4,,1,100,,29010,28,4,,1,100,,29003,28,4,,1,100,,29002,28,4,,1,100,,29000,28,4,,1,100,,29005,28,4,,1,100,,29001,28,4,,1,100,,29008,28,4,,1,100,,29006,28,4,,1,100,,29011,28,4,,1,100,,29004,28,4,,1,100,,29007,28,4,,1,100,,29012,28,4,,1
21300,'7',1938,,29015,28,4,,1,100,,29016,28,4,,1,100,,29014,28,4,,1,100,,29013,28,4,,1
21300,'8',1938,,29018,28,4,,1,100,,29020,28,4,,1,100,,29019,28,4,,1,100,,29017,28,4,,1
21300,'9',1938,,29023,28,4,,1,100,,29021,28,4,,1,100,,29024,28,4,,1,100,,29022,28,4,,1
21301,'1',1945,,29030,1,,,1,100,,29026,1,,,1,100,,29027,1,,,1,100,,29032,1,,,1
21301,'10',745,,29048,1,,,1,100,,29059,1,,,1,100,,29056,1,,,1,100,,29053,1,,,1,100,,29044,1,,,1,100,,29072,1,,,1,100,,29052,1,,,1,100,,29065,1,,,1,100,,29067,1,,,1,100,,29042,1,,,1,100,,29071,1,,,1,100,,29074,1,,,1,100,,29046,1,,,1
21301,'11',745,,29100,1,,,1,100,,29081,1,,,1,100,,29085,1,,,1,100,,29109,1,,,1,100,,29083,1,,,1,100,,29098,1,,,1,100,,29094,1,,,1,100,,29115,1,,,1,100,,29105,1,,,1,100,,29112,1,,,1,100,,29092,1,,,1,100,,29084,1,,,1,100,,29088,1,,,1
21301,'2',1945,,29119,1,,,1,100,,29117,1,,,1,100,,29120,1,,,1,100,,29122,1,,,1
21301,'3',1945,,29132,1,,,1,100,,29129,1,,,1,100,,29133,1,,,1,100,,29135,1,,,1
21301,'4',1945,,29138,1,,,1,100,,29141,1,,,1,100,,29137,1,,,1,100,,29145,1,,,1
21301,'5',1945,,29158,1,,,1,100,,29157,1,,,1,100,,29155,1,,,1,100,,29150,1,,,1
21301,'6',745,,29177,1,,,1,100,,29162,1,,,1,100,,29195,1,,,1,100,,29178,1,,,1,100,,29161,1,,,1,100,,29171,1,,,1,100,,29159,1,,,1,100,,29185,1,,,1,100,,29180,1,,,1,100,,29167,1,,,1,100,,29189,1,,,1,100,,29176,1,,,1,100,,29182,1,,,1
21301,'7',1945,,29208,1,,,1,100,,29202,1,,,1,100,,29203,1,,,1,100,,29207,1,,,1
21301,'8',1945,,29218,1,,,1,100,,29212,1,,,1,100,,29213,1,,,1,100,,29215,1,,,1
21301,'9',1945,,29231,1,,,1,100,,29230,1,,,1,100,,29222,1,,,1,100,,29224,1,,,1
