11200,'1',653,,24244,8,,,1,100,,24237,8,,,1,100,,24236,8,,,1,100,,24235,8,,,1,100,,24238,8,,,1,100,,24239,8,,,1,100,,24243,8,,,1,100,,24234,8,,,1,100,,24240,8,,,1,100,,24242,8,,,1,100,,24241,8,,,1
11200,'2',653,,24254,8,,,1,100,,24252,8,,,1,100,,24245,8,,,1,100,,24248,8,,,1,100,,24250,8,,,1,100,,24255,8,,,1,100,,24253,8,,,1,100,,24247,8,,,1,100,,24249,8,,,1,100,,24251,8,,,1,100,,24246,8,,,1
11200,'3',653,,24258,8,,,1,100,,24266,8,,,1,100,,24264,8,,,1,100,,24260,8,,,1,100,,24259,8,,,1,100,,24257,8,,,1,100,,24265,8,,,1,100,,24261,8,,,1,100,,24262,8,,,1,100,,24256,8,,,1,100,,24263,8,,,1
11200,'4',653,,24274,8,,,1,100,,24272,8,,,1,100,,24273,8,,,1,100,,24275,8,,,1,100,,24277,8,,,1,100,,24267,8,,,1,100,,24276,8,,,1,100,,24268,8,,,1,100,,24270,8,,,1,100,,24271,8,,,1,100,,24269,8,,,1
11200,'5',653,,24281,8,,,1,100,,24282,8,,,1,100,,24287,8,,,1,100,,24278,8,,,1,100,,24279,8,,,1,100,,24280,8,,,1,100,,24286,8,,,1,100,,24288,8,,,1,100,,24284,8,,,1,100,,24285,8,,,1,100,,24283,8,,,1
11200,'7',653,,24290,8,,,1,100,,24294,8,,,1,100,,24295,8,,,1,100,,24296,8,,,1,100,,24291,8,,,1,100,,24299,8,,,1,100,,24293,8,,,1,100,,24297,8,,,1,100,,24289,8,,,1,100,,24298,8,,,1,100,,24292,8,,,1
11200,'8',653,,24308,8,,,1,100,,24301,8,,,1,100,,24304,8,,,1,100,,24307,8,,,1,100,,24305,8,,,1,100,,24310,8,,,1,100,,24300,8,,,1,100,,24302,8,,,1,100,,24303,8,,,1,100,,24306,8,,,1,100,,24309,8,,,1
11200,'9',653,,24320,8,,,1,100,,24311,8,,,1,100,,24315,8,,,1,100,,24319,8,,,1,100,,24317,8,,,1,100,,24316,8,,,1,100,,24312,8,,,1,100,,24314,8,,,1,100,,24321,8,,,1,100,,24318,8,,,1,100,,24313,8,,,1
20300,'1',1907,,26519,15,,,1,30,,26514,15,,,1,70,,26516,15,,,1,30,,19313,15,,,1,70,,26513,15,,,1,30,,26517,15,,,1,70,,26515,15,,,1,30,,26512,15,,,1,70,,26518,15,,,1
20300,'10',737,,26525,15,,,1,70,,26536,15,,,1,30,,26521,15,,,1,70,,26546,15,,,1,30,,26545,15,,,1,70,,26529,15,,,1,30,,26544,15,,,1,70,,26526,15,,,1,30,,26530,15,,,1,70,,26531,15,,,1,30,,26528,15,,,1,70,,26537,15,,,1,30,,26523,15,,,1,70,,26527,15,,,1,30,,26520,15,,,1,70,,26542,15,,,1,30,,26524,15,,,1,70,,26533,15,,,1,30,,26540,15,,,1,70,,26522,15,,,1,30,,26538,15,,,1,70,,26532,15,,,1,30,,26543,15,,,1,70,,26534,15,,,1,30,,26535,15,,,1,70,,26541,15,,,1,30,,26539,15,,,1
20300,'11',737,,26571,15,,,1,70,,26558,15,,,1,30,,26572,15,,,1,70,,26553,15,,,1,30,,26573,15,,,1,70,,26547,15,,,1,30,,26561,15,,,1,70,,26560,15,,,1,30,,26569,15,,,1,70,,26549,15,,,1,30,,26566,15,,,1,70,,26554,15,,,1,30,,26550,15,,,1,70,,26551,15,,,1,30,,26556,15,,,1,70,,26548,15,,,1,30,,26564,15,,,1,70,,26563,15,,,1,30,,26559,15,,,1,70,,26555,15,,,1,30,,26562,15,,,1,70,,26552,15,,,1,30,,26557,15,,,1,70,,26567,15,,,1,30,,26565,15,,,1,70,,26570,15,,,1,30,,26568,15,,,1
20300,'2',1907,,26581,15,,,1,30,,26575,15,,,1,70,,26580,15,,,1,30,,26578,15,,,1,70,,26582,15,,,1,30,,26579,15,,,1,70,,26576,15,,,1,30,,26574,15,,,1,70,,26577,15,,,1
20300,'3',1907,,26585,15,,,1,30,,26589,15,,,1,70,,26586,15,,,1,30,,26590,15,,,1,70,,26583,15,,,1,30,,26591,15,,,1,70,,26584,15,,,1,30,,26587,15,,,1,70,,26588,15,,,1
20300,'4',1907,,26598,15,,,1,30,,26592,15,,,1,70,,26594,15,,,1,30,,26595,15,,,1,70,,26599,15,,,1,30,,26597,15,,,1,70,,26600,15,,,1,30,,26596,15,,,1,70,,26593,15,,,1
20300,'5',1907,,26607,15,,,1,30,,26601,15,,,1,70,,26606,15,,,1,30,,26604,15,,,1,70,,26609,15,,,1,30,,26605,15,,,1,70,,26602,15,,,1,30,,26603,15,,,1,70,,26608,15,,,1
20300,'6',737,,26622,15,,,1,70,,26636,15,,,1,30,,26628,15,,,1,70,,26621,15,,,1,30,,26616,15,,,1,70,,26618,15,,,1,30,,26619,15,,,1,70,,26624,15,,,1,30,,26611,15,,,1,70,,26625,15,,,1,30,,26617,15,,,1,70,,26633,15,,,1,30,,26614,15,,,1,70,,26610,15,,,1,30,,26630,15,,,1,70,,26612,15,,,1,30,,26634,15,,,1,70,,26623,15,,,1,30,,26627,15,,,1,70,,26615,15,,,1,30,,26631,15,,,1,70,,26635,15,,,1,30,,26620,15,,,1,70,,26626,15,,,1,30,,26632,15,,,1,70,,26629,15,,,1,30,,26613,15,,,1
20300,'7',1907,,26637,15,,,1,30,,26643,15,,,1,70,,26638,15,,,1,30,,26644,15,,,1,70,,26640,15,,,1,30,,26641,15,,,1,70,,26645,15,,,1,30,,26642,15,,,1,70,,26639,15,,,1
20300,'8',1907,,26650,15,,,1,30,,26652,15,,,1,70,,26649,15,,,1,30,,26654,15,,,1,70,,26646,15,,,1,30,,26648,15,,,1,70,,26651,15,,,1,30,,26647,15,,,1,70,,26653,15,,,1
20300,'9',1907,,26656,15,,,1,30,,26657,15,,,1,70,,26658,15,,,1,30,,26663,15,,,1,70,,26661,15,,,1,30,,26655,15,,,1,70,,26659,15,,,1,30,,26662,15,,,1,70,,26660,15,,,1
