11601,'1',611,,26176,8,0,9 3 10 16,1,30,,26150,8,0,9 3 10 16,1,70,,26158,8,0,9 3 10 16,1,30,,26170,8,0,9 3 10 16,1,70,,18245,8,0,9 3 10 16,1,30,,26144,8,0,9 3 10 16,1,70,,26173,8,0,9 3 10 16,1,30,,26135,8,0,9 3 10 16,1,70,,26136,8,0,9 3 10 16,1,30,,26161,8,0,9 3 10 16,1,70,,26160,8,0,9 3 10 16,1,30,,26155,8,0,9 3 10 16,1,70,,26137,8,0,9 3 10 16,1,30,,26174,8,0,9 3 10 16,1,70,,26143,8,0,9 3 10 16,1,30,,26172,8,0,9 3 10 16,1,70,,26148,8,0,9 3 10 16,1,30,,26142,8,0,9 3 10 16,1,70,,26157,8,0,9 3 10 16,1,30,,26162,8,0,9 3 10 16,1,70,,26154,8,0,9 3 10 16,1,30,,26168,8,0,9 3 10 16,1,70,,26163,8,0,9 3 10 16,1,30,,19734,8,0,9 3 10 16,1
11601,'2',611,,26218,8,0,9 3 10 16,1,30,,26192,8,0,9 3 10 16,1,70,,26223,8,0,9 3 10 16,1,30,,26219,8,0,9 3 10 16,1,70,,26188,8,0,9 3 10 16,1,30,,26193,8,0,9 3 10 16,1,70,,26214,8,0,9 3 10 16,1,30,,26208,8,0,9 3 10 16,1,70,,26182,8,0,9 3 10 16,1,30,,26217,8,0,9 3 10 16,1,70,,26178,8,0,9 3 10 16,1,30,,26215,8,0,9 3 10 16,1,70,,26221,8,0,9 3 10 16,1,30,,26194,8,0,9 3 10 16,1,70,,26186,8,0,9 3 10 16,1,30,,26195,8,0,9 3 10 16,1,70,,26203,8,0,9 3 10 16,1,30,,26211,8,0,9 3 10 16,1,70,,26189,8,0,9 3 10 16,1,30,,26213,8,0,9 3 10 16,1,70,,26181,8,0,9 3 10 16,1,30,,26212,8,0,9 3 10 16,1,70,,26198,8,0,9 3 10 16,1,30,,26185,8,0,9 3 10 16,1
11601,'3',611,,26226,8,0,9 3 10 16,1,30,,26268,8,0,9 3 10 16,1,70,,26227,8,0,9 3 10 16,1,30,,26251,8,0,9 3 10 16,1,70,,26266,8,0,9 3 10 16,1,30,,26244,8,0,9 3 10 16,1,70,,26256,8,0,9 3 10 16,1,30,,26264,8,0,9 3 10 16,1,70,,26254,8,0,9 3 10 16,1,30,,26271,8,0,9 3 10 16,1,70,,26260,8,0,9 3 10 16,1,30,,26252,8,0,9 3 10 16,1,70,,26224,8,0,9 3 10 16,1,30,,26237,8,0,9 3 10 16,1,70,,26232,8,0,9 3 10 16,1,30,,26267,8,0,9 3 10 16,1,70,,26259,8,0,9 3 10 16,1,30,,26258,8,0,9 3 10 16,1,70,,26253,8,0,9 3 10 16,1,30,,26249,8,0,9 3 10 16,1,70,,26243,8,0,9 3 10 16,1,30,,26257,8,0,9 3 10 16,1,70,,26228,8,0,9 3 10 16,1,30,,26262,8,0,9 3 10 16,1
11601,'4',611,,26272,8,0,9 3 10 16,1,30,,26300,8,0,9 3 10 16,1,70,,26294,8,0,9 3 10 16,1,30,,26291,8,0,9 3 10 16,1,70,,26309,8,0,9 3 10 16,1,30,,26312,8,0,9 3 10 16,1,70,,26285,8,0,9 3 10 16,1,30,,26315,8,0,9 3 10 16,1,70,,26313,8,0,9 3 10 16,1,30,,26306,8,0,9 3 10 16,1,70,,26318,8,0,9 3 10 16,1,30,,26308,8,0,9 3 10 16,1,70,,26289,8,0,9 3 10 16,1,30,,26288,8,0,9 3 10 16,1,70,,26273,8,0,9 3 10 16,1,30,,26317,8,0,9 3 10 16,1,70,,26293,8,0,9 3 10 16,1,30,,26319,8,0,9 3 10 16,1,70,,26286,8,0,9 3 10 16,1,30,,26292,8,0,9 3 10 16,1,70,,26298,8,0,9 3 10 16,1,30,,26279,8,0,9 3 10 16,1,70,,26314,8,0,9 3 10 16,1,30,,26282,8,0,9 3 10 16,1
11601,'5',611,,26349,8,0,9 3 10 16,1,30,,26356,8,0,9 3 10 16,1,70,,26351,8,0,9 3 10 16,1,30,,26347,8,0,9 3 10 16,1,70,,26366,8,0,9 3 10 16,1,30,,26339,8,0,9 3 10 16,1,70,,26324,8,0,9 3 10 16,1,30,,26361,8,0,9 3 10 16,1,70,,26340,8,0,9 3 10 16,1,30,,26336,8,0,9 3 10 16,1,70,,26331,8,0,9 3 10 16,1,30,,26364,8,0,9 3 10 16,1,70,,26363,8,0,9 3 10 16,1,30,,26342,8,0,9 3 10 16,1,70,,26321,8,0,9 3 10 16,1,30,,26344,8,0,9 3 10 16,1,70,,26338,8,0,9 3 10 16,1,30,,26325,8,0,9 3 10 16,1,70,,26357,8,0,9 3 10 16,1,30,,26322,8,0,9 3 10 16,1,70,,26354,8,0,9 3 10 16,1,30,,26337,8,0,9 3 10 16,1,70,,26350,8,0,9 3 10 16,1,30,,26323,8,0,9 3 10 16,1
11601,'7',611,,26387,8,0,9 3 10 16,1,30,,26403,8,0,9 3 10 16,1,70,,26410,8,0,9 3 10 16,1,30,,26402,8,0,9 3 10 16,1,70,,26401,8,0,9 3 10 16,1,30,,26414,8,0,9 3 10 16,1,70,,26379,8,0,9 3 10 16,1,30,,26371,8,0,9 3 10 16,1,70,,26377,8,0,9 3 10 16,1,30,,26397,8,0,9 3 10 16,1,70,,26393,8,0,9 3 10 16,1,30,,26399,8,0,9 3 10 16,1,70,,26388,8,0,9 3 10 16,1,30,,26382,8,0,9 3 10 16,1,70,,26407,8,0,9 3 10 16,1,30,,26409,8,0,9 3 10 16,1,70,,26381,8,0,9 3 10 16,1,30,,26370,8,0,9 3 10 16,1,70,,26392,8,0,9 3 10 16,1,30,,26374,8,0,9 3 10 16,1,70,,26368,8,0,9 3 10 16,1,30,,26395,8,0,9 3 10 16,1,70,,26389,8,0,9 3 10 16,1,30,,26396,8,0,9 3 10 16,1
11601,'8',611,,26448,8,0,9 3 10 16,1,30,,26422,8,0,9 3 10 16,1,70,,26445,8,0,9 3 10 16,1,30,,26436,8,0,9 3 10 16,1,70,,26419,8,0,9 3 10 16,1,30,,26441,8,0,9 3 10 16,1,70,,26462,8,0,9 3 10 16,1,30,,26432,8,0,9 3 10 16,1,70,,26460,8,0,9 3 10 16,1,30,,26433,8,0,9 3 10 16,1,70,,26455,8,0,9 3 10 16,1,30,,26451,8,0,9 3 10 16,1,70,,26423,8,0,9 3 10 16,1,30,,26440,8,0,9 3 10 16,1,70,,26434,8,0,9 3 10 16,1,30,,26420,8,0,9 3 10 16,1,70,,26439,8,0,9 3 10 16,1,30,,26437,8,0,9 3 10 16,1,70,,26443,8,0,9 3 10 16,1,30,,26454,8,0,9 3 10 16,1,70,,26431,8,0,9 3 10 16,1,30,,26457,8,0,9 3 10 16,1,70,,26459,8,0,9 3 10 16,1,30,,26417,8,0,9 3 10 16,1
11601,'9',611,,26479,8,0,9 3 10 16,1,30,,26500,8,0,9 3 10 16,1,70,,26481,8,0,9 3 10 16,1,30,,26480,8,0,9 3 10 16,1,70,,26486,8,0,9 3 10 16,1,30,,26504,8,0,9 3 10 16,1,70,,26466,8,0,9 3 10 16,1,30,,26492,8,0,9 3 10 16,1,70,,26478,8,0,9 3 10 16,1,30,,26507,8,0,9 3 10 16,1,70,,26505,8,0,9 3 10 16,1,30,,26508,8,0,9 3 10 16,1,70,,26475,8,0,9 3 10 16,1,30,,26471,8,0,9 3 10 16,1,70,,26476,8,0,9 3 10 16,1,30,,26490,8,0,9 3 10 16,1,70,,26502,8,0,9 3 10 16,1,30,,26464,8,0,9 3 10 16,1,70,,26501,8,0,9 3 10 16,1,30,,26511,8,0,9 3 10 16,1,70,,26484,8,0,9 3 10 16,1,30,,26472,8,0,9 3 10 16,1,70,,26470,8,0,9 3 10 16,1,30,,26465,8,0,9 3 10 16,1
21601,'1',1811,,29753,8,0,9 3 10 16,1,30,,29769,8,0,9 3 10 16,1,70,,29764,8,0,9 3 10 16,1,30,,29759,8,0,9 3 10 16,1,70,,29762,8,0,9 3 10 16,1,30,,29765,8,0,9 3 10 16,1,70,,29760,8,0,9 3 10 16,1,30,,18110,8,0,9 3 10 16,1,70,,29756,8,0,9 3 10 16,1,30,,29751,8,0,9 3 10 16,1,70,,29755,8,0,9 3 10 16,1
21601,'10',641,,29788,8,0,9 3 10 16,1,70,,29802,8,0,9 3 10 16,1,30,,29774,8,0,9 3 10 16,1,70,,29812,8,0,9 3 10 16,1,30,,29825,8,0,9 3 10 16,1,70,,29796,8,0,9 3 10 16,1,30,,29775,8,0,9 3 10 16,1,70,,29797,8,0,9 3 10 16,1,30,,29823,8,0,9 3 10 16,1,70,,29781,8,0,9 3 10 16,1,30,,29805,8,0,9 3 10 16,1,70,,29776,8,0,9 3 10 16,1,30,,29814,8,0,9 3 10 16,1,70,,29827,8,0,9 3 10 16,1,30,,29810,8,0,9 3 10 16,1,70,,29773,8,0,9 3 10 16,1,30,,29790,8,0,9 3 10 16,1,70,,29809,8,0,9 3 10 16,1,30,,29824,8,0,9 3 10 16,1,70,,29777,8,0,9 3 10 16,1,30,,29826,8,0,9 3 10 16,1,70,,29785,8,0,9 3 10 16,1,30,,29807,8,0,9 3 10 16,1,70,,29804,8,0,9 3 10 16,1,30,,18981,8,0,9 3 10 16,1,70,,29779,8,0,9 3 10 16,1,30,,29786,8,0,9 3 10 16,1,70,,29808,8,0,9 3 10 16,1,30,,29822,8,0,9 3 10 16,1
21601,'11',641,,29877,8,0,9 3 10 16,1,70,,29860,8,0,9 3 10 16,1,30,,29853,8,0,9 3 10 16,1,70,,29874,8,0,9 3 10 16,1,30,,29850,8,0,9 3 10 16,1,70,,29867,8,0,9 3 10 16,1,30,,29849,8,0,9 3 10 16,1,70,,29852,8,0,9 3 10 16,1,30,,29882,8,0,9 3 10 16,1,70,,29857,8,0,9 3 10 16,1,30,,29868,8,0,9 3 10 16,1,70,,29880,8,0,9 3 10 16,1,30,,29836,8,0,9 3 10 16,1,70,,29844,8,0,9 3 10 16,1,30,,29866,8,0,9 3 10 16,1,70,,29871,8,0,9 3 10 16,1,30,,29859,8,0,9 3 10 16,1,70,,29875,8,0,9 3 10 16,1,30,,29873,8,0,9 3 10 16,1,70,,29864,8,0,9 3 10 16,1,30,,29838,8,0,9 3 10 16,1,70,,29851,8,0,9 3 10 16,1,30,,29870,8,0,9 3 10 16,1,70,,29884,8,0,9 3 10 16,1,30,,29856,8,0,9 3 10 16,1,70,,29876,8,0,9 3 10 16,1,30,,29831,8,0,9 3 10 16,1,70,,29886,8,0,9 3 10 16,1,30,,29841,8,0,9 3 10 16,1
21601,'2',1811,,29904,8,0,9 3 10 16,1,30,,29892,8,0,9 3 10 16,1,70,,29893,8,0,9 3 10 16,1,30,,29899,8,0,9 3 10 16,1,70,,29903,8,0,9 3 10 16,1,30,,29888,8,0,9 3 10 16,1,70,,29906,8,0,9 3 10 16,1,30,,29889,8,0,9 3 10 16,1,70,,29905,8,0,9 3 10 16,1,30,,29897,8,0,9 3 10 16,1,70,,29898,8,0,9 3 10 16,1
21601,'3',1811,,29913,8,0,9 3 10 16,1,30,,29926,8,0,9 3 10 16,1,70,,29911,8,0,9 3 10 16,1,30,,29910,8,0,9 3 10 16,1,70,,29919,8,0,9 3 10 16,1,30,,29923,8,0,9 3 10 16,1,70,,29927,8,0,9 3 10 16,1,30,,29909,8,0,9 3 10 16,1,70,,29914,8,0,9 3 10 16,1,30,,29915,8,0,9 3 10 16,1,70,,29917,8,0,9 3 10 16,1
21601,'4',1811,,29950,8,0,9 3 10 16,1,30,,29936,8,0,9 3 10 16,1,70,,29941,8,0,9 3 10 16,1,30,,29934,8,0,9 3 10 16,1,70,,29943,8,0,9 3 10 16,1,30,,29938,8,0,9 3 10 16,1,70,,29949,8,0,9 3 10 16,1,30,,29946,8,0,9 3 10 16,1,70,,29948,8,0,9 3 10 16,1,30,,29931,8,0,9 3 10 16,1,70,,29939,8,0,9 3 10 16,1
21601,'5',1811,,29959,8,0,9 3 10 16,1,30,,29958,8,0,9 3 10 16,1,70,,29961,8,0,9 3 10 16,1,30,,29969,8,0,9 3 10 16,1,70,,29965,8,0,9 3 10 16,1,30,,29968,8,0,9 3 10 16,1,70,,29964,8,0,9 3 10 16,1,30,,29955,8,0,9 3 10 16,1,70,,29971,8,0,9 3 10 16,1,30,,29962,8,0,9 3 10 16,1,70,,29972,8,0,9 3 10 16,1
21601,'6',641,,29990,8,0,9 3 10 16,1,70,,29985,8,0,9 3 10 16,1,30,,30008,8,0,9 3 10 16,1,70,,30003,8,0,9 3 10 16,1,30,,30002,8,0,9 3 10 16,1,70,,30014,8,0,9 3 10 16,1,30,,30028,8,0,9 3 10 16,1,70,,29986,8,0,9 3 10 16,1,30,,29994,8,0,9 3 10 16,1,70,,30024,8,0,9 3 10 16,1,30,,30029,8,0,9 3 10 16,1,70,,29981,8,0,9 3 10 16,1,30,,29979,8,0,9 3 10 16,1,70,,30025,8,0,9 3 10 16,1,30,,29980,8,0,9 3 10 16,1,70,,29988,8,0,9 3 10 16,1,30,,29992,8,0,9 3 10 16,1,70,,30021,8,0,9 3 10 16,1,30,,29975,8,0,9 3 10 16,1,70,,30004,8,0,9 3 10 16,1,30,,29983,8,0,9 3 10 16,1,70,,29987,8,0,9 3 10 16,1,30,,30000,8,0,9 3 10 16,1,70,,30019,8,0,9 3 10 16,1,30,,30009,8,0,9 3 10 16,1,70,,30007,8,0,9 3 10 16,1,30,,30011,8,0,9 3 10 16,1,70,,30030,8,0,9 3 10 16,1,30,,29995,8,0,9 3 10 16,1
21601,'7',1811,,30052,8,0,9 3 10 16,1,30,,30053,8,0,9 3 10 16,1,70,,30043,8,0,9 3 10 16,1,30,,30035,8,0,9 3 10 16,1,70,,30033,8,0,9 3 10 16,1,30,,30047,8,0,9 3 10 16,1,70,,30045,8,0,9 3 10 16,1,30,,30041,8,0,9 3 10 16,1,70,,30050,8,0,9 3 10 16,1,30,,30036,8,0,9 3 10 16,1,70,,30038,8,0,9 3 10 16,1
21601,'8',1811,,30072,8,0,9 3 10 16,1,30,,30066,8,0,9 3 10 16,1,70,,30062,8,0,9 3 10 16,1,30,,30055,8,0,9 3 10 16,1,70,,30063,8,0,9 3 10 16,1,30,,30061,8,0,9 3 10 16,1,70,,30067,8,0,9 3 10 16,1,30,,30054,8,0,9 3 10 16,1,70,,30057,8,0,9 3 10 16,1,30,,30073,8,0,9 3 10 16,1,70,,30075,8,0,9 3 10 16,1
21601,'9',1811,,30076,8,0,9 3 10 16,1,30,,30097,8,0,9 3 10 16,1,70,,30092,8,0,9 3 10 16,1,30,,30079,8,0,9 3 10 16,1,70,,30077,8,0,9 3 10 16,1,30,,30083,8,0,9 3 10 16,1,70,,30087,8,0,9 3 10 16,1,30,,30091,8,0,9 3 10 16,1,70,,30090,8,0,9 3 10 16,1,30,,30094,8,0,9 3 10 16,1,70,,30081,8,0,9 3 10 16,1
