11400,'1',633,,25131,8,,,1,100,,25128,8,,,1,100,,25135,8,,,1,100,,25134,8,,,1,100,,25132,8,,,1,100,,25125,8,,,1,100,,25127,8,,,1,100,,25133,8,,,1,100,,25126,8,,,1,100,,25129,8,,,1,100,,25130,8,,,1,100,,17882,8,,,1
11400,'2',633,,25139,8,,,1,100,,25138,8,,,1,100,,25140,8,,,1,100,,25142,8,,,1,100,,18115,8,,,1,100,,25144,8,,,1,100,,25137,8,,,1,100,,25136,8,,,1,100,,25146,8,,,1,100,,25141,8,,,1,100,,25143,8,,,1,100,,25145,8,,,1
11400,'3',633,,25147,8,,,1,100,,25154,8,,,1,100,,25158,8,,,1,100,,25149,8,,,1,100,,25153,8,,,1,100,,25152,8,,,1,100,,25157,8,,,1,100,,25156,8,,,1,100,,25148,8,,,1,100,,25155,8,,,1,100,,25151,8,,,1,100,,25150,8,,,1
11400,'4',633,,25165,8,,,1,100,,25160,8,,,1,100,,25166,8,,,1,100,,25169,8,,,1,100,,25168,8,,,1,100,,25161,8,,,1,100,,25162,8,,,1,100,,25159,8,,,1,100,,25167,8,,,1,100,,25164,8,,,1,100,,25170,8,,,1,100,,25163,8,,,1
11400,'5',633,,25174,8,,,1,100,,25175,8,,,1,100,,25180,8,,,1,100,,25172,8,,,1,100,,25176,8,,,1,100,,25177,8,,,1,100,,25182,8,,,1,100,,25179,8,,,1,100,,25171,8,,,1,100,,25173,8,,,1,100,,25178,8,,,1,100,,25181,8,,,1
11400,'7',633,,25193,8,,,1,100,,25190,8,,,1,100,,25189,8,,,1,100,,25184,8,,,1,100,,25183,8,,,1,100,,25188,8,,,1,100,,25192,8,,,1,100,,25186,8,,,1,100,,25185,8,,,1,100,,25194,8,,,1,100,,25187,8,,,1,100,,25191,8,,,1
11400,'8',633,,25202,8,,,1,100,,25201,8,,,1,100,,25199,8,,,1,100,,25206,8,,,1,100,,25197,8,,,1,100,,25196,8,,,1,100,,25205,8,,,1,100,,25203,8,,,1,100,,25195,8,,,1,100,,25198,8,,,1,100,,25200,8,,,1,100,,25204,8,,,1
11400,'9',633,,25213,8,,,1,100,,25218,8,,,1,100,,25208,8,,,1,100,,25217,8,,,1,100,,25211,8,,,1,100,,25214,8,,,1,100,,25215,8,,,1,100,,25212,8,,,1,100,,25207,8,,,1,100,,25216,8,,,1,100,,25210,8,,,1,100,,25209,8,,,1
21400,'1',1833,,29235,8,,,1,100,,29236,8,,,1,100,,29234,8,,,1,100,,29232,8,,,1,100,,29233,8,,,1
21400,'10',733,,29238,8,,,1,100,,29244,8,,,1,100,,29245,8,,,1,100,,29240,8,,,1,100,,29246,8,,,1,100,,29243,8,,,1,100,,29241,8,,,1,100,,29249,8,,,1,100,,29237,8,,,1,100,,29239,8,,,1,100,,29242,8,,,1,100,,29248,8,,,1,100,,29247,8,,,1
21400,'11',733,,29262,8,,,1,100,,29251,8,,,1,100,,29259,8,,,1,100,,29252,8,,,1,100,,29256,8,,,1,100,,29254,8,,,1,100,,29260,8,,,1,100,,29253,8,,,1,100,,29261,8,,,1,100,,29255,8,,,1,100,,29258,8,,,1,100,,29257,8,,,1,100,,29250,8,,,1
21400,'2',1833,,29263,8,,,1,100,,29264,8,,,1,100,,29266,8,,,1,100,,29267,8,,,1,100,,29265,8,,,1
21400,'3',1833,,29268,8,,,1,100,,29272,8,,,1,100,,29269,8,,,1,100,,29271,8,,,1,100,,29270,8,,,1
21400,'4',1833,,29277,8,,,1,100,,29273,8,,,1,100,,29276,8,,,1,100,,29274,8,,,1,100,,29275,8,,,1
21400,'5',1833,,29280,8,,,1,100,,29282,8,,,1,100,,29278,8,,,1,100,,29279,8,,,1,100,,29281,8,,,1
21400,'6',733,,29294,8,,,1,100,,29288,8,,,1,100,,29292,8,,,1,100,,29287,8,,,1,100,,29295,8,,,1,100,,29283,8,,,1,100,,29293,8,,,1,100,,29289,8,,,1,100,,29285,8,,,1,100,,29291,8,,,1,100,,29284,8,,,1,100,,29286,8,,,1,100,,29290,8,,,1
21400,'7',1833,,29296,8,,,1,100,,29297,8,,,1,100,,29300,8,,,1,100,,29298,8,,,1,100,,29299,8,,,1
21400,'8',1833,,29305,8,,,1,100,,29304,8,,,1,100,,29301,8,,,1,100,,29302,8,,,1,100,,29303,8,,,1
21400,'9',1833,,29308,8,,,1,100,,29309,8,,,1,100,,29310,8,,,1,100,,29307,8,,,1,100,,29306,8,,,1
