10900,'1',611,,22960,4,,,1,100,,22975,4,,,1,100,,22971,4,,,1,100,,22974,4,,,1,100,,22987,4,,,1,100,,22989,4,,,1,100,,22963,4,,,1,100,,22966,4,,,1,100,,18341,4,,,1,100,,22961,4,,,1,100,,22978,4,,,1,100,,22986,4,,,1
10900,'2',611,,23009,4,,,1,100,,23012,4,,,1,100,,23026,4,,,1,100,,22993,4,,,1,100,,23011,4,,,1,100,,23010,4,,,1,100,,23006,4,,,1,100,,23001,4,,,1,100,,23018,4,,,1,100,,23025,4,,,1,100,,23020,4,,,1,100,,23028,4,,,1
10900,'3',611,,23058,4,,,1,100,,23035,4,,,1,100,,23037,4,,,1,100,,23046,4,,,1,100,,23048,4,,,1,100,,23054,4,,,1,100,,23051,4,,,1,100,,23057,4,,,1,100,,23056,4,,,1,100,,23060,4,,,1,100,,23043,4,,,1,100,,23039,4,,,1
10900,'4',611,,23078,4,,,1,100,,23077,4,,,1,100,,23097,4,,,1,100,,23098,4,,,1,100,,23089,4,,,1,100,,23094,4,,,1,100,,23070,4,,,1,100,,23088,4,,,1,100,,23091,4,,,1,100,,23067,4,,,1,100,,23099,4,,,1,100,,23096,4,,,1
10900,'5',611,,23110,4,,,1,100,,23130,4,,,1,100,,23127,4,,,1,100,,23135,4,,,1,100,,23103,4,,,1,100,,23102,4,,,1,100,,23117,4,,,1,100,,23128,4,,,1,100,,23123,4,,,1,100,,23113,4,,,1,100,,23124,4,,,1,100,,23116,4,,,1
10900,'7',611,,23172,4,,,1,100,,23162,4,,,1,100,,23171,4,,,1,100,,23150,4,,,1,100,,23145,4,,,1,100,,23147,4,,,1,100,,23164,4,,,1,100,,23170,4,,,1,100,,23166,4,,,1,100,,23165,4,,,1,100,,23168,4,,,1,100,,23163,4,,,1
10900,'8',611,,23179,4,,,1,100,,23200,4,,,1,100,,23202,4,,,1,100,,23186,4,,,1,100,,23182,4,,,1,100,,23196,4,,,1,100,,23195,4,,,1,100,,23177,4,,,1,100,,23190,4,,,1,100,,23193,4,,,1,100,,23176,4,,,1,100,,23181,4,,,1
10900,'9',611,,23242,4,,,1,100,,23226,4,,,1,100,,23223,4,,,1,100,,23225,4,,,1,100,,23214,4,,,1,100,,23243,4,,,1,100,,23224,4,,,1,100,,23231,4,,,1,100,,23210,4,,,1,100,,23209,4,,,1,100,,23232,4,,,1,100,,23230,4,,,1
11300,'1',641,,24526,4,,,1,100,,24516,4,,,1,100,,24512,4,,,1,100,,24515,4,,,1,100,,24503,4,,,1,100,,24504,4,,,1,100,,24500,4,,,1,100,,24502,4,,,1,100,,24517,4,,,1,100,,24509,4,,,1,100,,24499,4,,,1,100,,17253,4,,,1,100,,24520,4,,,1
11300,'2',641,,24564,4,,,1,100,,24539,4,,,1,100,,24555,4,,,1,100,,24537,4,,,1,100,,24553,4,,,1,100,,24558,4,,,1,100,,24568,4,,,1,100,,24536,4,,,1,100,,24543,4,,,1,100,,24560,4,,,1,100,,24559,4,,,1,100,,24549,4,,,1,100,,24561,4,,,1
11300,'3',641,,24600,4,,,1,100,,24578,4,,,1,100,,24584,4,,,1,100,,24596,4,,,1,100,,24597,4,,,1,100,,24581,4,,,1,100,,24608,4,,,1,100,,24589,4,,,1,100,,24571,4,,,1,100,,24583,4,,,1,100,,24588,4,,,1,100,,24604,4,,,1,100,,24605,4,,,1
11300,'4',641,,24623,4,,,1,100,,24627,4,,,1,100,,24616,4,,,1,100,,24636,4,,,1,100,,24638,4,,,1,100,,24644,4,,,1,100,,24640,4,,,1,100,,24645,4,,,1,100,,24611,4,,,1,100,,24620,4,,,1,100,,24624,4,,,1,100,,24626,4,,,1,100,,24639,4,,,1
11300,'5',641,,24666,4,,,1,100,,24672,4,,,1,100,,24680,4,,,1,100,,24654,4,,,1,100,,24673,4,,,1,100,,24670,4,,,1,100,,24651,4,,,1,100,,24683,4,,,1,100,,24687,4,,,1,100,,24664,4,,,1,100,,24657,4,,,1,100,,24656,4,,,1,100,,24669,4,,,1
11300,'7',641,,24692,4,,,1,100,,24706,4,,,1,100,,24721,4,,,1,100,,24689,4,,,1,100,,24715,4,,,1,100,,24693,4,,,1,100,,24712,4,,,1,100,,24707,4,,,1,100,,24723,4,,,1,100,,24697,4,,,1,100,,24714,4,,,1,100,,24695,4,,,1,100,,24708,4,,,1
11300,'8',641,,24762,4,,,1,100,,24732,4,,,1,100,,24735,4,,,1,100,,24763,4,,,1,100,,24749,4,,,1,100,,24742,4,,,1,100,,24734,4,,,1,100,,24746,4,,,1,100,,24745,4,,,1,100,,24733,4,,,1,100,,24748,4,,,1,100,,24741,4,,,1,100,,24739,4,,,1
11300,'9',641,,24782,4,,,1,100,,24786,4,,,1,100,,24804,4,,,1,100,,24790,4,,,1,100,,24793,4,,,1,100,,24776,4,,,1,100,,24769,4,,,1,100,,24785,4,,,1,100,,24779,4,,,1,100,,24799,4,,,1,100,,24777,4,,,1,100,,24783,4,,,1,100,,24800,4,,,1
20900,'1',1811,,27950,4,,,1,100,,27943,4,,,1,100,,27947,4,,,1,100,,27951,4,,,1,100,,27949,4,,,1
20900,'10',711,,27972,4,,,1,100,,27977,4,,,1,100,,27955,4,,,1,100,,27987,4,,,1,100,,27965,4,,,1,100,,27960,4,,,1,100,,27975,4,,,1,100,,27957,4,,,1,100,,27992,4,,,1,100,,27968,4,,,1,100,,27974,4,,,1,100,,27990,4,,,1,100,,27979,4,,,1,100,,27978,4,,,1
20900,'11',711,,28021,4,,,1,100,,28028,4,,,1,100,,28022,4,,,1,100,,28007,4,,,1,100,,28032,4,,,1,100,,28027,4,,,1,100,,28004,4,,,1,100,,28006,4,,,1,100,,28033,4,,,1,100,,28012,4,,,1,100,,28011,4,,,1,100,,27997,4,,,1,100,,28024,4,,,1,100,,28009,4,,,1
20900,'2',1811,,28045,4,,,1,100,,28043,4,,,1,100,,28047,4,,,1,100,,28046,4,,,1,100,,28044,4,,,1
20900,'3',1811,,28056,4,,,1,100,,28061,4,,,1,100,,28062,4,,,1,100,,28060,4,,,1,100,,28050,4,,,1
20900,'4',1811,,28064,4,,,1,100,,28067,4,,,1,100,,28075,4,,,1,100,,28073,4,,,1,100,,28076,4,,,1
20900,'5',1811,,28080,4,,,1,100,,28088,4,,,1,100,,28086,4,,,1,100,,28078,4,,,1,100,,28079,4,,,1
20900,'6',711,,28127,4,,,1,100,,28111,4,,,1,100,,28094,4,,,1,100,,28108,4,,,1,100,,28122,4,,,1,100,,28096,4,,,1,100,,28097,4,,,1,100,,28115,4,,,1,100,,28125,4,,,1,100,,28116,4,,,1,100,,28110,4,,,1,100,,28103,4,,,1,100,,28109,4,,,1,100,,28101,4,,,1
20900,'7',1811,,28143,4,,,1,100,,28138,4,,,1,100,,28142,4,,,1,100,,28136,4,,,1,100,,28141,4,,,1
20900,'8',1811,,28153,4,,,1,100,,28152,4,,,1,100,,28148,4,,,1,100,,28158,4,,,1,100,,28156,4,,,1
20900,'9',1811,,28169,4,,,1,100,,28161,4,,,1,100,,28160,4,,,1,100,,28164,4,,,1,100,,28170,4,,,1
