11600,'1',630,,25795,1,0,9 3 10 16,1,70,,25782,1,0,9 3 10 16,1,30,,25801,1,0,9 3 10 16,1,70,,25793,1,0,9 3 10 16,1,30,,25800,1,0,9 3 10 16,1,70,,25787,1,0,9 3 10 16,1,30,,25791,1,0,9 3 10 16,1,70,,25780,1,0,9 3 10 16,1,30,,25778,1,0,9 3 10 16,1,70,,25788,1,0,9 3 10 16,1,30,,25776,1,0,9 3 10 16,1,70,,25770,1,0,9 3 10 16,1,30,,25769,1,0,9 3 10 16,1,70,,25796,1,0,9 3 10 16,1,30,,25779,1,0,9 3 10 16,1,70,,25809,1,0,9 3 10 16,1,30,,25775,1,0,9 3 10 16,1,70,,25786,1,0,9 3 10 16,1,30,,25803,1,0,9 3 10 16,1,70,,25806,1,0,9 3 10 16,1,30,,25773,1,0,9 3 10 16,1,70,,25794,1,0,9 3 10 16,1,30,,25772,1,0,9 3 10 16,1
11600,'2',630,,25832,1,0,9 3 10 16,1,70,,25814,1,0,9 3 10 16,1,30,,25829,1,0,9 3 10 16,1,70,,25841,1,0,9 3 10 16,1,30,,25854,1,0,9 3 10 16,1,70,,25851,1,0,9 3 10 16,1,30,,25842,1,0,9 3 10 16,1,70,,25831,1,0,9 3 10 16,1,30,,25848,1,0,9 3 10 16,1,70,,25830,1,0,9 3 10 16,1,30,,25840,1,0,9 3 10 16,1,70,,25825,1,0,9 3 10 16,1,30,,25846,1,0,9 3 10 16,1,70,,25835,1,0,9 3 10 16,1,30,,25822,1,0,9 3 10 16,1,70,,25844,1,0,9 3 10 16,1,30,,25823,1,0,9 3 10 16,1,70,,25817,1,0,9 3 10 16,1,30,,25850,1,0,9 3 10 16,1,70,,25852,1,0,9 3 10 16,1,30,,25821,1,0,9 3 10 16,1,70,,25849,1,0,9 3 10 16,1,30,,25827,1,0,9 3 10 16,1
11600,'3',630,,25880,1,0,9 3 10 16,1,70,,25867,1,0,9 3 10 16,1,30,,25894,1,0,9 3 10 16,1,70,,25869,1,0,9 3 10 16,1,30,,25857,1,0,9 3 10 16,1,70,,25881,1,0,9 3 10 16,1,30,,25896,1,0,9 3 10 16,1,70,,25891,1,0,9 3 10 16,1,30,,25858,1,0,9 3 10 16,1,70,,25878,1,0,9 3 10 16,1,30,,25877,1,0,9 3 10 16,1,70,,25895,1,0,9 3 10 16,1,30,,25872,1,0,9 3 10 16,1,70,,25871,1,0,9 3 10 16,1,30,,25863,1,0,9 3 10 16,1,70,,25886,1,0,9 3 10 16,1,30,,25862,1,0,9 3 10 16,1,70,,25882,1,0,9 3 10 16,1,30,,25861,1,0,9 3 10 16,1,70,,25883,1,0,9 3 10 16,1,30,,25876,1,0,9 3 10 16,1,70,,25892,1,0,9 3 10 16,1,30,,25875,1,0,9 3 10 16,1
11600,'4',630,,25928,1,0,9 3 10 16,1,70,,25903,1,0,9 3 10 16,1,30,,25907,1,0,9 3 10 16,1,70,,25911,1,0,9 3 10 16,1,30,,25948,1,0,9 3 10 16,1,70,,25915,1,0,9 3 10 16,1,30,,25935,1,0,9 3 10 16,1,70,,25924,1,0,9 3 10 16,1,30,,25936,1,0,9 3 10 16,1,70,,25926,1,0,9 3 10 16,1,30,,25939,1,0,9 3 10 16,1,70,,25940,1,0,9 3 10 16,1,30,,25913,1,0,9 3 10 16,1,70,,25931,1,0,9 3 10 16,1,30,,25906,1,0,9 3 10 16,1,70,,25917,1,0,9 3 10 16,1,30,,25943,1,0,9 3 10 16,1,70,,25914,1,0,9 3 10 16,1,30,,25947,1,0,9 3 10 16,1,70,,25912,1,0,9 3 10 16,1,30,,25945,1,0,9 3 10 16,1,70,,25916,1,0,9 3 10 16,1,30,,25920,1,0,9 3 10 16,1
11600,'5',630,,25968,1,0,9 3 10 16,1,70,,25949,1,0,9 3 10 16,1,30,,25958,1,0,9 3 10 16,1,70,,25984,1,0,9 3 10 16,1,30,,25967,1,0,9 3 10 16,1,70,,25981,1,0,9 3 10 16,1,30,,25977,1,0,9 3 10 16,1,70,,25960,1,0,9 3 10 16,1,30,,25973,1,0,9 3 10 16,1,70,,25992,1,0,9 3 10 16,1,30,,25954,1,0,9 3 10 16,1,70,,25957,1,0,9 3 10 16,1,30,,25990,1,0,9 3 10 16,1,70,,25955,1,0,9 3 10 16,1,30,,25983,1,0,9 3 10 16,1,70,,25964,1,0,9 3 10 16,1,30,,25993,1,0,9 3 10 16,1,70,,25959,1,0,9 3 10 16,1,30,,25982,1,0,9 3 10 16,1,70,,25956,1,0,9 3 10 16,1,30,,25961,1,0,9 3 10 16,1,70,,25976,1,0,9 3 10 16,1,30,,25987,1,0,9 3 10 16,1
11600,'7',630,,25998,1,0,9 3 10 16,1,70,,26000,1,0,9 3 10 16,1,30,,26027,1,0,9 3 10 16,1,70,,26006,1,0,9 3 10 16,1,30,,26023,1,0,9 3 10 16,1,70,,26009,1,0,9 3 10 16,1,30,,26011,1,0,9 3 10 16,1,70,,26024,1,0,9 3 10 16,1,30,,26015,1,0,9 3 10 16,1,70,,26005,1,0,9 3 10 16,1,30,,26038,1,0,9 3 10 16,1,70,,26035,1,0,9 3 10 16,1,30,,26022,1,0,9 3 10 16,1,70,,26014,1,0,9 3 10 16,1,30,,26008,1,0,9 3 10 16,1,70,,26039,1,0,9 3 10 16,1,30,,25995,1,0,9 3 10 16,1,70,,26019,1,0,9 3 10 16,1,30,,25996,1,0,9 3 10 16,1,70,,26016,1,0,9 3 10 16,1,30,,25999,1,0,9 3 10 16,1,70,,26017,1,0,9 3 10 16,1,30,,26031,1,0,9 3 10 16,1
11600,'8',630,,26043,1,0,9 3 10 16,1,70,,26063,1,0,9 3 10 16,1,30,,26052,1,0,9 3 10 16,1,70,,26055,1,0,9 3 10 16,1,30,,26049,1,0,9 3 10 16,1,70,,26066,1,0,9 3 10 16,1,30,,26045,1,0,9 3 10 16,1,70,,26050,1,0,9 3 10 16,1,30,,26054,1,0,9 3 10 16,1,70,,26073,1,0,9 3 10 16,1,30,,26060,1,0,9 3 10 16,1,70,,26062,1,0,9 3 10 16,1,30,,26081,1,0,9 3 10 16,1,70,,26085,1,0,9 3 10 16,1,30,,26071,1,0,9 3 10 16,1,70,,26064,1,0,9 3 10 16,1,30,,26076,1,0,9 3 10 16,1,70,,26057,1,0,9 3 10 16,1,30,,26051,1,0,9 3 10 16,1,70,,26044,1,0,9 3 10 16,1,30,,26056,1,0,9 3 10 16,1,70,,26047,1,0,9 3 10 16,1,30,,26086,1,0,9 3 10 16,1
11600,'9',630,,26097,1,0,9 3 10 16,1,70,,26100,1,0,9 3 10 16,1,30,,26102,1,0,9 3 10 16,1,70,,26107,1,0,9 3 10 16,1,30,,26131,1,0,9 3 10 16,1,70,,26108,1,0,9 3 10 16,1,30,,26093,1,0,9 3 10 16,1,70,,26127,1,0,9 3 10 16,1,30,,26106,1,0,9 3 10 16,1,70,,26125,1,0,9 3 10 16,1,30,,26111,1,0,9 3 10 16,1,70,,26119,1,0,9 3 10 16,1,30,,26091,1,0,9 3 10 16,1,70,,26090,1,0,9 3 10 16,1,30,,26112,1,0,9 3 10 16,1,70,,26095,1,0,9 3 10 16,1,30,,26130,1,0,9 3 10 16,1,70,,26116,1,0,9 3 10 16,1,30,,26120,1,0,9 3 10 16,1,70,,26122,1,0,9 3 10 16,1,30,,26129,1,0,9 3 10 16,1,70,,26103,1,0,9 3 10 16,1,30,,26104,1,0,9 3 10 16,1
11601,'1',629,,26165,4,4,,1,30,,26138,4,4,,1,70,,26156,4,4,,1,30,,26153,4,4,,1,70,,26152,4,4,,1,30,,26140,4,4,,1,70,,26164,4,4,,1,30,,26149,4,4,,1,70,,18025,4,4,,1,30,,26167,4,4,,1,70,,26175,4,4,,1,30,,26169,4,4,,1,70,,26171,4,4,,1,30,,26139,4,4,,1,70,,26159,4,4,,1,30,,26134,4,4,,1,70,,26146,4,4,,1,30,,26141,4,4,,1,70,,26166,4,4,,1,30,,26151,4,4,,1,70,,26133,4,4,,1,30,,26145,4,4,,1,70,,26147,4,4,,1,30,,26177,4,4,,1
11601,'2',629,,26201,4,4,,1,30,,26202,4,4,,1,70,,26216,4,4,,1,30,,15399,4,4,,1,70,,26199,4,4,,1,30,,26209,4,4,,1,70,,26183,4,4,,1,30,,26207,4,4,,1,70,,26205,4,4,,1,30,,26191,4,4,,1,70,,26200,4,4,,1,30,,26184,4,4,,1,70,,26204,4,4,,1,30,,26196,4,4,,1,70,,26197,4,4,,1,30,,26222,4,4,,1,70,,15131,4,4,,1,30,,26179,4,4,,1,70,,26220,4,4,,1,30,,26190,4,4,,1,70,,26187,4,4,,1,30,,26210,4,4,,1,70,,26180,4,4,,1,30,,26206,4,4,,1
11601,'3',629,,26239,4,4,,1,30,,26245,4,4,,1,70,,26225,4,4,,1,30,,26229,4,4,,1,70,,26241,4,4,,1,30,,26270,4,4,,1,70,,26238,4,4,,1,30,,26240,4,4,,1,70,,26263,4,4,,1,30,,26231,4,4,,1,70,,26235,4,4,,1,30,,26236,4,4,,1,70,,26233,4,4,,1,30,,26248,4,4,,1,70,,26265,4,4,,1,30,,26255,4,4,,1,70,,26269,4,4,,1,30,,26242,4,4,,1,70,,26230,4,4,,1,30,,26261,4,4,,1,70,,26234,4,4,,1,30,,26246,4,4,,1,70,,26250,4,4,,1,30,,26247,4,4,,1
11601,'4',629,,26301,4,4,,1,30,,26281,4,4,,1,70,,26302,4,4,,1,30,,26276,4,4,,1,70,,26311,4,4,,1,30,,26278,4,4,,1,70,,26284,4,4,,1,30,,26290,4,4,,1,70,,26307,4,4,,1,30,,26303,4,4,,1,70,,26274,4,4,,1,30,,26277,4,4,,1,70,,26299,4,4,,1,30,,26296,4,4,,1,70,,26283,4,4,,1,30,,26310,4,4,,1,70,,26280,4,4,,1,30,,26297,4,4,,1,70,,26295,4,4,,1,30,,26316,4,4,,1,70,,26304,4,4,,1,30,,26275,4,4,,1,70,,26287,4,4,,1,30,,26305,4,4,,1
11601,'5',629,,26359,4,4,,1,30,,26358,4,4,,1,70,,26341,4,4,,1,30,,26355,4,4,,1,70,,26320,4,4,,1,30,,26348,4,4,,1,70,,26365,4,4,,1,30,,26329,4,4,,1,70,,26328,4,4,,1,30,,26334,4,4,,1,70,,26367,4,4,,1,30,,26360,4,4,,1,70,,26333,4,4,,1,30,,26330,4,4,,1,70,,26332,4,4,,1,30,,26346,4,4,,1,70,,26327,4,4,,1,30,,26343,4,4,,1,70,,26335,4,4,,1,30,,26353,4,4,,1,70,,26326,4,4,,1,30,,26345,4,4,,1,70,,26362,4,4,,1,30,,26352,4,4,,1
11601,'7',629,,26369,4,4,,1,30,,26384,4,4,,1,70,,26385,4,4,,1,30,,26390,4,4,,1,70,,26412,4,4,,1,30,,26373,4,4,,1,70,,26383,4,4,,1,30,,26391,4,4,,1,70,,26376,4,4,,1,30,,26380,4,4,,1,70,,26400,4,4,,1,30,,26375,4,4,,1,70,,26394,4,4,,1,30,,26413,4,4,,1,70,,26386,4,4,,1,30,,26408,4,4,,1,70,,26378,4,4,,1,30,,26372,4,4,,1,70,,26411,4,4,,1,30,,26415,4,4,,1,70,,26398,4,4,,1,30,,26406,4,4,,1,70,,26404,4,4,,1,30,,26405,4,4,,1
11601,'8',629,,26435,4,4,,1,30,,26447,4,4,,1,70,,26456,4,4,,1,30,,26453,4,4,,1,70,,26418,4,4,,1,30,,26416,4,4,,1,70,,26461,4,4,,1,30,,26442,4,4,,1,70,,26444,4,4,,1,30,,26424,4,4,,1,70,,26430,4,4,,1,30,,26449,4,4,,1,70,,26429,4,4,,1,30,,26452,4,4,,1,70,,26446,4,4,,1,30,,26425,4,4,,1,70,,26438,4,4,,1,30,,26427,4,4,,1,70,,26463,4,4,,1,30,,26421,4,4,,1,70,,26458,4,4,,1,30,,26428,4,4,,1,70,,26426,4,4,,1,30,,26450,4,4,,1
11601,'9',629,,26495,4,4,,1,30,,26468,4,4,,1,70,,26473,4,4,,1,30,,26498,4,4,,1,70,,26483,4,4,,1,30,,26474,4,4,,1,70,,26509,4,4,,1,30,,26494,4,4,,1,70,,26491,4,4,,1,30,,26477,4,4,,1,70,,26485,4,4,,1,30,,26506,4,4,,1,70,,26510,4,4,,1,30,,26469,4,4,,1,70,,26497,4,4,,1,30,,26489,4,4,,1,70,,26499,4,4,,1,30,,26496,4,4,,1,70,,26503,4,4,,1,30,,26467,4,4,,1,70,,26488,4,4,,1,30,,26493,4,4,,1,70,,26482,4,4,,1,30,,26487,4,4,,1
21600,'1',1800,,29398,1,0,9 3 10 16,1,30,,29410,1,0,9 3 10 16,1,70,,29390,1,0,9 3 10 16,1,30,,29406,1,0,9 3 10 16,1,70,,29397,1,0,9 3 10 16,1,30,,29403,1,0,9 3 10 16,1,70,,29407,1,0,9 3 10 16,1,30,,29395,1,0,9 3 10 16,1,70,,29392,1,0,9 3 10 16,1,30,,29409,1,0,9 3 10 16,1,70,,29401,1,0,9 3 10 16,1,30,,29400,1,0,9 3 10 16,1
21600,'10',700,,29438,1,0,9 3 10 16,1,30,,29444,1,0,9 3 10 16,1,70,,29447,1,0,9 3 10 16,1,30,,19584,1,0,9 3 10 16,1,70,,29416,1,0,9 3 10 16,1,30,,29427,1,0,9 3 10 16,1,70,,29429,1,0,9 3 10 16,1,30,,29453,1,0,9 3 10 16,1,70,,29446,1,0,9 3 10 16,1,30,,29454,1,0,9 3 10 16,1,70,,29415,1,0,9 3 10 16,1,30,,29462,1,0,9 3 10 16,1,70,,29424,1,0,9 3 10 16,1,30,,29468,1,0,9 3 10 16,1,70,,29419,1,0,9 3 10 16,1,30,,29452,1,0,9 3 10 16,1,70,,29430,1,0,9 3 10 16,1,30,,29417,1,0,9 3 10 16,1,70,,29441,1,0,9 3 10 16,1,30,,29449,1,0,9 3 10 16,1,70,,29421,1,0,9 3 10 16,1,30,,29455,1,0,9 3 10 16,1,70,,29432,1,0,9 3 10 16,1,30,,29442,1,0,9 3 10 16,1,70,,29463,1,0,9 3 10 16,1,30,,29465,1,0,9 3 10 16,1,70,,29451,1,0,9 3 10 16,1,30,,29440,1,0,9 3 10 16,1,70,,29445,1,0,9 3 10 16,1
21600,'11',700,,29496,1,0,9 3 10 16,1,30,,29489,1,0,9 3 10 16,1,70,,29498,1,0,9 3 10 16,1,30,,29470,1,0,9 3 10 16,1,70,,29480,1,0,9 3 10 16,1,30,,29522,1,0,9 3 10 16,1,70,,29481,1,0,9 3 10 16,1,30,,29476,1,0,9 3 10 16,1,70,,29495,1,0,9 3 10 16,1,30,,29469,1,0,9 3 10 16,1,70,,29490,1,0,9 3 10 16,1,30,,29502,1,0,9 3 10 16,1,70,,29513,1,0,9 3 10 16,1,30,,29510,1,0,9 3 10 16,1,70,,29501,1,0,9 3 10 16,1,30,,29473,1,0,9 3 10 16,1,70,,29511,1,0,9 3 10 16,1,30,,29516,1,0,9 3 10 16,1,70,,29515,1,0,9 3 10 16,1,30,,29518,1,0,9 3 10 16,1,70,,29474,1,0,9 3 10 16,1,30,,29491,1,0,9 3 10 16,1,70,,29508,1,0,9 3 10 16,1,30,,29486,1,0,9 3 10 16,1,70,,29504,1,0,9 3 10 16,1,30,,29526,1,0,9 3 10 16,1,70,,29517,1,0,9 3 10 16,1,30,,29485,1,0,9 3 10 16,1,70,,29493,1,0,9 3 10 16,1
21600,'2',1800,,29536,1,0,9 3 10 16,1,30,,29530,1,0,9 3 10 16,1,70,,14743,1,0,9 3 10 16,1,30,,29542,1,0,9 3 10 16,1,70,,18698,1,0,9 3 10 16,1,30,,29548,1,0,9 3 10 16,1,70,,29543,1,0,9 3 10 16,1,30,,29532,1,0,9 3 10 16,1,70,,29527,1,0,9 3 10 16,1,30,,29529,1,0,9 3 10 16,1,70,,29539,1,0,9 3 10 16,1,30,,29546,1,0,9 3 10 16,1
21600,'3',1800,,29556,1,0,9 3 10 16,1,30,,29560,1,0,9 3 10 16,1,70,,29564,1,0,9 3 10 16,1,30,,29553,1,0,9 3 10 16,1,70,,29566,1,0,9 3 10 16,1,30,,29563,1,0,9 3 10 16,1,70,,29572,1,0,9 3 10 16,1,30,,29557,1,0,9 3 10 16,1,70,,29568,1,0,9 3 10 16,1,30,,29567,1,0,9 3 10 16,1,70,,29565,1,0,9 3 10 16,1,30,,29561,1,0,9 3 10 16,1
21600,'4',1800,,29586,1,0,9 3 10 16,1,30,,29578,1,0,9 3 10 16,1,70,,29576,1,0,9 3 10 16,1,30,,29581,1,0,9 3 10 16,1,70,,29590,1,0,9 3 10 16,1,30,,29587,1,0,9 3 10 16,1,70,,29577,1,0,9 3 10 16,1,30,,29592,1,0,9 3 10 16,1,70,,29594,1,0,9 3 10 16,1,30,,29573,1,0,9 3 10 16,1,70,,29583,1,0,9 3 10 16,1,30,,29596,1,0,9 3 10 16,1
21600,'5',1800,,29617,1,0,9 3 10 16,1,30,,29607,1,0,9 3 10 16,1,70,,29602,1,0,9 3 10 16,1,30,,29597,1,0,9 3 10 16,1,70,,29613,1,0,9 3 10 16,1,30,,29599,1,0,9 3 10 16,1,70,,29616,1,0,9 3 10 16,1,30,,29610,1,0,9 3 10 16,1,70,,29620,1,0,9 3 10 16,1,30,,29605,1,0,9 3 10 16,1,70,,29615,1,0,9 3 10 16,1,30,,29611,1,0,9 3 10 16,1
21600,'6',700,,29666,1,0,9 3 10 16,1,30,,29640,1,0,9 3 10 16,1,70,,29662,1,0,9 3 10 16,1,30,,29634,1,0,9 3 10 16,1,70,,29674,1,0,9 3 10 16,1,30,,29631,1,0,9 3 10 16,1,70,,29649,1,0,9 3 10 16,1,30,,29644,1,0,9 3 10 16,1,70,,29663,1,0,9 3 10 16,1,30,,29633,1,0,9 3 10 16,1,70,,29660,1,0,9 3 10 16,1,30,,29648,1,0,9 3 10 16,1,70,,29651,1,0,9 3 10 16,1,30,,29678,1,0,9 3 10 16,1,70,,29628,1,0,9 3 10 16,1,30,,29630,1,0,9 3 10 16,1,70,,29645,1,0,9 3 10 16,1,30,,29643,1,0,9 3 10 16,1,70,,29625,1,0,9 3 10 16,1,30,,29675,1,0,9 3 10 16,1,70,,29626,1,0,9 3 10 16,1,30,,29624,1,0,9 3 10 16,1,70,,29656,1,0,9 3 10 16,1,30,,29669,1,0,9 3 10 16,1,70,,29655,1,0,9 3 10 16,1,30,,29635,1,0,9 3 10 16,1,70,,29677,1,0,9 3 10 16,1,30,,29641,1,0,9 3 10 16,1,70,,29650,1,0,9 3 10 16,1
21600,'7',1800,,29685,1,0,9 3 10 16,1,30,,29689,1,0,9 3 10 16,1,70,,29682,1,0,9 3 10 16,1,30,,29692,1,0,9 3 10 16,1,70,,29687,1,0,9 3 10 16,1,30,,29701,1,0,9 3 10 16,1,70,,29686,1,0,9 3 10 16,1,30,,29695,1,0,9 3 10 16,1,70,,29694,1,0,9 3 10 16,1,30,,29691,1,0,9 3 10 16,1,70,,29697,1,0,9 3 10 16,1,30,,29688,1,0,9 3 10 16,1
21600,'8',1800,,29708,1,0,9 3 10 16,1,30,,29718,1,0,9 3 10 16,1,70,,29721,1,0,9 3 10 16,1,30,,29709,1,0,9 3 10 16,1,70,,29723,1,0,9 3 10 16,1,30,,29726,1,0,9 3 10 16,1,70,,29705,1,0,9 3 10 16,1,30,,29719,1,0,9 3 10 16,1,70,,29717,1,0,9 3 10 16,1,30,,29712,1,0,9 3 10 16,1,70,,29715,1,0,9 3 10 16,1,30,,29707,1,0,9 3 10 16,1
21600,'9',1800,,29728,1,0,9 3 10 16,1,30,,29746,1,0,9 3 10 16,1,70,,29749,1,0,9 3 10 16,1,30,,29727,1,0,9 3 10 16,1,70,,29742,1,0,9 3 10 16,1,30,,29743,1,0,9 3 10 16,1,70,,29740,1,0,9 3 10 16,1,30,,29733,1,0,9 3 10 16,1,70,,29744,1,0,9 3 10 16,1,30,,29750,1,0,9 3 10 16,1,70,,29748,1,0,9 3 10 16,1,30,,29736,1,0,9 3 10 16,1
21601,'1',1829,,29752,4,4,,1,30,,29761,4,4,,1,70,,29758,4,4,,1,30,,29767,4,4,,1,70,,29768,4,4,,1,30,,29766,4,4,,1,70,,29754,4,4,,1,30,,29771,4,4,,1,70,,29770,4,4,,1,30,,29763,4,4,,1,70,,29757,4,4,,1
21601,'10',659,,29816,4,4,,1,70,,29784,4,4,,1,30,,29789,4,4,,1,70,,29819,4,4,,1,30,,29818,4,4,,1,70,,29799,4,4,,1,30,,29806,4,4,,1,70,,29798,4,4,,1,30,,29782,4,4,,1,70,,29795,4,4,,1,30,,29820,4,4,,1,70,,29828,4,4,,1,30,,29821,4,4,,1,70,,29778,4,4,,1,30,,29783,4,4,,1,70,,29817,4,4,,1,30,,29801,4,4,,1,70,,29815,4,4,,1,30,,29780,4,4,,1,70,,29792,4,4,,1,30,,29794,4,4,,1,70,,29811,4,4,,1,30,,29803,4,4,,1,70,,29772,4,4,,1,30,,29800,4,4,,1,70,,29791,4,4,,1,30,,29793,4,4,,1,70,,29813,4,4,,1,30,,29787,4,4,,1
21601,'11',659,,29879,4,4,,1,70,,29863,4,4,,1,30,,29855,4,4,,1,70,,29833,4,4,,1,30,,29861,4,4,,1,70,,29832,4,4,,1,30,,29837,4,4,,1,70,,29883,4,4,,1,30,,29848,4,4,,1,70,,29865,4,4,,1,30,,29885,4,4,,1,70,,29835,4,4,,1,30,,29845,4,4,,1,70,,29872,4,4,,1,30,,29842,4,4,,1,70,,29829,4,4,,1,30,,29830,4,4,,1,70,,29839,4,4,,1,30,,29878,4,4,,1,70,,29840,4,4,,1,30,,29843,4,4,,1,70,,29846,4,4,,1,30,,29854,4,4,,1,70,,29834,4,4,,1,30,,29858,4,4,,1,70,,29862,4,4,,1,30,,29847,4,4,,1,70,,29881,4,4,,1,30,,29869,4,4,,1
21601,'2',1829,,29901,4,4,,1,30,,29891,4,4,,1,70,,29896,4,4,,1,30,,29900,4,4,,1,70,,29890,4,4,,1,30,,29894,4,4,,1,70,,29907,4,4,,1,30,,29902,4,4,,1,70,,29887,4,4,,1,30,,29895,4,4,,1,70,,18456,4,4,,1
21601,'3',1829,,29922,4,4,,1,30,,29916,4,4,,1,70,,29920,4,4,,1,30,,29929,4,4,,1,70,,29925,4,4,,1,30,,29908,4,4,,1,70,,29928,4,4,,1,30,,29912,4,4,,1,70,,29924,4,4,,1,30,,29918,4,4,,1,70,,29921,4,4,,1
21601,'4',1829,,29932,4,4,,1,30,,29944,4,4,,1,70,,29940,4,4,,1,30,,29935,4,4,,1,70,,29930,4,4,,1,30,,29951,4,4,,1,70,,29945,4,4,,1,30,,29942,4,4,,1,70,,29933,4,4,,1,30,,29937,4,4,,1,70,,29947,4,4,,1
21601,'5',1829,,29952,4,4,,1,30,,29963,4,4,,1,70,,29966,4,4,,1,30,,29973,4,4,,1,70,,29954,4,4,,1,30,,29967,4,4,,1,70,,29953,4,4,,1,30,,29970,4,4,,1,70,,29960,4,4,,1,30,,29957,4,4,,1,70,,29956,4,4,,1
21601,'6',659,,29997,4,4,,1,70,,30005,4,4,,1,30,,30012,4,4,,1,70,,30023,4,4,,1,30,,29991,4,4,,1,70,,29978,4,4,,1,30,,29974,4,4,,1,70,,30022,4,4,,1,30,,29976,4,4,,1,70,,30010,4,4,,1,30,,30016,4,4,,1,70,,29998,4,4,,1,30,,29999,4,4,,1,70,,30015,4,4,,1,30,,30017,4,4,,1,70,,30031,4,4,,1,30,,30013,4,4,,1,70,,30020,4,4,,1,30,,29996,4,4,,1,70,,29984,4,4,,1,30,,30006,4,4,,1,70,,29989,4,4,,1,30,,30027,4,4,,1,70,,29977,4,4,,1,30,,29993,4,4,,1,70,,30026,4,4,,1,30,,30001,4,4,,1,70,,30018,4,4,,1,30,,29982,4,4,,1
21601,'7',1829,,30040,4,4,,1,30,,30048,4,4,,1,70,,30044,4,4,,1,30,,30034,4,4,,1,70,,30039,4,4,,1,30,,30037,4,4,,1,70,,30042,4,4,,1,30,,30032,4,4,,1,70,,30046,4,4,,1,30,,30049,4,4,,1,70,,30051,4,4,,1
21601,'8',1829,,30060,4,4,,1,30,,30058,4,4,,1,70,,30074,4,4,,1,30,,30070,4,4,,1,70,,30059,4,4,,1,30,,30068,4,4,,1,70,,30056,4,4,,1,30,,30069,4,4,,1,70,,30064,4,4,,1,30,,30065,4,4,,1,70,,30071,4,4,,1
21601,'9',1829,,30089,4,4,,1,30,,30082,4,4,,1,70,,30078,4,4,,1,30,,30093,4,4,,1,70,,30084,4,4,,1,30,,30086,4,4,,1,70,,30080,4,4,,1,30,,30088,4,4,,1,70,,30095,4,4,,1,30,,30096,4,4,,1,70,,30085,4,4,,1
