10500,'1',551,,21026,7,,,1,100,,21028,7,,,1,70,,21052,7,,,1,30,,21025,7,,,1,70,,21044,7,,,1,30,,21030,7,,,1,70,,21024,7,,,1,30,,21056,7,,,1,100,,21037,7,,,1,100,,21027,7,,,1,100,,21049,7,,,1,100,,21029,7,,,1,100,,21050,7,,,1,70,,21021,7,,,1,30,,21043,7,,,1,70,,21055,7,,,1,30,,18649,7,,,1,70,,21039,7,,,1,30,,21038,7,,,1
10500,'2',551,,21078,7,,,1,100,,21092,7,,,1,70,,21069,7,,,1,30,,21086,7,,,1,70,,21074,7,,,1,30,,21058,7,,,1,70,,21059,7,,,1,30,,21064,7,,,1,100,,21062,7,,,1,100,,21057,7,,,1,100,,21083,7,,,1,100,,21075,7,,,1,100,,21085,7,,,1,70,,21072,7,,,1,30,,21088,7,,,1,70,,21068,7,,,1,30,,21063,7,,,1,70,,21070,7,,,1,30,,21084,7,,,1
10500,'3',551,,21094,7,,,1,100,,21109,7,,,1,70,,21114,7,,,1,30,,21113,7,,,1,70,,21123,7,,,1,30,,21120,7,,,1,70,,21122,7,,,1,30,,21110,7,,,1,100,,21111,7,,,1,100,,21095,7,,,1,100,,21126,7,,,1,100,,21100,7,,,1,100,,21119,7,,,1,70,,21093,7,,,1,30,,21101,7,,,1,70,,21097,7,,,1,30,,21112,7,,,1,70,,21096,7,,,1,30,,21129,7,,,1
10500,'4',551,,21138,7,,,1,100,,21148,7,,,1,70,,21133,7,,,1,30,,21146,7,,,1,70,,21164,7,,,1,30,,21156,7,,,1,70,,21140,7,,,1,30,,21161,7,,,1,100,,21151,7,,,1,100,,21144,7,,,1,100,,21142,7,,,1,100,,21166,7,,,1,100,,21147,7,,,1,70,,21136,7,,,1,30,,21149,7,,,1,70,,21163,7,,,1,30,,21167,7,,,1,70,,21141,7,,,1,30,,21132,7,,,1
10500,'5',551,,21169,7,,,1,100,,21183,7,,,1,70,,21197,7,,,1,30,,21170,7,,,1,70,,21179,7,,,1,30,,21175,7,,,1,70,,21182,7,,,1,30,,21192,7,,,1,100,,21206,7,,,1,100,,21191,7,,,1,100,,21188,7,,,1,100,,21202,7,,,1,100,,21199,7,,,1,70,,21186,7,,,1,30,,21203,7,,,1,70,,21189,7,,,1,30,,21195,7,,,1,70,,21177,7,,,1,30,,21181,7,,,1
10500,'7',551,,21214,7,,,1,100,,21240,7,,,1,70,,21238,7,,,1,30,,21226,7,,,1,70,,21221,7,,,1,30,,21216,7,,,1,70,,21224,7,,,1,30,,21232,7,,,1,100,,21230,7,,,1,100,,21212,7,,,1,100,,21241,7,,,1,100,,21228,7,,,1,100,,21217,7,,,1,70,,21219,7,,,1,30,,21233,7,,,1,70,,21215,7,,,1,30,,21231,7,,,1,70,,21239,7,,,1,30,,21242,7,,,1
10500,'8',551,,21269,7,,,1,100,,21258,7,,,1,70,,21265,7,,,1,30,,21280,7,,,1,70,,21281,7,,,1,30,,21271,7,,,1,70,,21251,7,,,1,30,,21277,7,,,1,100,,21273,7,,,1,100,,21266,7,,,1,100,,21246,7,,,1,100,,21245,7,,,1,100,,21259,7,,,1,70,,21248,7,,,1,30,,21274,7,,,1,70,,21264,7,,,1,30,,21276,7,,,1,70,,21270,7,,,1,30,,21263,7,,,1
10500,'9',551,,21320,7,,,1,100,,21298,7,,,1,70,,21288,7,,,1,30,,21305,7,,,1,70,,21297,7,,,1,30,,21316,7,,,1,70,,21302,7,,,1,30,,21306,7,,,1,100,,21284,7,,,1,100,,21286,7,,,1,100,,21289,7,,,1,100,,21290,7,,,1,100,,21287,7,,,1,70,,21296,7,,,1,30,,21308,7,,,1,70,,21318,7,,,1,30,,21313,7,,,1,70,,21283,7,,,1,30,,21285,7,,,1
20500,'1',1851,,27166,7,,,1,100,,27168,7,,,1,100,,27167,7,,,1,100,,27169,7,,,1
20500,'10',651,,27194,7,,,1,100,,27174,7,,,1,100,,27184,7,,,1,100,,27186,7,,,1,100,,27192,7,,,1,100,,27173,7,,,1,100,,27188,7,,,1,100,,27181,7,,,1,100,,27191,7,,,1,100,,27179,7,,,1,100,,27197,7,,,1,100,,27189,7,,,1,100,,27193,7,,,1,100,,27172,7,,,1
20500,'11',651,,27207,7,,,1,100,,27199,7,,,1,100,,27211,7,,,1,100,,27219,7,,,1,100,,27202,7,,,1,100,,27203,7,,,1,100,,27212,7,,,1,100,,27205,7,,,1,100,,27225,7,,,1,100,,27206,7,,,1,100,,27217,7,,,1,100,,27208,7,,,1,100,,27204,7,,,1,100,,27222,7,,,1
20500,'2',1851,,27228,7,,,1,100,,27229,7,,,1,100,,27231,7,,,1,100,,27232,7,,,1
20500,'3',1851,,27238,7,,,1,100,,27236,7,,,1,100,,27242,7,,,1,100,,27239,7,,,1
20500,'4',1851,,27249,7,,,1,100,,27250,7,,,1,100,,27244,7,,,1,100,,27245,7,,,1
20500,'5',1851,,27252,7,,,1,100,,27258,7,,,1,100,,27257,7,,,1,100,,27255,7,,,1
20500,'6',651,,27271,7,,,1,100,,27266,7,,,1,100,,27267,7,,,1,100,,27269,7,,,1,100,,27274,7,,,1,100,,27264,7,,,1,100,,27273,7,,,1,100,,27276,7,,,1,100,,27282,7,,,1,100,,27265,7,,,1,100,,27260,7,,,1,100,,27278,7,,,1,100,,27259,7,,,1,100,,27270,7,,,1
20500,'7',1851,,27294,7,,,1,100,,27289,7,,,1,100,,27293,7,,,1,100,,27290,7,,,1
20500,'8',1851,,27296,7,,,1,100,,27300,7,,,1,100,,27301,7,,,1,100,,27295,7,,,1
20500,'9',1851,,27310,7,,,1,100,,27303,7,,,1,100,,27306,7,,,1,100,,27304,7,,,1
