10600,'1',640,,21619,8,,,1,100,,21625,8,,,1,70,,21632,8,,,1,30,,21627,8,,,1,70,,21621,8,,,1,30,,21626,8,,,1,100,,21629,8,,,1,100,,21631,8,,,1,100,,21618,8,,,1,100,,16062,8,,,1,100,,21633,8,,,1,70,,21620,8,,,1,30,,21623,8,,,1,70,,21622,8,,,1,23,,21630,8,,,1,77,,21628,8,,,1,23,,21624,8,,,1
10600,'2',640,,21646,8,,,1,100,,21649,8,,,1,70,,17440,8,,,1,30,,21643,8,,,1,70,,21645,8,,,1,30,,21634,8,,,1,100,,21638,8,,,1,100,,21647,8,,,1,100,,21636,8,,,1,100,,21642,8,,,1,100,,21637,8,,,1,70,,21641,8,,,1,30,,21635,8,,,1,70,,21644,8,,,1,23,,21648,8,,,1,77,,21639,8,,,1,23,,21640,8,,,1
10600,'3',640,,21666,8,,,1,100,,21664,8,,,1,70,,21655,8,,,1,30,,21661,8,,,1,70,,21656,8,,,1,30,,21653,8,,,1,100,,21651,8,,,1,100,,21665,8,,,1,100,,21663,8,,,1,100,,21657,8,,,1,100,,21654,8,,,1,70,,21662,8,,,1,30,,21650,8,,,1,70,,21658,8,,,1,23,,21659,8,,,1,77,,21660,8,,,1,23,,21652,8,,,1
10600,'4',640,,21682,8,,,1,100,,21676,8,,,1,70,,21674,8,,,1,30,,21681,8,,,1,70,,21675,8,,,1,30,,21680,8,,,1,100,,21671,8,,,1,100,,21678,8,,,1,100,,21673,8,,,1,100,,21668,8,,,1,100,,21667,8,,,1,70,,21683,8,,,1,30,,21670,8,,,1,70,,21679,8,,,1,23,,21669,8,,,1,77,,21677,8,,,1,23,,21672,8,,,1
10600,'5',640,,21697,8,,,1,100,,21693,8,,,1,70,,21684,8,,,1,30,,21696,8,,,1,70,,21686,8,,,1,30,,21690,8,,,1,100,,21692,8,,,1,100,,21685,8,,,1,100,,21691,8,,,1,100,,21699,8,,,1,100,,21694,8,,,1,70,,21698,8,,,1,30,,21695,8,,,1,70,,21700,8,,,1,23,,21688,8,,,1,77,,21689,8,,,1,23,,21687,8,,,1
10600,'7',640,,21713,8,,,1,100,,21716,8,,,1,70,,21703,8,,,1,30,,21705,8,,,1,70,,21702,8,,,1,30,,21701,8,,,1,100,,21708,8,,,1,100,,21710,8,,,1,100,,21706,8,,,1,100,,21717,8,,,1,100,,21712,8,,,1,70,,21704,8,,,1,30,,21715,8,,,1,70,,21714,8,,,1,23,,21707,8,,,1,77,,21711,8,,,1,23,,21709,8,,,1
10600,'8',640,,21727,8,,,1,100,,21721,8,,,1,70,,21723,8,,,1,30,,21730,8,,,1,70,,21734,8,,,1,30,,21729,8,,,1,100,,21726,8,,,1,100,,21718,8,,,1,100,,21732,8,,,1,100,,21720,8,,,1,100,,21725,8,,,1,70,,21731,8,,,1,30,,21722,8,,,1,70,,21724,8,,,1,23,,21728,8,,,1,77,,21719,8,,,1,23,,21733,8,,,1
10600,'9',640,,21739,8,,,1,100,,21749,8,,,1,70,,21746,8,,,1,30,,21751,8,,,1,70,,21743,8,,,1,30,,21737,8,,,1,100,,21750,8,,,1,100,,21744,8,,,1,100,,21745,8,,,1,100,,21740,8,,,1,100,,21742,8,,,1,70,,21736,8,,,1,30,,21748,8,,,1,70,,21747,8,,,1,23,,21738,8,,,1,77,,21741,8,,,1,23,,21735,8,,,1
11200,'1',659,,24244,20,,,1,100,,24237,20,,,1,100,,24236,20,,,1,100,,24235,20,,,1,100,,24238,20,,,1,100,,24239,20,,,1,100,,24243,20,,,1,100,,24234,20,,,1,100,,24240,20,,,1,100,,24242,20,,,1,100,,24241,20,,,1
11200,'2',659,,24254,20,,,1,100,,24252,20,,,1,100,,24245,20,,,1,100,,24248,20,,,1,100,,24250,20,,,1,100,,24255,20,,,1,100,,24253,20,,,1,100,,24247,20,,,1,100,,24249,20,,,1,100,,24251,20,,,1,100,,24246,20,,,1
11200,'3',659,,24258,20,,,1,100,,24266,20,,,1,100,,24264,20,,,1,100,,24260,20,,,1,100,,24259,20,,,1,100,,24257,20,,,1,100,,24265,20,,,1,100,,24261,20,,,1,100,,24262,20,,,1,100,,24256,20,,,1,100,,24263,20,,,1
11200,'4',659,,24274,20,,,1,100,,24272,20,,,1,100,,24273,20,,,1,100,,24275,20,,,1,100,,24277,20,,,1,100,,24267,20,,,1,100,,24276,20,,,1,100,,24268,20,,,1,100,,24270,20,,,1,100,,24271,20,,,1,100,,24269,20,,,1
11200,'5',659,,24281,20,,,1,100,,24282,20,,,1,100,,24287,20,,,1,100,,24278,20,,,1,100,,24279,20,,,1,100,,24280,20,,,1,100,,24286,20,,,1,100,,24288,20,,,1,100,,24284,20,,,1,100,,24285,20,,,1,100,,24283,20,,,1
11200,'7',659,,24290,20,,,1,100,,24294,20,,,1,100,,24295,20,,,1,100,,24296,20,,,1,100,,24291,20,,,1,100,,24299,20,,,1,100,,24293,20,,,1,100,,24297,20,,,1,100,,24289,20,,,1,100,,24298,20,,,1,100,,24292,20,,,1
11200,'8',659,,24308,20,,,1,100,,24301,20,,,1,100,,24304,20,,,1,100,,24307,20,,,1,100,,24305,20,,,1,100,,24310,20,,,1,100,,24300,20,,,1,100,,24302,20,,,1,100,,24303,20,,,1,100,,24306,20,,,1,100,,24309,20,,,1
11200,'9',659,,24320,20,,,1,100,,24311,20,,,1,100,,24315,20,,,1,100,,24319,20,,,1,100,,24317,20,,,1,100,,24316,20,,,1,100,,24312,20,,,1,100,,24314,20,,,1,100,,24321,20,,,1,100,,24318,20,,,1,100,,24313,20,,,1
