11401,'1',639,,25223,8,,,1,100,,25228,8,,,1,100,,25220,8,,,1,100,,25219,8,,,1,100,,25230,8,,,1,100,,25227,8,,,1,100,,25226,8,,,1,100,,25225,8,,,1,100,,25229,8,,,1,100,,25222,8,,,1,100,,25224,8,,,1,100,,25221,8,,,1
11401,'2',639,,25242,8,,,1,100,,25234,8,,,1,100,,25240,8,,,1,100,,25232,8,,,1,100,,25238,8,,,1,100,,25239,8,,,1,100,,25233,8,,,1,100,,25236,8,,,1,100,,25231,8,,,1,100,,25235,8,,,1,100,,25237,8,,,1,100,,25241,8,,,1
11401,'3',639,,25245,8,,,1,100,,25247,8,,,1,100,,25243,8,,,1,100,,25248,8,,,1,100,,25251,8,,,1,100,,25254,8,,,1,100,,25250,8,,,1,100,,25252,8,,,1,100,,25253,8,,,1,100,,25244,8,,,1,100,,25246,8,,,1,100,,25249,8,,,1
11401,'4',639,,25256,8,,,1,100,,25257,8,,,1,100,,25261,8,,,1,100,,25258,8,,,1,100,,25255,8,,,1,100,,25263,8,,,1,100,,25264,8,,,1,100,,25262,8,,,1,100,,25260,8,,,1,100,,25265,8,,,1,100,,25259,8,,,1,100,,25266,8,,,1
11401,'5',639,,25270,8,,,1,100,,25273,8,,,1,100,,25271,8,,,1,100,,25275,8,,,1,100,,25277,8,,,1,100,,25272,8,,,1,100,,25274,8,,,1,100,,25268,8,,,1,100,,25278,8,,,1,100,,25267,8,,,1,100,,25276,8,,,1,100,,25269,8,,,1
11401,'7',639,,25280,8,,,1,100,,25283,8,,,1,100,,25286,8,,,1,100,,25290,8,,,1,100,,25289,8,,,1,100,,25287,8,,,1,100,,25282,8,,,1,100,,25285,8,,,1,100,,25281,8,,,1,100,,25279,8,,,1,100,,25288,8,,,1,100,,25284,8,,,1
11401,'8',639,,25299,8,,,1,100,,25298,8,,,1,100,,25301,8,,,1,100,,25292,8,,,1,100,,25295,8,,,1,100,,25294,8,,,1,100,,25302,8,,,1,100,,25300,8,,,1,100,,25291,8,,,1,100,,25296,8,,,1,100,,25297,8,,,1,100,,25293,8,,,1
11401,'9',639,,25312,8,,,1,100,,25308,8,,,1,100,,25305,8,,,1,100,,25314,8,,,1,100,,25310,8,,,1,100,,25307,8,,,1,100,,25304,8,,,1,100,,25306,8,,,1,100,,25309,8,,,1,100,,25311,8,,,1,100,,25303,8,,,1,100,,25313,8,,,1
21401,'1',1843,,29314,19,,,1,100,,29315,19,,,1,100,,29313,19,,,1,100,,29312,19,,,1,100,,29311,19,,,1
21401,'10',743,,29324,19,,,1,100,,29323,19,,,1,100,,29327,19,,,1,100,,29322,19,,,1,100,,29325,19,,,1,100,,29316,19,,,1,100,,29326,19,,,1,100,,29319,19,,,1,100,,29320,19,,,1,100,,17231,19,,,1,100,,29317,19,,,1,100,,29318,19,,,1,100,,29321,19,,,1
21401,'11',743,,29335,19,,,1,100,,29331,19,,,1,100,,29334,19,,,1,100,,29328,19,,,1,100,,29329,19,,,1,100,,29336,19,,,1,100,,29330,19,,,1,100,,29338,19,,,1,100,,29339,19,,,1,100,,29332,19,,,1,100,,29337,19,,,1,100,,29340,19,,,1,100,,29333,19,,,1
21401,'2',1843,,29344,19,,,1,100,,29343,19,,,1,100,,29342,19,,,1,100,,29341,19,,,1,100,,29345,19,,,1
21401,'3',1843,,29347,19,,,1,100,,29350,19,,,1,100,,29348,19,,,1,100,,29346,19,,,1,100,,29349,19,,,1
21401,'4',1843,,29354,19,,,1,100,,29352,19,,,1,100,,29355,19,,,1,100,,29353,19,,,1,100,,29351,19,,,1
21401,'5',1843,,29360,19,,,1,100,,29358,19,,,1,100,,29357,19,,,1,100,,29356,19,,,1,100,,29359,19,,,1
21401,'6',743,,29373,19,,,1,100,,29365,19,,,1,100,,29368,19,,,1,100,,29367,19,,,1,100,,29370,19,,,1,100,,29366,19,,,1,100,,29361,19,,,1,100,,29364,19,,,1,100,,29372,19,,,1,100,,29369,19,,,1,100,,29363,19,,,1,100,,29371,19,,,1,100,,29362,19,,,1
21401,'7',1843,,29377,19,,,1,100,,29374,19,,,1,100,,29375,19,,,1,100,,29378,19,,,1,100,,29376,19,,,1
21401,'8',1843,,29382,19,,,1,100,,29379,19,,,1,100,,29380,19,,,1,100,,29381,19,,,1,100,,29383,19,,,1
21401,'9',1843,,29388,19,,,1,100,,29386,19,,,1,100,,29387,19,,,1,100,,29385,19,,,1,100,,29384,19,,,1
