11200,'1',654,,24244,10,,,1,100,,24237,10,,,1,100,,24236,10,,,1,100,,24235,10,,,1,100,,24238,10,,,1,100,,24239,10,,,1,100,,24243,10,,,1,100,,24234,10,,,1,100,,24240,10,,,1,100,,24242,10,,,1,100,,24241,10,,,1
11200,'2',654,,24254,10,,,1,100,,24252,10,,,1,100,,24245,10,,,1,100,,24248,10,,,1,100,,24250,10,,,1,100,,24255,10,,,1,100,,24253,10,,,1,100,,24247,10,,,1,100,,24249,10,,,1,100,,24251,10,,,1,100,,24246,10,,,1
11200,'3',654,,24258,10,,,1,100,,24266,10,,,1,100,,24264,10,,,1,100,,24260,10,,,1,100,,24259,10,,,1,100,,24257,10,,,1,100,,24265,10,,,1,100,,24261,10,,,1,100,,24262,10,,,1,100,,24256,10,,,1,100,,24263,10,,,1
11200,'4',654,,24274,10,,,1,100,,24272,10,,,1,100,,24273,10,,,1,100,,24275,10,,,1,100,,24277,10,,,1,100,,24267,10,,,1,100,,24276,10,,,1,100,,24268,10,,,1,100,,24270,10,,,1,100,,24271,10,,,1,100,,24269,10,,,1
11200,'5',654,,24281,10,,,1,100,,24282,10,,,1,100,,24287,10,,,1,100,,24278,10,,,1,100,,24279,10,,,1,100,,24280,10,,,1,100,,24286,10,,,1,100,,24288,10,,,1,100,,24284,10,,,1,100,,24285,10,,,1,100,,24283,10,,,1
11200,'7',654,,24290,10,,,1,100,,24294,10,,,1,100,,24295,10,,,1,100,,24296,10,,,1,100,,24291,10,,,1,100,,24299,10,,,1,100,,24293,10,,,1,100,,24297,10,,,1,100,,24289,10,,,1,100,,24298,10,,,1,100,,24292,10,,,1
11200,'8',654,,24308,10,,,1,100,,24301,10,,,1,100,,24304,10,,,1,100,,24307,10,,,1,100,,24305,10,,,1,100,,24310,10,,,1,100,,24300,10,,,1,100,,24302,10,,,1,100,,24303,10,,,1,100,,24306,10,,,1,100,,24309,10,,,1
11200,'9',654,,24320,10,,,1,100,,24311,10,,,1,100,,24315,10,,,1,100,,24319,10,,,1,100,,24317,10,,,1,100,,24316,10,,,1,100,,24312,10,,,1,100,,24314,10,,,1,100,,24321,10,,,1,100,,24318,10,,,1,100,,24313,10,,,1
20300,'1',1908,,26519,17,,,1,30,,26514,17,,,1,70,,26516,17,,,1,30,,19313,17,,,1,70,,26513,17,,,1,30,,26517,17,,,1,70,,26515,17,,,1,30,,26512,17,,,1,70,,26518,17,,,1
20300,'10',738,,26525,17,,,1,70,,26536,17,,,1,30,,26521,17,,,1,70,,26546,17,,,1,30,,26545,17,,,1,70,,26529,17,,,1,30,,26544,17,,,1,70,,26526,17,,,1,30,,26530,17,,,1,70,,26531,17,,,1,30,,26528,17,,,1,70,,26537,17,,,1,30,,26523,17,,,1,70,,26527,17,,,1,30,,26520,17,,,1,70,,26542,17,,,1,30,,26524,17,,,1,70,,26533,17,,,1,30,,26540,17,,,1,70,,26522,17,,,1,30,,26538,17,,,1,70,,26532,17,,,1,30,,26543,17,,,1,70,,26534,17,,,1,30,,26535,17,,,1,70,,26541,17,,,1,30,,26539,17,,,1
20300,'11',738,,26571,17,,,1,70,,26558,17,,,1,30,,26572,17,,,1,70,,26553,17,,,1,30,,26573,17,,,1,70,,26547,17,,,1,30,,26561,17,,,1,70,,26560,17,,,1,30,,26569,17,,,1,70,,26549,17,,,1,30,,26566,17,,,1,70,,26554,17,,,1,30,,26550,17,,,1,70,,26551,17,,,1,30,,26556,17,,,1,70,,26548,17,,,1,30,,26564,17,,,1,70,,26563,17,,,1,30,,26559,17,,,1,70,,26555,17,,,1,30,,26562,17,,,1,70,,26552,17,,,1,30,,26557,17,,,1,70,,26567,17,,,1,30,,26565,17,,,1,70,,26570,17,,,1,30,,26568,17,,,1
20300,'2',1908,,26581,17,,,1,30,,26575,17,,,1,70,,26580,17,,,1,30,,26578,17,,,1,70,,26582,17,,,1,30,,26579,17,,,1,70,,26576,17,,,1,30,,26574,17,,,1,70,,26577,17,,,1
20300,'3',1908,,26585,17,,,1,30,,26589,17,,,1,70,,26586,17,,,1,30,,26590,17,,,1,70,,26583,17,,,1,30,,26591,17,,,1,70,,26584,17,,,1,30,,26587,17,,,1,70,,26588,17,,,1
20300,'4',1908,,26598,17,,,1,30,,26592,17,,,1,70,,26594,17,,,1,30,,26595,17,,,1,70,,26599,17,,,1,30,,26597,17,,,1,70,,26600,17,,,1,30,,26596,17,,,1,70,,26593,17,,,1
20300,'5',1908,,26607,17,,,1,30,,26601,17,,,1,70,,26606,17,,,1,30,,26604,17,,,1,70,,26609,17,,,1,30,,26605,17,,,1,70,,26602,17,,,1,30,,26603,17,,,1,70,,26608,17,,,1
20300,'6',738,,26622,17,,,1,70,,26636,17,,,1,30,,26628,17,,,1,70,,26621,17,,,1,30,,26616,17,,,1,70,,26618,17,,,1,30,,26619,17,,,1,70,,26624,17,,,1,30,,26611,17,,,1,70,,26625,17,,,1,30,,26617,17,,,1,70,,26633,17,,,1,30,,26614,17,,,1,70,,26610,17,,,1,30,,26630,17,,,1,70,,26612,17,,,1,30,,26634,17,,,1,70,,26623,17,,,1,30,,26627,17,,,1,70,,26615,17,,,1,30,,26631,17,,,1,70,,26635,17,,,1,30,,26620,17,,,1,70,,26626,17,,,1,30,,26632,17,,,1,70,,26629,17,,,1,30,,26613,17,,,1
20300,'7',1908,,26637,17,,,1,30,,26643,17,,,1,70,,26638,17,,,1,30,,26644,17,,,1,70,,26640,17,,,1,30,,26641,17,,,1,70,,26645,17,,,1,30,,26642,17,,,1,70,,26639,17,,,1
20300,'8',1908,,26650,17,,,1,30,,26652,17,,,1,70,,26649,17,,,1,30,,26654,17,,,1,70,,26646,17,,,1,30,,26648,17,,,1,70,,26651,17,,,1,30,,26647,17,,,1,70,,26653,17,,,1
20300,'9',1908,,26656,17,,,1,30,,26657,17,,,1,70,,26658,17,,,1,30,,26663,17,,,1,70,,26661,17,,,1,30,,26655,17,,,1,70,,26659,17,,,1,30,,26662,17,,,1,70,,26660,17,,,1
