11201,'1',723,,24323,18,,,1,100,,24322,18,,,1,100,,24337,18,,,1,100,,24324,18,,,1,100,,24333,18,,,1,100,,24334,18,,,1,100,,24336,18,,,1,100,,24339,18,,,1,100,,24331,18,,,1,100,,24330,18,,,1,100,,24341,18,,,1
11201,'2',723,,24359,18,,,1,100,,24348,18,,,1,100,,24356,18,,,1,100,,24347,18,,,1,100,,19525,18,,,1,100,,24352,18,,,1,100,,24360,18,,,1,100,,24346,18,,,1,100,,24353,18,,,1,100,,24345,18,,,1,100,,24354,18,,,1
11201,'3',723,,24385,18,,,1,100,,24367,18,,,1,100,,24365,18,,,1,100,,24383,18,,,1,100,,24380,18,,,1,100,,24374,18,,,1,100,,24382,18,,,1,100,,24366,18,,,1,100,,24371,18,,,1,100,,24378,18,,,1,100,,24364,18,,,1
11201,'4',723,,24394,18,,,1,100,,24387,18,,,1,100,,24406,18,,,1,100,,24393,18,,,1,100,,24404,18,,,1,100,,24403,18,,,1,100,,24401,18,,,1,100,,24405,18,,,1,100,,24391,18,,,1,100,,24407,18,,,1,100,,24392,18,,,1
11201,'5',723,,24413,18,,,1,100,,24408,18,,,1,100,,24426,18,,,1,100,,24429,18,,,1,100,,24412,18,,,1,100,,24417,18,,,1,100,,24419,18,,,1,100,,24423,18,,,1,100,,24427,18,,,1,100,,24428,18,,,1,100,,24418,18,,,1
11201,'7',723,,24440,18,,,1,100,,24438,18,,,1,100,,24451,18,,,1,100,,24431,18,,,1,100,,24448,18,,,1,100,,24435,18,,,1,100,,24447,18,,,1,100,,24442,18,,,1,100,,24441,18,,,1,100,,24449,18,,,1,100,,24432,18,,,1
11201,'8',723,,24473,18,,,1,100,,24467,18,,,1,100,,24459,18,,,1,100,,24472,18,,,1,100,,24456,18,,,1,100,,24469,18,,,1,100,,24468,18,,,1,100,,24454,18,,,1,100,,24466,18,,,1,100,,24461,18,,,1,100,,24452,18,,,1
11201,'9',723,,24484,18,,,1,100,,24485,18,,,1,100,,24479,18,,,1,100,,24474,18,,,1,100,,24481,18,,,1,100,,24478,18,,,1,100,,24487,18,,,1,100,,24494,18,,,1,100,,24482,18,,,1,100,,24488,18,,,1,100,,24477,18,,,1
20600,'1',1817,,27467,12,,,1,30,,27459,12,,,1,70,,27463,12,,,1,30,,27464,12,,,1,70,,27458,12,,,1,30,,27460,12,,,1,70,,27466,12,,,1,30,,27462,12,,,1,70,,27465,12,,,1,30,,27461,12,,,1
20600,'10',740,,18923,12,,,1,70,,27477,12,,,1,30,,27486,12,,,1,70,,27470,12,,,1,30,,27482,12,,,1,70,,27488,12,,,1,30,,27491,12,,,1,70,,27492,12,,,1,30,,27474,12,,,1,70,,27473,12,,,1,30,,27484,12,,,1,70,,27479,12,,,1,30,,27472,12,,,1,70,,27468,12,,,1,30,,27480,12,,,1,70,,27489,12,,,1,30,,27485,12,,,1,70,,27476,12,,,1,30,,27475,12,,,1,70,,27481,12,,,1,30,,27478,12,,,1,70,,27487,12,,,1,30,,27471,12,,,1,70,,27483,12,,,1,30,,27490,12,,,1,70,,27469,12,,,1
20600,'11',740,,27493,12,,,1,70,,27515,12,,,1,30,,27512,12,,,1,70,,27506,12,,,1,30,,27495,12,,,1,70,,27504,12,,,1,30,,27507,12,,,1,70,,27518,12,,,1,30,,27496,12,,,1,70,,27498,12,,,1,30,,27508,12,,,1,70,,27509,12,,,1,30,,27502,12,,,1,70,,27511,12,,,1,30,,27510,12,,,1,70,,27497,12,,,1,30,,27494,12,,,1,70,,27513,12,,,1,30,,27500,12,,,1,70,,27516,12,,,1,30,,27503,12,,,1,70,,27514,12,,,1,30,,27505,12,,,1,70,,27501,12,,,1,30,,27499,12,,,1,70,,27517,12,,,1
20600,'2',1817,,27521,12,,,1,30,,27528,12,,,1,70,,27526,12,,,1,30,,27522,12,,,1,70,,27519,12,,,1,30,,27525,12,,,1,70,,27520,12,,,1,30,,27527,12,,,1,70,,27524,12,,,1,30,,27523,12,,,1
20600,'3',1817,,27532,12,,,1,30,,27530,12,,,1,70,,27533,12,,,1,30,,27535,12,,,1,70,,27531,12,,,1,30,,27537,12,,,1,70,,27536,12,,,1,30,,27529,12,,,1,70,,27534,12,,,1,30,,27538,12,,,1
20600,'4',1817,,27539,12,,,1,30,,27547,12,,,1,70,,27541,12,,,1,30,,27544,12,,,1,70,,27543,12,,,1,30,,27546,12,,,1,70,,27545,12,,,1,30,,27548,12,,,1,70,,27540,12,,,1,30,,27542,12,,,1
20600,'5',1817,,27550,12,,,1,30,,27555,12,,,1,70,,27558,12,,,1,30,,27549,12,,,1,70,,27551,12,,,1,30,,27556,12,,,1,70,,27554,12,,,1,30,,27552,12,,,1,70,,27557,12,,,1,30,,27553,12,,,1
20600,'6',740,,27575,12,,,1,70,,27571,12,,,1,30,,27579,12,,,1,70,,27584,12,,,1,30,,27562,12,,,1,70,,27578,12,,,1,30,,27566,12,,,1,70,,27570,12,,,1,30,,27563,12,,,1,70,,27559,12,,,1,30,,27582,12,,,1,70,,27560,12,,,1,30,,27567,12,,,1,70,,27577,12,,,1,30,,27561,12,,,1,70,,27583,12,,,1,30,,27574,12,,,1,70,,27573,12,,,1,30,,27564,12,,,1,70,,27581,12,,,1,30,,27572,12,,,1,70,,27565,12,,,1,30,,27569,12,,,1,70,,27568,12,,,1,30,,27580,12,,,1,70,,27576,12,,,1
20600,'7',1817,,27586,12,,,1,30,,27589,12,,,1,70,,27591,12,,,1,30,,27593,12,,,1,70,,27592,12,,,1,30,,27588,12,,,1,70,,27585,12,,,1,30,,27590,12,,,1,70,,27594,12,,,1,30,,27587,12,,,1
20600,'8',1817,,27601,12,,,1,30,,27596,12,,,1,70,,27600,12,,,1,30,,27595,12,,,1,70,,27604,12,,,1,30,,27598,12,,,1,70,,27603,12,,,1,30,,27599,12,,,1,70,,27602,12,,,1,30,,27597,12,,,1
20600,'9',1817,,27608,12,,,1,30,,27611,12,,,1,70,,27614,12,,,1,30,,27607,12,,,1,70,,27609,12,,,1,30,,27613,12,,,1,70,,27610,12,,,1,30,,27605,12,,,1,70,,27612,12,,,1,30,,27606,12,,,1
