10100,'1',709,,19742,17,,,1,30,,19743,17,,,1,70,,19746,17,,,1,30,,19744,17,,,1,70,,19757,17,,,1,30,,19748,17,,,1,70,,19756,17,,,1,100,,19758,17,,,1,100,,19751,17,,,1,100,,19749,17,,,1,100,,19750,17,,,1,100,,19745,17,,,1,30,,19755,17,,,1,70,,19753,17,,,1,30,,19759,17,,,1,70,,19747,17,,,1,30,,19754,17,,,1,70,,19752,17,,,1
10100,'2',709,,19776,17,,,1,30,,19773,17,,,1,70,,19772,17,,,1,30,,19767,17,,,1,70,,19766,17,,,1,30,,19760,17,,,1,70,,19768,17,,,1,100,,19761,17,,,1,100,,19774,17,,,1,100,,19762,17,,,1,100,,19763,17,,,1,100,,19777,17,,,1,30,,19765,17,,,1,70,,19771,17,,,1,30,,19769,17,,,1,70,,19764,17,,,1,30,,19775,17,,,1,70,,19770,17,,,1
10100,'3',709,,19793,17,,,1,30,,19780,17,,,1,70,,19785,17,,,1,30,,19783,17,,,1,70,,19789,17,,,1,30,,19788,17,,,1,70,,19795,17,,,1,100,,19792,17,,,1,100,,19778,17,,,1,100,,19781,17,,,1,100,,19784,17,,,1,100,,19787,17,,,1,30,,19794,17,,,1,70,,19779,17,,,1,30,,19791,17,,,1,70,,19782,17,,,1,30,,19790,17,,,1,70,,19786,17,,,1
10100,'4',709,,19808,17,,,1,30,,19807,17,,,1,70,,19812,17,,,1,30,,19799,17,,,1,70,,19805,17,,,1,30,,19797,17,,,1,70,,19803,17,,,1,100,,19800,17,,,1,100,,19810,17,,,1,100,,19806,17,,,1,100,,19798,17,,,1,100,,19813,17,,,1,30,,19802,17,,,1,70,,19796,17,,,1,30,,19809,17,,,1,70,,19801,17,,,1,30,,19804,17,,,1,70,,19811,17,,,1
10100,'5',709,,19815,17,,,1,30,,19831,17,,,1,70,,19816,17,,,1,30,,19825,17,,,1,70,,19827,17,,,1,30,,19828,17,,,1,70,,19824,17,,,1,100,,19818,17,,,1,100,,19826,17,,,1,100,,19817,17,,,1,100,,19820,17,,,1,100,,19822,17,,,1,30,,19830,17,,,1,70,,19819,17,,,1,30,,19823,17,,,1,70,,19814,17,,,1,30,,19829,17,,,1,70,,19821,17,,,1
10100,'7',709,,19832,17,,,1,30,,19845,17,,,1,70,,19843,17,,,1,30,,19839,17,,,1,70,,19841,17,,,1,30,,19836,17,,,1,70,,19833,17,,,1,100,,19847,17,,,1,100,,19834,17,,,1,100,,19849,17,,,1,100,,19842,17,,,1,100,,19844,17,,,1,30,,19848,17,,,1,70,,19837,17,,,1,30,,19835,17,,,1,70,,19840,17,,,1,30,,19838,17,,,1,70,,19846,17,,,1
10100,'8',709,,19862,17,,,1,30,,19851,17,,,1,70,,19852,17,,,1,30,,19866,17,,,1,70,,19864,17,,,1,30,,19860,17,,,1,70,,19850,17,,,1,100,,19867,17,,,1,100,,19856,17,,,1,100,,19858,17,,,1,100,,19859,17,,,1,100,,19853,17,,,1,30,,19855,17,,,1,70,,19863,17,,,1,30,,19854,17,,,1,70,,19861,17,,,1,30,,19865,17,,,1,70,,19857,17,,,1
10100,'9',709,,19875,17,,,1,30,,19870,17,,,1,70,,19878,17,,,1,30,,19877,17,,,1,70,,19868,17,,,1,30,,19876,17,,,1,70,,19884,17,,,1,100,,19881,17,,,1,100,,19883,17,,,1,100,,19879,17,,,1,100,,19871,17,,,1,100,,19872,17,,,1,30,,19882,17,,,1,70,,19880,17,,,1,30,,19873,17,,,1,70,,19874,17,,,1,30,,19885,17,,,1,70,,19869,17,,,1
11100,'1',607,,23841,12,,,1,30,,23848,12,,,1,70,,23853,12,,,1,30,,23835,12,,,1,70,,23840,12,,,1,30,,23845,12,,,1,70,,23843,12,,,1,30,,23838,12,,,1,70,,23831,12,,,1,30,,23839,12,,,1,70,,23850,12,,,1,30,,23851,12,,,1,70,,23844,12,,,1,30,,23834,12,,,1,70,,23847,12,,,1,30,,23832,12,,,1,70,,23836,12,,,1,30,,18733,12,,,1,70,,23852,12,,,1,30,,23837,12,,,1,70,,18504,12,,,1,30,,23849,12,,,1,70,,23842,12,,,1,30,,23833,12,,,1,70,,23830,12,,,1,30,,23846,12,,,1
11100,'2',607,,16031,12,,,1,30,,23858,12,,,1,70,,23873,12,,,1,30,,23856,12,,,1,70,,23862,12,,,1,30,,23877,12,,,1,70,,23874,12,,,1,30,,23864,12,,,1,70,,23875,12,,,1,30,,23870,12,,,1,70,,23868,12,,,1,30,,23865,12,,,1,70,,23869,12,,,1,30,,23857,12,,,1,70,,23860,12,,,1,30,,23855,12,,,1,70,,23872,12,,,1,30,,23867,12,,,1,70,,23854,12,,,1,30,,23859,12,,,1,70,,23863,12,,,1,30,,23876,12,,,1,70,,18688,12,,,1,30,,23866,12,,,1,70,,23871,12,,,1,30,,23861,12,,,1
11100,'3',607,,23903,12,,,1,30,,23881,12,,,1,70,,23899,12,,,1,30,,23879,12,,,1,70,,23900,12,,,1,30,,23902,12,,,1,70,,23901,12,,,1,30,,23896,12,,,1,70,,23887,12,,,1,30,,23897,12,,,1,70,,23891,12,,,1,30,,23885,12,,,1,70,,23878,12,,,1,30,,23888,12,,,1,70,,23893,12,,,1,30,,23882,12,,,1,70,,23892,12,,,1,30,,23889,12,,,1,70,,23880,12,,,1,30,,23884,12,,,1,70,,23883,12,,,1,30,,23895,12,,,1,70,,23890,12,,,1,30,,23894,12,,,1,70,,23898,12,,,1,30,,23886,12,,,1
11100,'4',607,,23918,12,,,1,30,,23911,12,,,1,70,,23915,12,,,1,30,,23906,12,,,1,70,,23929,12,,,1,30,,23919,12,,,1,70,,23912,12,,,1,30,,23917,12,,,1,70,,23910,12,,,1,30,,23925,12,,,1,70,,23907,12,,,1,30,,23924,12,,,1,70,,23909,12,,,1,30,,23927,12,,,1,70,,23926,12,,,1,30,,23908,12,,,1,70,,23905,12,,,1,30,,23904,12,,,1,70,,23913,12,,,1,30,,23916,12,,,1,70,,23923,12,,,1,30,,23920,12,,,1,70,,23921,12,,,1,30,,23914,12,,,1,70,,23928,12,,,1,30,,23922,12,,,1
11100,'5',607,,23945,12,,,1,30,,23950,12,,,1,70,,23931,12,,,1,30,,23938,12,,,1,70,,23939,12,,,1,30,,23953,12,,,1,70,,23951,12,,,1,30,,23946,12,,,1,70,,23948,12,,,1,30,,23935,12,,,1,70,,23942,12,,,1,30,,23940,12,,,1,70,,23954,12,,,1,30,,23944,12,,,1,70,,23934,12,,,1,30,,23947,12,,,1,70,,23943,12,,,1,30,,23952,12,,,1,70,,23949,12,,,1,30,,23955,12,,,1,70,,23930,12,,,1,30,,23932,12,,,1,70,,23936,12,,,1,30,,23941,12,,,1,70,,23937,12,,,1,30,,23933,12,,,1
11100,'7',607,,23964,12,,,1,30,,23981,12,,,1,70,,23965,12,,,1,30,,23971,12,,,1,70,,23960,12,,,1,30,,23967,12,,,1,70,,23961,12,,,1,30,,23958,12,,,1,70,,23956,12,,,1,30,,23969,12,,,1,70,,23962,12,,,1,30,,23980,12,,,1,70,,23977,12,,,1,30,,23959,12,,,1,70,,23974,12,,,1,30,,23973,12,,,1,70,,23979,12,,,1,30,,23978,12,,,1,70,,23966,12,,,1,30,,23970,12,,,1,70,,23972,12,,,1,30,,23975,12,,,1,70,,23968,12,,,1,30,,23976,12,,,1,70,,23963,12,,,1,30,,23957,12,,,1
11100,'8',607,,23997,12,,,1,30,,23996,12,,,1,70,,23995,12,,,1,30,,23988,12,,,1,70,,23993,12,,,1,30,,23983,12,,,1,70,,23992,12,,,1,30,,24004,12,,,1,70,,24003,12,,,1,30,,23984,12,,,1,70,,24006,12,,,1,30,,23994,12,,,1,70,,24007,12,,,1,30,,24002,12,,,1,70,,24005,12,,,1,30,,23998,12,,,1,70,,23985,12,,,1,30,,24001,12,,,1,70,,23990,12,,,1,30,,23987,12,,,1,70,,23999,12,,,1,30,,24000,12,,,1,70,,23982,12,,,1,30,,23989,12,,,1,70,,23991,12,,,1,30,,23986,12,,,1
11100,'9',607,,24019,12,,,1,30,,24018,12,,,1,70,,24014,12,,,1,30,,24022,12,,,1,70,,24027,12,,,1,30,,24033,12,,,1,70,,24016,12,,,1,30,,24020,12,,,1,70,,24015,12,,,1,30,,24017,12,,,1,70,,24013,12,,,1,30,,24026,12,,,1,70,,24023,12,,,1,30,,24011,12,,,1,70,,24021,12,,,1,30,,24012,12,,,1,70,,24030,12,,,1,30,,24008,12,,,1,70,,24009,12,,,1,30,,24024,12,,,1,70,,24032,12,,,1,30,,24029,12,,,1,70,,24031,12,,,1,30,,24010,12,,,1,70,,24028,12,,,1,30,,24025,12,,,1
20300,'1',1907,,26519,13,,,1,30,,26514,13,,,1,70,,26516,13,,,1,30,,19313,13,,,1,70,,26513,13,,,1,30,,26517,13,,,1,70,,26515,13,,,1,30,,26512,13,,,1,70,,26518,13,,,1
20300,'10',737,,26525,13,,,1,70,,26536,13,,,1,30,,26521,13,,,1,70,,26546,13,,,1,30,,26545,13,,,1,70,,26529,13,,,1,30,,26544,13,,,1,70,,26526,13,,,1,30,,26530,13,,,1,70,,26531,13,,,1,30,,26528,13,,,1,70,,26537,13,,,1,30,,26523,13,,,1,70,,26527,13,,,1,30,,26520,13,,,1,70,,26542,13,,,1,30,,26524,13,,,1,70,,26533,13,,,1,30,,26540,13,,,1,70,,26522,13,,,1,30,,26538,13,,,1,70,,26532,13,,,1,30,,26543,13,,,1,70,,26534,13,,,1,30,,26535,13,,,1,70,,26541,13,,,1,30,,26539,13,,,1
20300,'11',737,,26571,13,,,1,70,,26558,13,,,1,30,,26572,13,,,1,70,,26553,13,,,1,30,,26573,13,,,1,70,,26547,13,,,1,30,,26561,13,,,1,70,,26560,13,,,1,30,,26569,13,,,1,70,,26549,13,,,1,30,,26566,13,,,1,70,,26554,13,,,1,30,,26550,13,,,1,70,,26551,13,,,1,30,,26556,13,,,1,70,,26548,13,,,1,30,,26564,13,,,1,70,,26563,13,,,1,30,,26559,13,,,1,70,,26555,13,,,1,30,,26562,13,,,1,70,,26552,13,,,1,30,,26557,13,,,1,70,,26567,13,,,1,30,,26565,13,,,1,70,,26570,13,,,1,30,,26568,13,,,1
20300,'2',1907,,26581,13,,,1,30,,26575,13,,,1,70,,26580,13,,,1,30,,26578,13,,,1,70,,26582,13,,,1,30,,26579,13,,,1,70,,26576,13,,,1,30,,26574,13,,,1,70,,26577,13,,,1
20300,'3',1907,,26585,13,,,1,30,,26589,13,,,1,70,,26586,13,,,1,30,,26590,13,,,1,70,,26583,13,,,1,30,,26591,13,,,1,70,,26584,13,,,1,30,,26587,13,,,1,70,,26588,13,,,1
20300,'4',1907,,26598,13,,,1,30,,26592,13,,,1,70,,26594,13,,,1,30,,26595,13,,,1,70,,26599,13,,,1,30,,26597,13,,,1,70,,26600,13,,,1,30,,26596,13,,,1,70,,26593,13,,,1
20300,'5',1907,,26607,13,,,1,30,,26601,13,,,1,70,,26606,13,,,1,30,,26604,13,,,1,70,,26609,13,,,1,30,,26605,13,,,1,70,,26602,13,,,1,30,,26603,13,,,1,70,,26608,13,,,1
20300,'6',737,,26622,13,,,1,70,,26636,13,,,1,30,,26628,13,,,1,70,,26621,13,,,1,30,,26616,13,,,1,70,,26618,13,,,1,30,,26619,13,,,1,70,,26624,13,,,1,30,,26611,13,,,1,70,,26625,13,,,1,30,,26617,13,,,1,70,,26633,13,,,1,30,,26614,13,,,1,70,,26610,13,,,1,30,,26630,13,,,1,70,,26612,13,,,1,30,,26634,13,,,1,70,,26623,13,,,1,30,,26627,13,,,1,70,,26615,13,,,1,30,,26631,13,,,1,70,,26635,13,,,1,30,,26620,13,,,1,70,,26626,13,,,1,30,,26632,13,,,1,70,,26629,13,,,1,30,,26613,13,,,1
20300,'7',1907,,26637,13,,,1,30,,26643,13,,,1,70,,26638,13,,,1,30,,26644,13,,,1,70,,26640,13,,,1,30,,26641,13,,,1,70,,26645,13,,,1,30,,26642,13,,,1,70,,26639,13,,,1
20300,'8',1907,,26650,13,,,1,30,,26652,13,,,1,70,,26649,13,,,1,30,,26654,13,,,1,70,,26646,13,,,1,30,,26648,13,,,1,70,,26651,13,,,1,30,,26647,13,,,1,70,,26653,13,,,1
20300,'9',1907,,26656,13,,,1,30,,26657,13,,,1,70,,26658,13,,,1,30,,26663,13,,,1,70,,26661,13,,,1,30,,26655,13,,,1,70,,26659,13,,,1,30,,26662,13,,,1,70,,26660,13,,,1
21100,'1',1907,,28653,12,,,1,30,,28657,12,,,1,70,,28658,12,,,1,30,,18236,12,,,1,70,,28652,12,,,1,30,,28651,12,,,1,70,,28656,12,,,1,30,,28655,12,,,1,70,,28654,12,,,1
21100,'10',737,,28668,12,,,1,70,,28660,12,,,1,30,,28665,12,,,1,70,,28680,12,,,1,30,,28671,12,,,1,70,,28669,12,,,1,30,,28672,12,,,1,70,,19674,12,,,1,30,,28679,12,,,1,70,,28682,12,,,1,30,,28664,12,,,1,70,,28674,12,,,1,30,,28661,12,,,1,70,,28662,12,,,1,30,,28676,12,,,1,70,,28675,12,,,1,30,,28681,12,,,1,70,,28673,12,,,1,30,,28670,12,,,1,70,,28667,12,,,1,30,,28677,12,,,1,70,,28683,12,,,1,30,,19537,12,,,1,70,,28659,12,,,1,30,,28663,12,,,1,70,,28666,12,,,1,30,,28678,12,,,1
21100,'11',737,,28685,12,,,1,70,,28698,12,,,1,30,,28696,12,,,1,70,,28703,12,,,1,30,,28707,12,,,1,70,,28693,12,,,1,30,,28697,12,,,1,70,,28686,12,,,1,30,,28691,12,,,1,70,,28709,12,,,1,30,,28702,12,,,1,70,,28689,12,,,1,30,,28694,12,,,1,70,,28688,12,,,1,30,,28700,12,,,1,70,,28684,12,,,1,30,,28687,12,,,1,70,,28701,12,,,1,30,,28695,12,,,1,70,,28690,12,,,1,30,,28710,12,,,1,70,,28699,12,,,1,30,,28706,12,,,1,70,,28704,12,,,1,30,,28705,12,,,1,70,,28708,12,,,1,30,,28692,12,,,1
21100,'2',1907,,28716,12,,,1,30,,28718,12,,,1,70,,28719,12,,,1,30,,28711,12,,,1,70,,28712,12,,,1,30,,28715,12,,,1,70,,28717,12,,,1,30,,28714,12,,,1,70,,28713,12,,,1
21100,'3',1907,,28727,12,,,1,30,,28728,12,,,1,70,,28721,12,,,1,30,,28724,12,,,1,70,,28723,12,,,1,30,,28725,12,,,1,70,,28720,12,,,1,30,,28726,12,,,1,70,,28722,12,,,1
21100,'4',1907,,28729,12,,,1,30,,28731,12,,,1,70,,28732,12,,,1,30,,28734,12,,,1,70,,28730,12,,,1,30,,28733,12,,,1,70,,28736,12,,,1,30,,28735,12,,,1,70,,28737,12,,,1
21100,'5',1907,,28742,12,,,1,30,,28739,12,,,1,70,,28745,12,,,1,30,,28740,12,,,1,70,,28744,12,,,1,30,,28738,12,,,1,70,,28741,12,,,1,30,,28743,12,,,1,70,,28746,12,,,1
21100,'6',737,,28772,12,,,1,70,,28760,12,,,1,30,,28753,12,,,1,70,,28769,12,,,1,30,,28762,12,,,1,70,,28767,12,,,1,30,,28757,12,,,1,70,,28768,12,,,1,30,,28750,12,,,1,70,,28765,12,,,1,30,,28761,12,,,1,70,,28771,12,,,1,30,,28763,12,,,1,70,,28770,12,,,1,30,,28756,12,,,1,70,,28755,12,,,1,30,,28749,12,,,1,70,,28752,12,,,1,30,,28759,12,,,1,70,,28764,12,,,1,30,,28766,12,,,1,70,,28773,12,,,1,30,,28758,12,,,1,70,,28748,12,,,1,30,,28754,12,,,1,70,,28751,12,,,1,30,,28747,12,,,1
21100,'7',1907,,28777,12,,,1,30,,28782,12,,,1,70,,28780,12,,,1,30,,28779,12,,,1,70,,28775,12,,,1,30,,28774,12,,,1,70,,28778,12,,,1,30,,28776,12,,,1,70,,28781,12,,,1
21100,'8',1907,,28786,12,,,1,30,,28787,12,,,1,70,,28790,12,,,1,30,,28789,12,,,1,70,,28788,12,,,1,30,,28791,12,,,1,70,,28784,12,,,1,30,,28783,12,,,1,70,,28785,12,,,1
21100,'9',1907,,28792,12,,,1,30,,28796,12,,,1,70,,28795,12,,,1,30,,28798,12,,,1,70,,28799,12,,,1,30,,28794,12,,,1,70,,28800,12,,,1,30,,28797,12,,,1,70,,28793,12,,,1
