11600,'1',640,,25805,6,,,1,70,,25771,6,,,1,30,,19042,6,,,1,70,,17594,6,,,1,30,,25808,6,,,1,70,,25777,6,,,1,30,,25807,6,,,1,70,,25810,6,,,1,30,,25774,6,,,1,70,,25811,6,,,1,30,,25781,6,,,1,70,,25789,6,,,1,30,,25798,6,,,1,70,,25799,6,,,1,30,,25790,6,,,1,70,,25804,6,,,1,30,,25792,6,,,1,70,,25784,6,,,1,30,,25802,6,,,1,70,,25785,6,,,1,30,,25768,6,,,1,70,,25783,6,,,1,30,,25797,6,,,1
11600,'2',640,,25816,6,,,1,70,,14960,6,,,1,30,,25837,6,,,1,70,,25826,6,,,1,30,,25813,6,,,1,70,,25845,6,,,1,30,,25828,6,,,1,70,,25815,6,,,1,30,,25819,6,,,1,70,,25834,6,,,1,30,,25843,6,,,1,70,,25847,6,,,1,30,,25856,6,,,1,70,,25853,6,,,1,30,,25824,6,,,1,70,,25836,6,,,1,30,,25820,6,,,1,70,,25833,6,,,1,30,,25812,6,,,1,70,,25855,6,,,1,30,,25839,6,,,1,70,,25838,6,,,1,30,,25818,6,,,1
11600,'3',640,,25888,6,,,1,70,,25885,6,,,1,30,,25902,6,,,1,70,,25893,6,,,1,30,,25864,6,,,1,70,,25899,6,,,1,30,,25897,6,,,1,70,,25900,6,,,1,30,,25887,6,,,1,70,,25859,6,,,1,30,,25866,6,,,1,70,,25884,6,,,1,30,,25865,6,,,1,70,,25901,6,,,1,30,,25868,6,,,1,70,,25860,6,,,1,30,,25898,6,,,1,70,,25870,6,,,1,30,,25873,6,,,1,70,,25890,6,,,1,30,,25889,6,,,1,70,,25879,6,,,1,30,,25874,6,,,1
11600,'4',640,,25919,6,,,1,70,,25909,6,,,1,30,,25904,6,,,1,70,,25929,6,,,1,30,,25922,6,,,1,70,,25938,6,,,1,30,,25946,6,,,1,70,,25944,6,,,1,30,,25925,6,,,1,70,,25923,6,,,1,30,,25932,6,,,1,70,,25910,6,,,1,30,,25905,6,,,1,70,,25927,6,,,1,30,,25933,6,,,1,70,,25941,6,,,1,30,,25937,6,,,1,70,,25918,6,,,1,30,,25908,6,,,1,70,,25930,6,,,1,30,,25934,6,,,1,70,,25921,6,,,1,30,,25942,6,,,1
11600,'5',640,,25988,6,,,1,70,,25950,6,,,1,30,,25969,6,,,1,70,,25989,6,,,1,30,,25966,6,,,1,70,,25963,6,,,1,30,,25994,6,,,1,70,,25979,6,,,1,30,,25962,6,,,1,70,,25972,6,,,1,30,,25975,6,,,1,70,,25971,6,,,1,30,,25952,6,,,1,70,,25991,6,,,1,30,,25974,6,,,1,70,,25978,6,,,1,30,,25986,6,,,1,70,,25980,6,,,1,30,,25985,6,,,1,70,,25951,6,,,1,30,,25953,6,,,1,70,,25965,6,,,1,30,,25970,6,,,1
11600,'7',640,,26021,6,,,1,70,,26032,6,,,1,30,,26010,6,,,1,70,,26036,6,,,1,30,,26033,6,,,1,70,,26013,6,,,1,30,,26001,6,,,1,70,,26026,6,,,1,30,,26025,6,,,1,70,,26018,6,,,1,30,,26020,6,,,1,70,,26028,6,,,1,30,,26037,6,,,1,70,,26007,6,,,1,30,,26004,6,,,1,70,,26034,6,,,1,30,,26029,6,,,1,70,,26040,6,,,1,30,,26030,6,,,1,70,,25997,6,,,1,30,,26012,6,,,1,70,,26002,6,,,1,30,,26003,6,,,1
11600,'8',640,,26048,6,,,1,70,,26079,6,,,1,30,,26069,6,,,1,70,,26065,6,,,1,30,,26041,6,,,1,70,,26083,6,,,1,30,,26078,6,,,1,70,,26059,6,,,1,30,,26046,6,,,1,70,,26053,6,,,1,30,,26067,6,,,1,70,,26077,6,,,1,30,,26074,6,,,1,70,,26058,6,,,1,30,,26072,6,,,1,70,,26042,6,,,1,30,,26084,6,,,1,70,,26080,6,,,1,30,,26070,6,,,1,70,,26061,6,,,1,30,,26075,6,,,1,70,,26068,6,,,1,30,,26082,6,,,1
11600,'9',640,,26114,6,,,1,70,,26094,6,,,1,30,,26123,6,,,1,70,,26128,6,,,1,30,,26113,6,,,1,70,,26101,6,,,1,30,,26118,6,,,1,70,,26087,6,,,1,30,,26099,6,,,1,70,,26089,6,,,1,30,,26109,6,,,1,70,,26126,6,,,1,30,,26117,6,,,1,70,,26110,6,,,1,30,,26105,6,,,1,70,,26092,6,,,1,30,,26124,6,,,1,70,,26132,6,,,1,30,,26121,6,,,1,70,,26096,6,,,1,30,,26088,6,,,1,70,,26098,6,,,1,30,,26115,6,,,1
21600,'1',1810,,29404,6,,,1,30,,29411,6,,,1,70,,29393,6,,,1,30,,29389,6,,,1,70,,29391,6,,,1,30,,29408,6,,,1,70,,29396,6,,,1,30,,29402,6,,,1,70,,29405,6,,,1,30,,29399,6,,,1,70,,29394,6,,,1,30,,29412,6,,,1
21600,'10',710,,29434,6,,,1,30,,29443,6,,,1,70,,29436,6,,,1,30,,29458,6,,,1,70,,29437,6,,,1,30,,29433,6,,,1,70,,29422,6,,,1,30,,29466,6,,,1,70,,29459,6,,,1,30,,29420,6,,,1,70,,29425,6,,,1,30,,29456,6,,,1,70,,29431,6,,,1,30,,29435,6,,,1,70,,29464,6,,,1,30,,29439,6,,,1,70,,19714,6,,,1,30,,29461,6,,,1,70,,29418,6,,,1,30,,29428,6,,,1,70,,29467,6,,,1,30,,29423,6,,,1,70,,29460,6,,,1,30,,29450,6,,,1,70,,29457,6,,,1,30,,29413,6,,,1,70,,29414,6,,,1,30,,29426,6,,,1,70,,29448,6,,,1
21600,'11',710,,29472,6,,,1,30,,29475,6,,,1,70,,29514,6,,,1,30,,29520,6,,,1,70,,29471,6,,,1,30,,29519,6,,,1,70,,29483,6,,,1,30,,29479,6,,,1,70,,29477,6,,,1,30,,29524,6,,,1,70,,29523,6,,,1,30,,29487,6,,,1,70,,29488,6,,,1,30,,29499,6,,,1,70,,29521,6,,,1,30,,29512,6,,,1,70,,29503,6,,,1,30,,29492,6,,,1,70,,29525,6,,,1,30,,29500,6,,,1,70,,29484,6,,,1,30,,29478,6,,,1,70,,29506,6,,,1,30,,29505,6,,,1,70,,29507,6,,,1,30,,29494,6,,,1,70,,29482,6,,,1,30,,29497,6,,,1,70,,29509,6,,,1
21600,'2',1810,,29540,6,,,1,30,,29544,6,,,1,70,,29537,6,,,1,30,,29528,6,,,1,70,,29535,6,,,1,30,,29534,6,,,1,70,,29538,6,,,1,30,,29545,6,,,1,70,,29531,6,,,1,30,,29533,6,,,1,70,,29547,6,,,1,30,,29541,6,,,1
21600,'3',1810,,29562,6,,,1,30,,29551,6,,,1,70,,29558,6,,,1,30,,29550,6,,,1,70,,29549,6,,,1,30,,29552,6,,,1,70,,29571,6,,,1,30,,29555,6,,,1,70,,29554,6,,,1,30,,29569,6,,,1,70,,29570,6,,,1,30,,29559,6,,,1
21600,'4',1810,,29582,6,,,1,30,,29595,6,,,1,70,,29584,6,,,1,30,,29588,6,,,1,70,,29593,6,,,1,30,,29575,6,,,1,70,,29591,6,,,1,30,,29589,6,,,1,70,,29580,6,,,1,30,,29579,6,,,1,70,,29574,6,,,1,30,,29585,6,,,1
21600,'5',1810,,29601,6,,,1,30,,29604,6,,,1,70,,29606,6,,,1,30,,29619,6,,,1,70,,29603,6,,,1,30,,29600,6,,,1,70,,29612,6,,,1,30,,29609,6,,,1,70,,29614,6,,,1,30,,29598,6,,,1,70,,29608,6,,,1,30,,29618,6,,,1
21600,'6',710,,29671,6,,,1,30,,29667,6,,,1,70,,29653,6,,,1,30,,29664,6,,,1,70,,29638,6,,,1,30,,29639,6,,,1,70,,29673,6,,,1,30,,29658,6,,,1,70,,29629,6,,,1,30,,29676,6,,,1,70,,29632,6,,,1,30,,29637,6,,,1,70,,29654,6,,,1,30,,29670,6,,,1,70,,29636,6,,,1,30,,29622,6,,,1,70,,29623,6,,,1,30,,29661,6,,,1,70,,29621,6,,,1,30,,29652,6,,,1,70,,29647,6,,,1,30,,29657,6,,,1,70,,29642,6,,,1,30,,29668,6,,,1,70,,29665,6,,,1,30,,29627,6,,,1,70,,29659,6,,,1,30,,29672,6,,,1,70,,29646,6,,,1
21600,'7',1810,,29690,6,,,1,30,,29696,6,,,1,70,,29684,6,,,1,30,,29698,6,,,1,70,,29699,6,,,1,30,,29702,6,,,1,70,,29693,6,,,1,30,,29681,6,,,1,70,,29700,6,,,1,30,,29679,6,,,1,70,,29683,6,,,1,30,,29680,6,,,1
21600,'8',1810,,29713,6,,,1,30,,29706,6,,,1,70,,29725,6,,,1,30,,29722,6,,,1,70,,29724,6,,,1,30,,29711,6,,,1,70,,29703,6,,,1,30,,29716,6,,,1,70,,29704,6,,,1,30,,29714,6,,,1,70,,29720,6,,,1,30,,29710,6,,,1
21600,'9',1810,,29741,6,,,1,30,,29747,6,,,1,70,,29730,6,,,1,30,,29729,6,,,1,70,,29732,6,,,1,30,,29738,6,,,1,70,,29737,6,,,1,30,,29739,6,,,1,70,,29731,6,,,1,30,,29734,6,,,1,70,,29745,6,,,1,30,,29735,6,,,1
