11601,'1',614,,26176,13,0,9 3 10 16,1,30,,26150,13,0,9 3 10 16,1,70,,26158,13,0,9 3 10 16,1,30,,26170,13,0,9 3 10 16,1,70,,18245,13,0,9 3 10 16,1,30,,26144,13,0,9 3 10 16,1,70,,26173,13,0,9 3 10 16,1,30,,26135,13,0,9 3 10 16,1,70,,26136,13,0,9 3 10 16,1,30,,26161,13,0,9 3 10 16,1,70,,26160,13,0,9 3 10 16,1,30,,26155,13,0,9 3 10 16,1,70,,26137,13,0,9 3 10 16,1,30,,26174,13,0,9 3 10 16,1,70,,26143,13,0,9 3 10 16,1,30,,26172,13,0,9 3 10 16,1,70,,26148,13,0,9 3 10 16,1,30,,26142,13,0,9 3 10 16,1,70,,26157,13,0,9 3 10 16,1,30,,26162,13,0,9 3 10 16,1,70,,26154,13,0,9 3 10 16,1,30,,26168,13,0,9 3 10 16,1,70,,26163,13,0,9 3 10 16,1,30,,19734,13,0,9 3 10 16,1
11601,'2',614,,26218,13,0,9 3 10 16,1,30,,26192,13,0,9 3 10 16,1,70,,26223,13,0,9 3 10 16,1,30,,26219,13,0,9 3 10 16,1,70,,26188,13,0,9 3 10 16,1,30,,26193,13,0,9 3 10 16,1,70,,26214,13,0,9 3 10 16,1,30,,26208,13,0,9 3 10 16,1,70,,26182,13,0,9 3 10 16,1,30,,26217,13,0,9 3 10 16,1,70,,26178,13,0,9 3 10 16,1,30,,26215,13,0,9 3 10 16,1,70,,26221,13,0,9 3 10 16,1,30,,26194,13,0,9 3 10 16,1,70,,26186,13,0,9 3 10 16,1,30,,26195,13,0,9 3 10 16,1,70,,26203,13,0,9 3 10 16,1,30,,26211,13,0,9 3 10 16,1,70,,26189,13,0,9 3 10 16,1,30,,26213,13,0,9 3 10 16,1,70,,26181,13,0,9 3 10 16,1,30,,26212,13,0,9 3 10 16,1,70,,26198,13,0,9 3 10 16,1,30,,26185,13,0,9 3 10 16,1
11601,'3',614,,26226,13,0,9 3 10 16,1,30,,26268,13,0,9 3 10 16,1,70,,26227,13,0,9 3 10 16,1,30,,26251,13,0,9 3 10 16,1,70,,26266,13,0,9 3 10 16,1,30,,26244,13,0,9 3 10 16,1,70,,26256,13,0,9 3 10 16,1,30,,26264,13,0,9 3 10 16,1,70,,26254,13,0,9 3 10 16,1,30,,26271,13,0,9 3 10 16,1,70,,26260,13,0,9 3 10 16,1,30,,26252,13,0,9 3 10 16,1,70,,26224,13,0,9 3 10 16,1,30,,26237,13,0,9 3 10 16,1,70,,26232,13,0,9 3 10 16,1,30,,26267,13,0,9 3 10 16,1,70,,26259,13,0,9 3 10 16,1,30,,26258,13,0,9 3 10 16,1,70,,26253,13,0,9 3 10 16,1,30,,26249,13,0,9 3 10 16,1,70,,26243,13,0,9 3 10 16,1,30,,26257,13,0,9 3 10 16,1,70,,26228,13,0,9 3 10 16,1,30,,26262,13,0,9 3 10 16,1
11601,'4',614,,26272,13,0,9 3 10 16,1,30,,26300,13,0,9 3 10 16,1,70,,26294,13,0,9 3 10 16,1,30,,26291,13,0,9 3 10 16,1,70,,26309,13,0,9 3 10 16,1,30,,26312,13,0,9 3 10 16,1,70,,26285,13,0,9 3 10 16,1,30,,26315,13,0,9 3 10 16,1,70,,26313,13,0,9 3 10 16,1,30,,26306,13,0,9 3 10 16,1,70,,26318,13,0,9 3 10 16,1,30,,26308,13,0,9 3 10 16,1,70,,26289,13,0,9 3 10 16,1,30,,26288,13,0,9 3 10 16,1,70,,26273,13,0,9 3 10 16,1,30,,26317,13,0,9 3 10 16,1,70,,26293,13,0,9 3 10 16,1,30,,26319,13,0,9 3 10 16,1,70,,26286,13,0,9 3 10 16,1,30,,26292,13,0,9 3 10 16,1,70,,26298,13,0,9 3 10 16,1,30,,26279,13,0,9 3 10 16,1,70,,26314,13,0,9 3 10 16,1,30,,26282,13,0,9 3 10 16,1
11601,'5',614,,26349,13,0,9 3 10 16,1,30,,26356,13,0,9 3 10 16,1,70,,26351,13,0,9 3 10 16,1,30,,26347,13,0,9 3 10 16,1,70,,26366,13,0,9 3 10 16,1,30,,26339,13,0,9 3 10 16,1,70,,26324,13,0,9 3 10 16,1,30,,26361,13,0,9 3 10 16,1,70,,26340,13,0,9 3 10 16,1,30,,26336,13,0,9 3 10 16,1,70,,26331,13,0,9 3 10 16,1,30,,26364,13,0,9 3 10 16,1,70,,26363,13,0,9 3 10 16,1,30,,26342,13,0,9 3 10 16,1,70,,26321,13,0,9 3 10 16,1,30,,26344,13,0,9 3 10 16,1,70,,26338,13,0,9 3 10 16,1,30,,26325,13,0,9 3 10 16,1,70,,26357,13,0,9 3 10 16,1,30,,26322,13,0,9 3 10 16,1,70,,26354,13,0,9 3 10 16,1,30,,26337,13,0,9 3 10 16,1,70,,26350,13,0,9 3 10 16,1,30,,26323,13,0,9 3 10 16,1
11601,'7',614,,26387,13,0,9 3 10 16,1,30,,26403,13,0,9 3 10 16,1,70,,26410,13,0,9 3 10 16,1,30,,26402,13,0,9 3 10 16,1,70,,26401,13,0,9 3 10 16,1,30,,26414,13,0,9 3 10 16,1,70,,26379,13,0,9 3 10 16,1,30,,26371,13,0,9 3 10 16,1,70,,26377,13,0,9 3 10 16,1,30,,26397,13,0,9 3 10 16,1,70,,26393,13,0,9 3 10 16,1,30,,26399,13,0,9 3 10 16,1,70,,26388,13,0,9 3 10 16,1,30,,26382,13,0,9 3 10 16,1,70,,26407,13,0,9 3 10 16,1,30,,26409,13,0,9 3 10 16,1,70,,26381,13,0,9 3 10 16,1,30,,26370,13,0,9 3 10 16,1,70,,26392,13,0,9 3 10 16,1,30,,26374,13,0,9 3 10 16,1,70,,26368,13,0,9 3 10 16,1,30,,26395,13,0,9 3 10 16,1,70,,26389,13,0,9 3 10 16,1,30,,26396,13,0,9 3 10 16,1
11601,'8',614,,26448,13,0,9 3 10 16,1,30,,26422,13,0,9 3 10 16,1,70,,26445,13,0,9 3 10 16,1,30,,26436,13,0,9 3 10 16,1,70,,26419,13,0,9 3 10 16,1,30,,26441,13,0,9 3 10 16,1,70,,26462,13,0,9 3 10 16,1,30,,26432,13,0,9 3 10 16,1,70,,26460,13,0,9 3 10 16,1,30,,26433,13,0,9 3 10 16,1,70,,26455,13,0,9 3 10 16,1,30,,26451,13,0,9 3 10 16,1,70,,26423,13,0,9 3 10 16,1,30,,26440,13,0,9 3 10 16,1,70,,26434,13,0,9 3 10 16,1,30,,26420,13,0,9 3 10 16,1,70,,26439,13,0,9 3 10 16,1,30,,26437,13,0,9 3 10 16,1,70,,26443,13,0,9 3 10 16,1,30,,26454,13,0,9 3 10 16,1,70,,26431,13,0,9 3 10 16,1,30,,26457,13,0,9 3 10 16,1,70,,26459,13,0,9 3 10 16,1,30,,26417,13,0,9 3 10 16,1
11601,'9',614,,26479,13,0,9 3 10 16,1,30,,26500,13,0,9 3 10 16,1,70,,26481,13,0,9 3 10 16,1,30,,26480,13,0,9 3 10 16,1,70,,26486,13,0,9 3 10 16,1,30,,26504,13,0,9 3 10 16,1,70,,26466,13,0,9 3 10 16,1,30,,26492,13,0,9 3 10 16,1,70,,26478,13,0,9 3 10 16,1,30,,26507,13,0,9 3 10 16,1,70,,26505,13,0,9 3 10 16,1,30,,26508,13,0,9 3 10 16,1,70,,26475,13,0,9 3 10 16,1,30,,26471,13,0,9 3 10 16,1,70,,26476,13,0,9 3 10 16,1,30,,26490,13,0,9 3 10 16,1,70,,26502,13,0,9 3 10 16,1,30,,26464,13,0,9 3 10 16,1,70,,26501,13,0,9 3 10 16,1,30,,26511,13,0,9 3 10 16,1,70,,26484,13,0,9 3 10 16,1,30,,26472,13,0,9 3 10 16,1,70,,26470,13,0,9 3 10 16,1,30,,26465,13,0,9 3 10 16,1
21601,'1',1814,,29753,13,0,9 3 10 16,1,30,,29769,13,0,9 3 10 16,1,70,,29764,13,0,9 3 10 16,1,30,,29759,13,0,9 3 10 16,1,70,,29762,13,0,9 3 10 16,1,30,,29765,13,0,9 3 10 16,1,70,,29760,13,0,9 3 10 16,1,30,,18110,13,0,9 3 10 16,1,70,,29756,13,0,9 3 10 16,1,30,,29751,13,0,9 3 10 16,1,70,,29755,13,0,9 3 10 16,1
21601,'10',644,,29788,13,0,9 3 10 16,1,70,,29802,13,0,9 3 10 16,1,30,,29774,13,0,9 3 10 16,1,70,,29812,13,0,9 3 10 16,1,30,,29825,13,0,9 3 10 16,1,70,,29796,13,0,9 3 10 16,1,30,,29775,13,0,9 3 10 16,1,70,,29797,13,0,9 3 10 16,1,30,,29823,13,0,9 3 10 16,1,70,,29781,13,0,9 3 10 16,1,30,,29805,13,0,9 3 10 16,1,70,,29776,13,0,9 3 10 16,1,30,,29814,13,0,9 3 10 16,1,70,,29827,13,0,9 3 10 16,1,30,,29810,13,0,9 3 10 16,1,70,,29773,13,0,9 3 10 16,1,30,,29790,13,0,9 3 10 16,1,70,,29809,13,0,9 3 10 16,1,30,,29824,13,0,9 3 10 16,1,70,,29777,13,0,9 3 10 16,1,30,,29826,13,0,9 3 10 16,1,70,,29785,13,0,9 3 10 16,1,30,,29807,13,0,9 3 10 16,1,70,,29804,13,0,9 3 10 16,1,30,,18981,13,0,9 3 10 16,1,70,,29779,13,0,9 3 10 16,1,30,,29786,13,0,9 3 10 16,1,70,,29808,13,0,9 3 10 16,1,30,,29822,13,0,9 3 10 16,1
21601,'11',644,,29877,13,0,9 3 10 16,1,70,,29860,13,0,9 3 10 16,1,30,,29853,13,0,9 3 10 16,1,70,,29874,13,0,9 3 10 16,1,30,,29850,13,0,9 3 10 16,1,70,,29867,13,0,9 3 10 16,1,30,,29849,13,0,9 3 10 16,1,70,,29852,13,0,9 3 10 16,1,30,,29882,13,0,9 3 10 16,1,70,,29857,13,0,9 3 10 16,1,30,,29868,13,0,9 3 10 16,1,70,,29880,13,0,9 3 10 16,1,30,,29836,13,0,9 3 10 16,1,70,,29844,13,0,9 3 10 16,1,30,,29866,13,0,9 3 10 16,1,70,,29871,13,0,9 3 10 16,1,30,,29859,13,0,9 3 10 16,1,70,,29875,13,0,9 3 10 16,1,30,,29873,13,0,9 3 10 16,1,70,,29864,13,0,9 3 10 16,1,30,,29838,13,0,9 3 10 16,1,70,,29851,13,0,9 3 10 16,1,30,,29870,13,0,9 3 10 16,1,70,,29884,13,0,9 3 10 16,1,30,,29856,13,0,9 3 10 16,1,70,,29876,13,0,9 3 10 16,1,30,,29831,13,0,9 3 10 16,1,70,,29886,13,0,9 3 10 16,1,30,,29841,13,0,9 3 10 16,1
21601,'2',1814,,29904,13,0,9 3 10 16,1,30,,29892,13,0,9 3 10 16,1,70,,29893,13,0,9 3 10 16,1,30,,29899,13,0,9 3 10 16,1,70,,29903,13,0,9 3 10 16,1,30,,29888,13,0,9 3 10 16,1,70,,29906,13,0,9 3 10 16,1,30,,29889,13,0,9 3 10 16,1,70,,29905,13,0,9 3 10 16,1,30,,29897,13,0,9 3 10 16,1,70,,29898,13,0,9 3 10 16,1
21601,'3',1814,,29913,13,0,9 3 10 16,1,30,,29926,13,0,9 3 10 16,1,70,,29911,13,0,9 3 10 16,1,30,,29910,13,0,9 3 10 16,1,70,,29919,13,0,9 3 10 16,1,30,,29923,13,0,9 3 10 16,1,70,,29927,13,0,9 3 10 16,1,30,,29909,13,0,9 3 10 16,1,70,,29914,13,0,9 3 10 16,1,30,,29915,13,0,9 3 10 16,1,70,,29917,13,0,9 3 10 16,1
21601,'4',1814,,29950,13,0,9 3 10 16,1,30,,29936,13,0,9 3 10 16,1,70,,29941,13,0,9 3 10 16,1,30,,29934,13,0,9 3 10 16,1,70,,29943,13,0,9 3 10 16,1,30,,29938,13,0,9 3 10 16,1,70,,29949,13,0,9 3 10 16,1,30,,29946,13,0,9 3 10 16,1,70,,29948,13,0,9 3 10 16,1,30,,29931,13,0,9 3 10 16,1,70,,29939,13,0,9 3 10 16,1
21601,'5',1814,,29959,13,0,9 3 10 16,1,30,,29958,13,0,9 3 10 16,1,70,,29961,13,0,9 3 10 16,1,30,,29969,13,0,9 3 10 16,1,70,,29965,13,0,9 3 10 16,1,30,,29968,13,0,9 3 10 16,1,70,,29964,13,0,9 3 10 16,1,30,,29955,13,0,9 3 10 16,1,70,,29971,13,0,9 3 10 16,1,30,,29962,13,0,9 3 10 16,1,70,,29972,13,0,9 3 10 16,1
21601,'6',644,,29990,13,0,9 3 10 16,1,70,,29985,13,0,9 3 10 16,1,30,,30008,13,0,9 3 10 16,1,70,,30003,13,0,9 3 10 16,1,30,,30002,13,0,9 3 10 16,1,70,,30014,13,0,9 3 10 16,1,30,,30028,13,0,9 3 10 16,1,70,,29986,13,0,9 3 10 16,1,30,,29994,13,0,9 3 10 16,1,70,,30024,13,0,9 3 10 16,1,30,,30029,13,0,9 3 10 16,1,70,,29981,13,0,9 3 10 16,1,30,,29979,13,0,9 3 10 16,1,70,,30025,13,0,9 3 10 16,1,30,,29980,13,0,9 3 10 16,1,70,,29988,13,0,9 3 10 16,1,30,,29992,13,0,9 3 10 16,1,70,,30021,13,0,9 3 10 16,1,30,,29975,13,0,9 3 10 16,1,70,,30004,13,0,9 3 10 16,1,30,,29983,13,0,9 3 10 16,1,70,,29987,13,0,9 3 10 16,1,30,,30000,13,0,9 3 10 16,1,70,,30019,13,0,9 3 10 16,1,30,,30009,13,0,9 3 10 16,1,70,,30007,13,0,9 3 10 16,1,30,,30011,13,0,9 3 10 16,1,70,,30030,13,0,9 3 10 16,1,30,,29995,13,0,9 3 10 16,1
21601,'7',1814,,30052,13,0,9 3 10 16,1,30,,30053,13,0,9 3 10 16,1,70,,30043,13,0,9 3 10 16,1,30,,30035,13,0,9 3 10 16,1,70,,30033,13,0,9 3 10 16,1,30,,30047,13,0,9 3 10 16,1,70,,30045,13,0,9 3 10 16,1,30,,30041,13,0,9 3 10 16,1,70,,30050,13,0,9 3 10 16,1,30,,30036,13,0,9 3 10 16,1,70,,30038,13,0,9 3 10 16,1
21601,'8',1814,,30072,13,0,9 3 10 16,1,30,,30066,13,0,9 3 10 16,1,70,,30062,13,0,9 3 10 16,1,30,,30055,13,0,9 3 10 16,1,70,,30063,13,0,9 3 10 16,1,30,,30061,13,0,9 3 10 16,1,70,,30067,13,0,9 3 10 16,1,30,,30054,13,0,9 3 10 16,1,70,,30057,13,0,9 3 10 16,1,30,,30073,13,0,9 3 10 16,1,70,,30075,13,0,9 3 10 16,1
21601,'9',1814,,30076,13,0,9 3 10 16,1,30,,30097,13,0,9 3 10 16,1,70,,30092,13,0,9 3 10 16,1,30,,30079,13,0,9 3 10 16,1,70,,30077,13,0,9 3 10 16,1,30,,30083,13,0,9 3 10 16,1,70,,30087,13,0,9 3 10 16,1,30,,30091,13,0,9 3 10 16,1,70,,30090,13,0,9 3 10 16,1,30,,30094,13,0,9 3 10 16,1,70,,30081,13,0,9 3 10 16,1
