11601,'1',615,,26176,15,0,9 3 10 16,1,30,,26150,15,0,9 3 10 16,1,70,,26158,15,0,9 3 10 16,1,30,,26170,15,0,9 3 10 16,1,70,,18245,15,0,9 3 10 16,1,30,,26144,15,0,9 3 10 16,1,70,,26173,15,0,9 3 10 16,1,30,,26135,15,0,9 3 10 16,1,70,,26136,15,0,9 3 10 16,1,30,,26161,15,0,9 3 10 16,1,70,,26160,15,0,9 3 10 16,1,30,,26155,15,0,9 3 10 16,1,70,,26137,15,0,9 3 10 16,1,30,,26174,15,0,9 3 10 16,1,70,,26143,15,0,9 3 10 16,1,30,,26172,15,0,9 3 10 16,1,70,,26148,15,0,9 3 10 16,1,30,,26142,15,0,9 3 10 16,1,70,,26157,15,0,9 3 10 16,1,30,,26162,15,0,9 3 10 16,1,70,,26154,15,0,9 3 10 16,1,30,,26168,15,0,9 3 10 16,1,70,,26163,15,0,9 3 10 16,1,30,,19734,15,0,9 3 10 16,1
11601,'2',615,,26218,15,0,9 3 10 16,1,30,,26192,15,0,9 3 10 16,1,70,,26223,15,0,9 3 10 16,1,30,,26219,15,0,9 3 10 16,1,70,,26188,15,0,9 3 10 16,1,30,,26193,15,0,9 3 10 16,1,70,,26214,15,0,9 3 10 16,1,30,,26208,15,0,9 3 10 16,1,70,,26182,15,0,9 3 10 16,1,30,,26217,15,0,9 3 10 16,1,70,,26178,15,0,9 3 10 16,1,30,,26215,15,0,9 3 10 16,1,70,,26221,15,0,9 3 10 16,1,30,,26194,15,0,9 3 10 16,1,70,,26186,15,0,9 3 10 16,1,30,,26195,15,0,9 3 10 16,1,70,,26203,15,0,9 3 10 16,1,30,,26211,15,0,9 3 10 16,1,70,,26189,15,0,9 3 10 16,1,30,,26213,15,0,9 3 10 16,1,70,,26181,15,0,9 3 10 16,1,30,,26212,15,0,9 3 10 16,1,70,,26198,15,0,9 3 10 16,1,30,,26185,15,0,9 3 10 16,1
11601,'3',615,,26226,15,0,9 3 10 16,1,30,,26268,15,0,9 3 10 16,1,70,,26227,15,0,9 3 10 16,1,30,,26251,15,0,9 3 10 16,1,70,,26266,15,0,9 3 10 16,1,30,,26244,15,0,9 3 10 16,1,70,,26256,15,0,9 3 10 16,1,30,,26264,15,0,9 3 10 16,1,70,,26254,15,0,9 3 10 16,1,30,,26271,15,0,9 3 10 16,1,70,,26260,15,0,9 3 10 16,1,30,,26252,15,0,9 3 10 16,1,70,,26224,15,0,9 3 10 16,1,30,,26237,15,0,9 3 10 16,1,70,,26232,15,0,9 3 10 16,1,30,,26267,15,0,9 3 10 16,1,70,,26259,15,0,9 3 10 16,1,30,,26258,15,0,9 3 10 16,1,70,,26253,15,0,9 3 10 16,1,30,,26249,15,0,9 3 10 16,1,70,,26243,15,0,9 3 10 16,1,30,,26257,15,0,9 3 10 16,1,70,,26228,15,0,9 3 10 16,1,30,,26262,15,0,9 3 10 16,1
11601,'4',615,,26272,15,0,9 3 10 16,1,30,,26300,15,0,9 3 10 16,1,70,,26294,15,0,9 3 10 16,1,30,,26291,15,0,9 3 10 16,1,70,,26309,15,0,9 3 10 16,1,30,,26312,15,0,9 3 10 16,1,70,,26285,15,0,9 3 10 16,1,30,,26315,15,0,9 3 10 16,1,70,,26313,15,0,9 3 10 16,1,30,,26306,15,0,9 3 10 16,1,70,,26318,15,0,9 3 10 16,1,30,,26308,15,0,9 3 10 16,1,70,,26289,15,0,9 3 10 16,1,30,,26288,15,0,9 3 10 16,1,70,,26273,15,0,9 3 10 16,1,30,,26317,15,0,9 3 10 16,1,70,,26293,15,0,9 3 10 16,1,30,,26319,15,0,9 3 10 16,1,70,,26286,15,0,9 3 10 16,1,30,,26292,15,0,9 3 10 16,1,70,,26298,15,0,9 3 10 16,1,30,,26279,15,0,9 3 10 16,1,70,,26314,15,0,9 3 10 16,1,30,,26282,15,0,9 3 10 16,1
11601,'5',615,,26349,15,0,9 3 10 16,1,30,,26356,15,0,9 3 10 16,1,70,,26351,15,0,9 3 10 16,1,30,,26347,15,0,9 3 10 16,1,70,,26366,15,0,9 3 10 16,1,30,,26339,15,0,9 3 10 16,1,70,,26324,15,0,9 3 10 16,1,30,,26361,15,0,9 3 10 16,1,70,,26340,15,0,9 3 10 16,1,30,,26336,15,0,9 3 10 16,1,70,,26331,15,0,9 3 10 16,1,30,,26364,15,0,9 3 10 16,1,70,,26363,15,0,9 3 10 16,1,30,,26342,15,0,9 3 10 16,1,70,,26321,15,0,9 3 10 16,1,30,,26344,15,0,9 3 10 16,1,70,,26338,15,0,9 3 10 16,1,30,,26325,15,0,9 3 10 16,1,70,,26357,15,0,9 3 10 16,1,30,,26322,15,0,9 3 10 16,1,70,,26354,15,0,9 3 10 16,1,30,,26337,15,0,9 3 10 16,1,70,,26350,15,0,9 3 10 16,1,30,,26323,15,0,9 3 10 16,1
11601,'7',615,,26387,15,0,9 3 10 16,1,30,,26403,15,0,9 3 10 16,1,70,,26410,15,0,9 3 10 16,1,30,,26402,15,0,9 3 10 16,1,70,,26401,15,0,9 3 10 16,1,30,,26414,15,0,9 3 10 16,1,70,,26379,15,0,9 3 10 16,1,30,,26371,15,0,9 3 10 16,1,70,,26377,15,0,9 3 10 16,1,30,,26397,15,0,9 3 10 16,1,70,,26393,15,0,9 3 10 16,1,30,,26399,15,0,9 3 10 16,1,70,,26388,15,0,9 3 10 16,1,30,,26382,15,0,9 3 10 16,1,70,,26407,15,0,9 3 10 16,1,30,,26409,15,0,9 3 10 16,1,70,,26381,15,0,9 3 10 16,1,30,,26370,15,0,9 3 10 16,1,70,,26392,15,0,9 3 10 16,1,30,,26374,15,0,9 3 10 16,1,70,,26368,15,0,9 3 10 16,1,30,,26395,15,0,9 3 10 16,1,70,,26389,15,0,9 3 10 16,1,30,,26396,15,0,9 3 10 16,1
11601,'8',615,,26448,15,0,9 3 10 16,1,30,,26422,15,0,9 3 10 16,1,70,,26445,15,0,9 3 10 16,1,30,,26436,15,0,9 3 10 16,1,70,,26419,15,0,9 3 10 16,1,30,,26441,15,0,9 3 10 16,1,70,,26462,15,0,9 3 10 16,1,30,,26432,15,0,9 3 10 16,1,70,,26460,15,0,9 3 10 16,1,30,,26433,15,0,9 3 10 16,1,70,,26455,15,0,9 3 10 16,1,30,,26451,15,0,9 3 10 16,1,70,,26423,15,0,9 3 10 16,1,30,,26440,15,0,9 3 10 16,1,70,,26434,15,0,9 3 10 16,1,30,,26420,15,0,9 3 10 16,1,70,,26439,15,0,9 3 10 16,1,30,,26437,15,0,9 3 10 16,1,70,,26443,15,0,9 3 10 16,1,30,,26454,15,0,9 3 10 16,1,70,,26431,15,0,9 3 10 16,1,30,,26457,15,0,9 3 10 16,1,70,,26459,15,0,9 3 10 16,1,30,,26417,15,0,9 3 10 16,1
11601,'9',615,,26479,15,0,9 3 10 16,1,30,,26500,15,0,9 3 10 16,1,70,,26481,15,0,9 3 10 16,1,30,,26480,15,0,9 3 10 16,1,70,,26486,15,0,9 3 10 16,1,30,,26504,15,0,9 3 10 16,1,70,,26466,15,0,9 3 10 16,1,30,,26492,15,0,9 3 10 16,1,70,,26478,15,0,9 3 10 16,1,30,,26507,15,0,9 3 10 16,1,70,,26505,15,0,9 3 10 16,1,30,,26508,15,0,9 3 10 16,1,70,,26475,15,0,9 3 10 16,1,30,,26471,15,0,9 3 10 16,1,70,,26476,15,0,9 3 10 16,1,30,,26490,15,0,9 3 10 16,1,70,,26502,15,0,9 3 10 16,1,30,,26464,15,0,9 3 10 16,1,70,,26501,15,0,9 3 10 16,1,30,,26511,15,0,9 3 10 16,1,70,,26484,15,0,9 3 10 16,1,30,,26472,15,0,9 3 10 16,1,70,,26470,15,0,9 3 10 16,1,30,,26465,15,0,9 3 10 16,1
21601,'1',1815,,29753,15,0,9 3 10 16,1,30,,29769,15,0,9 3 10 16,1,70,,29764,15,0,9 3 10 16,1,30,,29759,15,0,9 3 10 16,1,70,,29762,15,0,9 3 10 16,1,30,,29765,15,0,9 3 10 16,1,70,,29760,15,0,9 3 10 16,1,30,,18110,15,0,9 3 10 16,1,70,,29756,15,0,9 3 10 16,1,30,,29751,15,0,9 3 10 16,1,70,,29755,15,0,9 3 10 16,1
21601,'10',645,,29788,15,0,9 3 10 16,1,70,,29802,15,0,9 3 10 16,1,30,,29774,15,0,9 3 10 16,1,70,,29812,15,0,9 3 10 16,1,30,,29825,15,0,9 3 10 16,1,70,,29796,15,0,9 3 10 16,1,30,,29775,15,0,9 3 10 16,1,70,,29797,15,0,9 3 10 16,1,30,,29823,15,0,9 3 10 16,1,70,,29781,15,0,9 3 10 16,1,30,,29805,15,0,9 3 10 16,1,70,,29776,15,0,9 3 10 16,1,30,,29814,15,0,9 3 10 16,1,70,,29827,15,0,9 3 10 16,1,30,,29810,15,0,9 3 10 16,1,70,,29773,15,0,9 3 10 16,1,30,,29790,15,0,9 3 10 16,1,70,,29809,15,0,9 3 10 16,1,30,,29824,15,0,9 3 10 16,1,70,,29777,15,0,9 3 10 16,1,30,,29826,15,0,9 3 10 16,1,70,,29785,15,0,9 3 10 16,1,30,,29807,15,0,9 3 10 16,1,70,,29804,15,0,9 3 10 16,1,30,,18981,15,0,9 3 10 16,1,70,,29779,15,0,9 3 10 16,1,30,,29786,15,0,9 3 10 16,1,70,,29808,15,0,9 3 10 16,1,30,,29822,15,0,9 3 10 16,1
21601,'11',645,,29877,15,0,9 3 10 16,1,70,,29860,15,0,9 3 10 16,1,30,,29853,15,0,9 3 10 16,1,70,,29874,15,0,9 3 10 16,1,30,,29850,15,0,9 3 10 16,1,70,,29867,15,0,9 3 10 16,1,30,,29849,15,0,9 3 10 16,1,70,,29852,15,0,9 3 10 16,1,30,,29882,15,0,9 3 10 16,1,70,,29857,15,0,9 3 10 16,1,30,,29868,15,0,9 3 10 16,1,70,,29880,15,0,9 3 10 16,1,30,,29836,15,0,9 3 10 16,1,70,,29844,15,0,9 3 10 16,1,30,,29866,15,0,9 3 10 16,1,70,,29871,15,0,9 3 10 16,1,30,,29859,15,0,9 3 10 16,1,70,,29875,15,0,9 3 10 16,1,30,,29873,15,0,9 3 10 16,1,70,,29864,15,0,9 3 10 16,1,30,,29838,15,0,9 3 10 16,1,70,,29851,15,0,9 3 10 16,1,30,,29870,15,0,9 3 10 16,1,70,,29884,15,0,9 3 10 16,1,30,,29856,15,0,9 3 10 16,1,70,,29876,15,0,9 3 10 16,1,30,,29831,15,0,9 3 10 16,1,70,,29886,15,0,9 3 10 16,1,30,,29841,15,0,9 3 10 16,1
21601,'2',1815,,29904,15,0,9 3 10 16,1,30,,29892,15,0,9 3 10 16,1,70,,29893,15,0,9 3 10 16,1,30,,29899,15,0,9 3 10 16,1,70,,29903,15,0,9 3 10 16,1,30,,29888,15,0,9 3 10 16,1,70,,29906,15,0,9 3 10 16,1,30,,29889,15,0,9 3 10 16,1,70,,29905,15,0,9 3 10 16,1,30,,29897,15,0,9 3 10 16,1,70,,29898,15,0,9 3 10 16,1
21601,'3',1815,,29913,15,0,9 3 10 16,1,30,,29926,15,0,9 3 10 16,1,70,,29911,15,0,9 3 10 16,1,30,,29910,15,0,9 3 10 16,1,70,,29919,15,0,9 3 10 16,1,30,,29923,15,0,9 3 10 16,1,70,,29927,15,0,9 3 10 16,1,30,,29909,15,0,9 3 10 16,1,70,,29914,15,0,9 3 10 16,1,30,,29915,15,0,9 3 10 16,1,70,,29917,15,0,9 3 10 16,1
21601,'4',1815,,29950,15,0,9 3 10 16,1,30,,29936,15,0,9 3 10 16,1,70,,29941,15,0,9 3 10 16,1,30,,29934,15,0,9 3 10 16,1,70,,29943,15,0,9 3 10 16,1,30,,29938,15,0,9 3 10 16,1,70,,29949,15,0,9 3 10 16,1,30,,29946,15,0,9 3 10 16,1,70,,29948,15,0,9 3 10 16,1,30,,29931,15,0,9 3 10 16,1,70,,29939,15,0,9 3 10 16,1
21601,'5',1815,,29959,15,0,9 3 10 16,1,30,,29958,15,0,9 3 10 16,1,70,,29961,15,0,9 3 10 16,1,30,,29969,15,0,9 3 10 16,1,70,,29965,15,0,9 3 10 16,1,30,,29968,15,0,9 3 10 16,1,70,,29964,15,0,9 3 10 16,1,30,,29955,15,0,9 3 10 16,1,70,,29971,15,0,9 3 10 16,1,30,,29962,15,0,9 3 10 16,1,70,,29972,15,0,9 3 10 16,1
21601,'6',645,,29990,15,0,9 3 10 16,1,70,,29985,15,0,9 3 10 16,1,30,,30008,15,0,9 3 10 16,1,70,,30003,15,0,9 3 10 16,1,30,,30002,15,0,9 3 10 16,1,70,,30014,15,0,9 3 10 16,1,30,,30028,15,0,9 3 10 16,1,70,,29986,15,0,9 3 10 16,1,30,,29994,15,0,9 3 10 16,1,70,,30024,15,0,9 3 10 16,1,30,,30029,15,0,9 3 10 16,1,70,,29981,15,0,9 3 10 16,1,30,,29979,15,0,9 3 10 16,1,70,,30025,15,0,9 3 10 16,1,30,,29980,15,0,9 3 10 16,1,70,,29988,15,0,9 3 10 16,1,30,,29992,15,0,9 3 10 16,1,70,,30021,15,0,9 3 10 16,1,30,,29975,15,0,9 3 10 16,1,70,,30004,15,0,9 3 10 16,1,30,,29983,15,0,9 3 10 16,1,70,,29987,15,0,9 3 10 16,1,30,,30000,15,0,9 3 10 16,1,70,,30019,15,0,9 3 10 16,1,30,,30009,15,0,9 3 10 16,1,70,,30007,15,0,9 3 10 16,1,30,,30011,15,0,9 3 10 16,1,70,,30030,15,0,9 3 10 16,1,30,,29995,15,0,9 3 10 16,1
21601,'7',1815,,30052,15,0,9 3 10 16,1,30,,30053,15,0,9 3 10 16,1,70,,30043,15,0,9 3 10 16,1,30,,30035,15,0,9 3 10 16,1,70,,30033,15,0,9 3 10 16,1,30,,30047,15,0,9 3 10 16,1,70,,30045,15,0,9 3 10 16,1,30,,30041,15,0,9 3 10 16,1,70,,30050,15,0,9 3 10 16,1,30,,30036,15,0,9 3 10 16,1,70,,30038,15,0,9 3 10 16,1
21601,'8',1815,,30072,15,0,9 3 10 16,1,30,,30066,15,0,9 3 10 16,1,70,,30062,15,0,9 3 10 16,1,30,,30055,15,0,9 3 10 16,1,70,,30063,15,0,9 3 10 16,1,30,,30061,15,0,9 3 10 16,1,70,,30067,15,0,9 3 10 16,1,30,,30054,15,0,9 3 10 16,1,70,,30057,15,0,9 3 10 16,1,30,,30073,15,0,9 3 10 16,1,70,,30075,15,0,9 3 10 16,1
21601,'9',1815,,30076,15,0,9 3 10 16,1,30,,30097,15,0,9 3 10 16,1,70,,30092,15,0,9 3 10 16,1,30,,30079,15,0,9 3 10 16,1,70,,30077,15,0,9 3 10 16,1,30,,30083,15,0,9 3 10 16,1,70,,30087,15,0,9 3 10 16,1,30,,30091,15,0,9 3 10 16,1,70,,30090,15,0,9 3 10 16,1,30,,30094,15,0,9 3 10 16,1,70,,30081,15,0,9 3 10 16,1
