10400,'1',633,,18641,5,,,1,70,,20630,5,,,1,30,,20627,5,,,1,70,,20647,5,,,1,30,,20637,5,,,1,70,,20646,5,,,1,30,,20629,5,,,1,70,,20628,5,,,1,30,,20645,5,,,1,70,,20633,5,,,1,30,,20644,5,,,1,70,,20635,5,,,1,30,,20632,5,,,1,70,,20641,5,,,1,30,,20626,5,,,1,70,,20640,5,,,1,30,,20631,5,,,1,70,,20639,5,,,1,30,,20643,5,,,1,70,,20642,5,,,1,30,,20649,5,,,1,70,,20636,5,,,1,30,,20638,5,,,1,70,,20634,5,,,1,30,,20648,5,,,1
10400,'2',633,,20668,5,,,1,70,,20664,5,,,1,30,,20655,5,,,1,70,,20669,5,,,1,30,,20652,5,,,1,70,,20663,5,,,1,30,,20650,5,,,1,70,,20670,5,,,1,30,,20659,5,,,1,70,,20654,5,,,1,30,,20662,5,,,1,70,,20656,5,,,1,30,,20657,5,,,1,70,,20665,5,,,1,30,,20661,5,,,1,70,,20666,5,,,1,30,,20667,5,,,1,70,,20673,5,,,1,30,,20660,5,,,1,70,,20674,5,,,1,30,,20651,5,,,1,70,,20653,5,,,1,30,,20672,5,,,1,70,,20658,5,,,1,30,,20671,5,,,1
10400,'3',633,,20680,5,,,1,70,,20678,5,,,1,30,,20693,5,,,1,70,,20683,5,,,1,30,,20691,5,,,1,70,,20687,5,,,1,30,,20684,5,,,1,70,,20685,5,,,1,30,,20688,5,,,1,70,,20695,5,,,1,30,,20697,5,,,1,70,,20681,5,,,1,30,,20677,5,,,1,70,,20690,5,,,1,30,,20682,5,,,1,70,,20689,5,,,1,30,,20699,5,,,1,70,,20696,5,,,1,30,,20694,5,,,1,70,,20676,5,,,1,30,,20679,5,,,1,70,,20675,5,,,1,30,,20692,5,,,1,70,,20698,5,,,1,30,,20686,5,,,1
10400,'4',633,,20713,5,,,1,70,,20709,5,,,1,30,,20718,5,,,1,70,,20705,5,,,1,30,,20701,5,,,1,70,,20703,5,,,1,30,,20714,5,,,1,70,,20723,5,,,1,30,,20700,5,,,1,70,,20710,5,,,1,30,,20716,5,,,1,70,,20720,5,,,1,30,,20704,5,,,1,70,,20712,5,,,1,30,,20721,5,,,1,70,,20706,5,,,1,30,,20717,5,,,1,70,,20722,5,,,1,30,,20702,5,,,1,70,,20719,5,,,1,30,,20708,5,,,1,70,,20711,5,,,1,30,,20715,5,,,1,70,,20724,5,,,1,30,,20707,5,,,1
10400,'5',633,,20728,5,,,1,70,,20748,5,,,1,30,,20732,5,,,1,70,,20739,5,,,1,30,,20746,5,,,1,70,,20737,5,,,1,30,,20742,5,,,1,70,,20734,5,,,1,30,,20741,5,,,1,70,,20727,5,,,1,30,,20738,5,,,1,70,,20740,5,,,1,30,,20725,5,,,1,70,,20726,5,,,1,30,,20744,5,,,1,70,,20730,5,,,1,30,,20731,5,,,1,70,,20736,5,,,1,30,,20747,5,,,1,70,,20743,5,,,1,30,,20735,5,,,1,70,,20729,5,,,1,30,,20745,5,,,1,70,,20733,5,,,1,30,,20749,5,,,1
10400,'7',633,,20750,5,,,1,70,,20762,5,,,1,30,,20751,5,,,1,70,,20772,5,,,1,30,,20764,5,,,1,70,,20755,5,,,1,30,,20753,5,,,1,70,,20757,5,,,1,30,,20765,5,,,1,70,,20766,5,,,1,30,,20769,5,,,1,70,,20758,5,,,1,30,,20761,5,,,1,70,,20754,5,,,1,30,,20768,5,,,1,70,,20763,5,,,1,30,,20767,5,,,1,70,,20756,5,,,1,30,,20760,5,,,1,70,,20771,5,,,1,30,,20759,5,,,1,70,,20752,5,,,1,30,,20770,5,,,1,70,,20773,5,,,1,30,,20774,5,,,1
10400,'8',633,,20777,5,,,1,70,,20782,5,,,1,30,,20785,5,,,1,70,,20778,5,,,1,30,,20779,5,,,1,70,,20788,5,,,1,30,,20781,5,,,1,70,,20798,5,,,1,30,,20787,5,,,1,70,,20799,5,,,1,30,,20775,5,,,1,70,,20792,5,,,1,30,,20796,5,,,1,70,,20776,5,,,1,30,,20786,5,,,1,70,,20784,5,,,1,30,,20794,5,,,1,70,,20789,5,,,1,30,,20790,5,,,1,70,,20780,5,,,1,30,,20783,5,,,1,70,,20791,5,,,1,30,,20797,5,,,1,70,,20795,5,,,1,30,,20793,5,,,1
10400,'9',633,,20804,5,,,1,70,,20815,5,,,1,30,,20822,5,,,1,70,,20806,5,,,1,30,,20800,5,,,1,70,,20805,5,,,1,30,,20821,5,,,1,70,,20808,5,,,1,30,,20813,5,,,1,70,,20801,5,,,1,30,,20810,5,,,1,70,,20812,5,,,1,30,,20819,5,,,1,70,,20823,5,,,1,30,,20820,5,,,1,70,,20802,5,,,1,30,,20816,5,,,1,70,,20809,5,,,1,30,,20817,5,,,1,70,,20818,5,,,1,30,,20814,5,,,1,70,,20803,5,,,1,30,,20824,5,,,1,70,,20807,5,,,1,30,,20811,5,,,1
20301,'1',2404,,26673,5,,,1
20301,'2',2404,,26736,5,,,1
20301,'3',2404,,26747,5,,,1
20301,'4',2404,,26755,5,,,1
20301,'5',2404,,26764,5,,,1
20301,'7',2404,,26813,5,,,1
20301,'8',2404,,26822,5,,,1
20301,'9',2404,,26826,5,,,1
20400,'1',1903,,26836,5,,,1,30,,26839,5,,,1,70,,26837,5,,,1,30,,26841,5,,,1,70,,26840,5,,,1,30,,26845,5,,,1,70,,26843,5,,,1,30,,26842,5,,,1,70,,26838,5,,,1,30,,26844,5,,,1
20400,'10',733,,26855,5,,,1,70,,26852,5,,,1,30,,26860,5,,,1,70,,26847,5,,,1,30,,26849,5,,,1,70,,26863,5,,,1,30,,26862,5,,,1,70,,26867,5,,,1,30,,26868,5,,,1,70,,26871,5,,,1,30,,26858,5,,,1,70,,26853,5,,,1,30,,26873,5,,,1,70,,26870,5,,,1,30,,26846,5,,,1,70,,26857,5,,,1,30,,26854,5,,,1,70,,26872,5,,,1,30,,26851,5,,,1,70,,26866,5,,,1,30,,26869,5,,,1,70,,26848,5,,,1,30,,26864,5,,,1,70,,26859,5,,,1,30,,26865,5,,,1,70,,26861,5,,,1,30,,26850,5,,,1,70,,26856,5,,,1
20400,'11',733,,26889,5,,,1,70,,26884,5,,,1,30,,26895,5,,,1,70,,26893,5,,,1,30,,26887,5,,,1,70,,26876,5,,,1,30,,26878,5,,,1,70,,26880,5,,,1,30,,26882,5,,,1,70,,26888,5,,,1,30,,26874,5,,,1,70,,26881,5,,,1,30,,26897,5,,,1,70,,26899,5,,,1,30,,26883,5,,,1,70,,26890,5,,,1,30,,26901,5,,,1,70,,26877,5,,,1,30,,26894,5,,,1,70,,26886,5,,,1,30,,26885,5,,,1,70,,26875,5,,,1,30,,26896,5,,,1,70,,26892,5,,,1,30,,26900,5,,,1,70,,26891,5,,,1,30,,26879,5,,,1,70,,26898,5,,,1
20400,'2',1903,,26906,5,,,1,30,,26910,5,,,1,70,,26903,5,,,1,30,,26904,5,,,1,70,,26911,5,,,1,30,,26905,5,,,1,70,,26909,5,,,1,30,,26902,5,,,1,70,,26907,5,,,1,30,,26908,5,,,1
20400,'3',1903,,26913,5,,,1,30,,26912,5,,,1,70,,26914,5,,,1,30,,26915,5,,,1,70,,26920,5,,,1,30,,26916,5,,,1,70,,26919,5,,,1,30,,26917,5,,,1,70,,26921,5,,,1,30,,26918,5,,,1
20400,'4',1903,,26924,5,,,1,30,,26922,5,,,1,70,,26930,5,,,1,30,,26926,5,,,1,70,,26927,5,,,1,30,,26928,5,,,1,70,,26923,5,,,1,30,,26925,5,,,1,70,,26931,5,,,1,30,,26929,5,,,1
20400,'5',1903,,26937,5,,,1,30,,26941,5,,,1,70,,26934,5,,,1,30,,26935,5,,,1,70,,26932,5,,,1,30,,26933,5,,,1,70,,26939,5,,,1,30,,26936,5,,,1,70,,26940,5,,,1,30,,26938,5,,,1
20400,'6',733,,26964,5,,,1,70,,26958,5,,,1,30,,26948,5,,,1,70,,26955,5,,,1,30,,26945,5,,,1,70,,26961,5,,,1,30,,26951,5,,,1,70,,26949,5,,,1,30,,26963,5,,,1,70,,26952,5,,,1,30,,26947,5,,,1,70,,26960,5,,,1,30,,26956,5,,,1,70,,26962,5,,,1,30,,26965,5,,,1,70,,26943,5,,,1,30,,26953,5,,,1,70,,26944,5,,,1,30,,26954,5,,,1,70,,26957,5,,,1,30,,26946,5,,,1,70,,26969,5,,,1,30,,26942,5,,,1,70,,26967,5,,,1,30,,26968,5,,,1,70,,26966,5,,,1,30,,26959,5,,,1,70,,26950,5,,,1
20400,'7',1903,,26979,5,,,1,30,,26976,5,,,1,70,,26975,5,,,1,30,,26970,5,,,1,70,,26971,5,,,1,30,,26972,5,,,1,70,,26973,5,,,1,30,,26977,5,,,1,70,,26974,5,,,1,30,,26978,5,,,1
20400,'8',1903,,26980,5,,,1,30,,26982,5,,,1,70,,26988,5,,,1,30,,26983,5,,,1,70,,26984,5,,,1,30,,26985,5,,,1,70,,26989,5,,,1,30,,26987,5,,,1,70,,26986,5,,,1,30,,26981,5,,,1
20400,'9',1903,,26991,5,,,1,30,,26996,5,,,1,70,,26998,5,,,1,30,,26990,5,,,1,70,,26993,5,,,1,30,,26997,5,,,1,70,,26992,5,,,1,30,,26995,5,,,1,70,,26994,5,,,1,30,,26999,5,,,1
