21001,'1',1851,,28496,8,,,1,70,,28488,8,,,1,30,,28495,8,,,1,70,,28490,8,,,1,30,,28491,8,,,1,70,,28489,8,,,1,30,,28497,8,,,1,70,,28493,8,,,1,30,,28492,8,,,1,70,,28494,8,,,1
21001,'10',721,,28506,8,,,1,30,,28522,8,,,1,70,,28503,8,,,1,30,,28518,8,,,1,70,,28514,8,,,1,30,,28507,8,,,1,70,,28510,8,,,1,30,,28512,8,,,1,70,,28498,8,,,1,30,,28521,8,,,1,70,,28523,8,,,1,30,,28513,8,,,1,70,,28517,8,,,1,30,,28500,8,,,1,70,,28515,8,,,1,30,,28516,8,,,1,70,,28520,8,,,1,30,,28505,8,,,1,70,,28501,8,,,1,30,,28508,8,,,1,70,,28504,8,,,1,30,,28519,8,,,1,70,,28524,8,,,1,30,,28499,8,,,1,70,,28511,8,,,1,30,,28509,8,,,1,70,,28502,8,,,1,30,,19132,8,,,1
21001,'11',721,,28539,8,,,1,30,,28530,8,,,1,70,,28537,8,,,1,30,,28540,8,,,1,70,,28527,8,,,1,30,,28532,8,,,1,70,,28552,8,,,1,30,,28542,8,,,1,70,,28546,8,,,1,30,,28534,8,,,1,70,,28525,8,,,1,30,,28549,8,,,1,70,,28538,8,,,1,30,,28544,8,,,1,70,,28541,8,,,1,30,,28551,8,,,1,70,,28543,8,,,1,30,,28550,8,,,1,70,,28547,8,,,1,30,,28533,8,,,1,70,,28529,8,,,1,30,,28526,8,,,1,70,,28545,8,,,1,30,,28536,8,,,1,70,,28528,8,,,1,30,,28535,8,,,1,70,,28548,8,,,1,30,,28531,8,,,1
21001,'2',1851,,28557,8,,,1,70,,28553,8,,,1,30,,28559,8,,,1,70,,28562,8,,,1,30,,28556,8,,,1,70,,28555,8,,,1,30,,28560,8,,,1,70,,28558,8,,,1,30,,28554,8,,,1,70,,28561,8,,,1
21001,'3',1851,,28563,8,,,1,70,,28566,8,,,1,30,,28571,8,,,1,70,,28569,8,,,1,30,,28567,8,,,1,70,,28565,8,,,1,30,,28572,8,,,1,70,,28570,8,,,1,30,,28564,8,,,1,70,,28568,8,,,1
21001,'4',1851,,28577,8,,,1,70,,28574,8,,,1,30,,28573,8,,,1,70,,28581,8,,,1,30,,28576,8,,,1,70,,28579,8,,,1,30,,28582,8,,,1,70,,28578,8,,,1,30,,28575,8,,,1,70,,28580,8,,,1
21001,'5',1851,,28590,8,,,1,70,,28584,8,,,1,30,,28591,8,,,1,70,,28583,8,,,1,30,,28587,8,,,1,70,,28586,8,,,1,30,,28589,8,,,1,70,,28588,8,,,1,30,,28592,8,,,1,70,,28585,8,,,1
21001,'6',721,,28596,8,,,1,30,,28620,8,,,1,70,,28594,8,,,1,30,,28595,8,,,1,70,,28614,8,,,1,30,,28603,8,,,1,70,,28605,8,,,1,30,,28598,8,,,1,70,,28609,8,,,1,30,,28617,8,,,1,70,,28613,8,,,1,30,,28597,8,,,1,70,,28612,8,,,1,30,,28607,8,,,1,70,,28606,8,,,1,30,,28602,8,,,1,70,,28610,8,,,1,30,,28608,8,,,1,70,,28616,8,,,1,30,,28599,8,,,1,70,,28593,8,,,1,30,,28600,8,,,1,70,,28618,8,,,1,30,,28611,8,,,1,70,,28601,8,,,1,30,,28615,8,,,1,70,,28619,8,,,1,30,,28604,8,,,1
21001,'7',1851,,28623,8,,,1,70,,28628,8,,,1,30,,28625,8,,,1,70,,28629,8,,,1,30,,28630,8,,,1,70,,28621,8,,,1,30,,28627,8,,,1,70,,28622,8,,,1,30,,28626,8,,,1,70,,28624,8,,,1
21001,'8',1851,,28640,8,,,1,70,,28631,8,,,1,30,,28639,8,,,1,70,,28632,8,,,1,30,,28635,8,,,1,70,,28633,8,,,1,30,,28637,8,,,1,70,,28634,8,,,1,30,,28638,8,,,1,70,,28636,8,,,1
21001,'9',1851,,28648,8,,,1,70,,28645,8,,,1,30,,28643,8,,,1,70,,28646,8,,,1,30,,28641,8,,,1,70,,28650,8,,,1,30,,28644,8,,,1,70,,28647,8,,,1,30,,28642,8,,,1,70,,28649,8,,,1
