10701,'1',615,,22096,2,,,1,100,,22111,2,,,1,30,,22108,2,,,1,70,,22105,2,,,1,30,,22065,2,,,1,70,,22062,2,,,1,100,,22087,2,,,1,100,,22107,2,,,1,100,,22112,2,,,1,100,,22077,2,,,1,100,,22100,2,,,1,30,,22064,2,,,1,70,,22092,2,,,1,30,,22115,2,,,1,70,,22101,2,,,1,30,,22113,2,,,1,70,,22063,2,,,1,30,,22060,2,,,1,70,,22074,2,,,1,100,,22080,2,,,1
10701,'2',615,,22153,2,,,1,100,,22150,2,,,1,30,,22151,2,,,1,70,,22142,2,,,1,30,,22144,2,,,1,70,,22156,2,,,1,100,,22175,2,,,1,100,,22123,2,,,1,100,,22157,2,,,1,100,,22147,2,,,1,100,,22174,2,,,1,30,,22161,2,,,1,70,,22159,2,,,1,30,,22149,2,,,1,70,,22143,2,,,1,30,,22131,2,,,1,70,,22163,2,,,1,30,,22132,2,,,1,70,,22134,2,,,1,100,,18598,2,,,1
10701,'3',615,,22228,2,,,1,100,,22231,2,,,1,30,,22212,2,,,1,70,,22226,2,,,1,30,,22211,2,,,1,70,,22196,2,,,1,100,,22215,2,,,1,100,,22190,2,,,1,100,,22195,2,,,1,100,,22198,2,,,1,100,,22202,2,,,1,30,,22207,2,,,1,70,,22232,2,,,1,30,,22179,2,,,1,70,,22209,2,,,1,30,,22206,2,,,1,70,,22217,2,,,1,30,,22216,2,,,1,70,,22210,2,,,1,100,,22220,2,,,1
10701,'4',615,,22286,2,,,1,100,,22276,2,,,1,30,,22261,2,,,1,70,,22247,2,,,1,30,,22279,2,,,1,70,,22275,2,,,1,100,,22284,2,,,1,100,,22270,2,,,1,100,,22242,2,,,1,100,,22288,2,,,1,100,,22243,2,,,1,30,,22249,2,,,1,70,,22272,2,,,1,30,,22236,2,,,1,70,,22251,2,,,1,30,,22280,2,,,1,70,,22295,2,,,1,30,,22287,2,,,1,70,,22237,2,,,1,100,,22262,2,,,1
10701,'5',615,,22340,2,,,1,100,,22313,2,,,1,30,,22337,2,,,1,70,,22352,2,,,1,30,,22307,2,,,1,70,,22343,2,,,1,100,,22316,2,,,1,100,,22344,2,,,1,100,,22349,2,,,1,100,,22350,2,,,1,100,,22310,2,,,1,30,,22347,2,,,1,70,,22348,2,,,1,30,,22299,2,,,1,70,,22301,2,,,1,30,,22322,2,,,1,70,,22318,2,,,1,30,,22296,2,,,1,70,,22298,2,,,1,100,,22333,2,,,1
10701,'7',615,,22372,2,,,1,100,,22364,2,,,1,30,,22377,2,,,1,70,,22358,2,,,1,30,,22366,2,,,1,70,,22406,2,,,1,100,,22411,2,,,1,100,,22407,2,,,1,100,,22373,2,,,1,100,,22413,2,,,1,100,,22404,2,,,1,30,,22403,2,,,1,70,,22389,2,,,1,30,,22359,2,,,1,70,,22408,2,,,1,30,,22362,2,,,1,70,,22399,2,,,1,30,,22380,2,,,1,70,,22378,2,,,1,100,,22374,2,,,1
10701,'8',615,,22444,2,,,1,100,,22461,2,,,1,30,,22425,2,,,1,70,,22419,2,,,1,30,,22417,2,,,1,70,,22475,2,,,1,100,,22466,2,,,1,100,,22472,2,,,1,100,,22443,2,,,1,100,,22469,2,,,1,100,,22426,2,,,1,30,,22458,2,,,1,70,,22468,2,,,1,30,,22453,2,,,1,70,,22433,2,,,1,30,,22423,2,,,1,70,,22454,2,,,1,30,,22428,2,,,1,70,,22437,2,,,1,100,,22457,2,,,1
10701,'9',615,,22526,2,,,1,100,,22507,2,,,1,30,,22513,2,,,1,70,,22495,2,,,1,30,,22532,2,,,1,70,,22499,2,,,1,100,,22510,2,,,1,100,,22533,2,,,1,100,,22496,2,,,1,100,,22528,2,,,1,100,,22487,2,,,1,30,,22522,2,,,1,70,,22505,2,,,1,30,,22504,2,,,1,70,,22492,2,,,1,30,,22500,2,,,1,70,,22509,2,,,1,30,,22498,2,,,1,70,,22520,2,,,1,100,,22502,2,,,1
10800,'1',715,,22541,2,,,1,30,,22560,2,,,1,70,,22536,2,,,1,30,,22548,2,,,1,70,,22544,2,,,1,30,,22558,2,,,1,100,,22556,2,,,1,100,,22554,2,,,1,100,,22543,2,,,1,100,,22551,2,,,1,100,,22539,2,,,1,70,,22538,2,,,1,30,,22547,2,,,1,70,,22546,2,,,1,30,,22537,2,,,1,70,,22553,2,,,1,30,,22567,2,,,1
10800,'2',715,,22592,2,,,1,30,,22585,2,,,1,70,,22580,2,,,1,30,,22599,2,,,1,70,,22602,2,,,1,30,,22577,2,,,1,100,,22596,2,,,1,100,,22597,2,,,1,100,,22576,2,,,1,100,,22593,2,,,1,100,,22582,2,,,1,70,,22569,2,,,1,30,,22600,2,,,1,70,,22591,2,,,1,30,,22595,2,,,1,70,,22594,2,,,1,30,,22581,2,,,1
10800,'3',715,,22616,2,,,1,30,,22604,2,,,1,70,,22607,2,,,1,30,,22603,2,,,1,70,,22614,2,,,1,30,,22632,2,,,1,100,,22627,2,,,1,100,,22636,2,,,1,100,,22635,2,,,1,100,,22611,2,,,1,100,,22613,2,,,1,70,,22626,2,,,1,30,,22628,2,,,1,70,,22620,2,,,1,30,,22605,2,,,1,70,,22618,2,,,1,30,,22625,2,,,1
10800,'4',715,,22640,2,,,1,30,,22659,2,,,1,70,,22669,2,,,1,30,,22647,2,,,1,70,,22657,2,,,1,30,,22653,2,,,1,100,,22638,2,,,1,100,,22667,2,,,1,100,,22670,2,,,1,100,,22662,2,,,1,100,,22666,2,,,1,70,,22639,2,,,1,30,,22650,2,,,1,70,,22643,2,,,1,30,,22649,2,,,1,70,,22648,2,,,1,30,,22664,2,,,1
10800,'5',715,,22688,2,,,1,30,,22674,2,,,1,70,,22680,2,,,1,30,,22673,2,,,1,70,,22672,2,,,1,30,,22683,2,,,1,100,,22687,2,,,1,100,,22696,2,,,1,100,,22691,2,,,1,100,,22692,2,,,1,100,,22697,2,,,1,70,,22679,2,,,1,30,,22684,2,,,1,70,,22695,2,,,1,30,,22701,2,,,1,70,,22677,2,,,1,30,,22671,2,,,1
10800,'7',715,,22723,2,,,1,30,,22716,2,,,1,70,,22731,2,,,1,30,,22714,2,,,1,70,,22708,2,,,1,30,,22737,2,,,1,100,,22727,2,,,1,100,,22724,2,,,1,100,,22735,2,,,1,100,,22711,2,,,1,100,,22713,2,,,1,70,,22707,2,,,1,30,,22732,2,,,1,70,,22718,2,,,1,30,,22726,2,,,1,70,,22709,2,,,1,30,,22717,2,,,1
10800,'8',715,,22769,2,,,1,30,,22765,2,,,1,70,,22746,2,,,1,30,,22753,2,,,1,70,,22766,2,,,1,30,,22754,2,,,1,100,,22771,2,,,1,100,,22741,2,,,1,100,,22760,2,,,1,100,,22763,2,,,1,100,,22749,2,,,1,70,,22742,2,,,1,30,,22757,2,,,1,70,,22770,2,,,1,30,,22767,2,,,1,70,,22743,2,,,1,30,,22750,2,,,1
10800,'9',715,,22785,2,,,1,30,,22779,2,,,1,70,,22781,2,,,1,30,,22776,2,,,1,70,,22794,2,,,1,30,,22790,2,,,1,100,,22775,2,,,1,100,,22801,2,,,1,100,,22802,2,,,1,100,,22795,2,,,1,100,,22798,2,,,1,70,,22797,2,,,1,30,,22805,2,,,1,70,,22787,2,,,1,30,,22803,2,,,1,70,,22789,2,,,1,30,,22774,2,,,1
11401,'1',647,,25223,23,,,1,100,,25228,23,,,1,100,,25220,23,,,1,100,,25219,23,,,1,100,,25230,23,,,1,100,,25227,23,,,1,100,,25226,23,,,1,100,,25225,23,,,1,100,,25229,23,,,1,100,,25222,23,,,1,100,,25224,23,,,1,100,,25221,23,,,1
11401,'2',647,,25242,23,,,1,100,,25234,23,,,1,100,,25240,23,,,1,100,,25232,23,,,1,100,,25238,23,,,1,100,,25239,23,,,1,100,,25233,23,,,1,100,,25236,23,,,1,100,,25231,23,,,1,100,,25235,23,,,1,100,,25237,23,,,1,100,,25241,23,,,1
11401,'3',647,,25245,23,,,1,100,,25247,23,,,1,100,,25243,23,,,1,100,,25248,23,,,1,100,,25251,23,,,1,100,,25254,23,,,1,100,,25250,23,,,1,100,,25252,23,,,1,100,,25253,23,,,1,100,,25244,23,,,1,100,,25246,23,,,1,100,,25249,23,,,1
11401,'4',647,,25256,23,,,1,100,,25257,23,,,1,100,,25261,23,,,1,100,,25258,23,,,1,100,,25255,23,,,1,100,,25263,23,,,1,100,,25264,23,,,1,100,,25262,23,,,1,100,,25260,23,,,1,100,,25265,23,,,1,100,,25259,23,,,1,100,,25266,23,,,1
11401,'5',647,,25270,23,,,1,100,,25273,23,,,1,100,,25271,23,,,1,100,,25275,23,,,1,100,,25277,23,,,1,100,,25272,23,,,1,100,,25274,23,,,1,100,,25268,23,,,1,100,,25278,23,,,1,100,,25267,23,,,1,100,,25276,23,,,1,100,,25269,23,,,1
11401,'7',647,,25280,23,,,1,100,,25283,23,,,1,100,,25286,23,,,1,100,,25290,23,,,1,100,,25289,23,,,1,100,,25287,23,,,1,100,,25282,23,,,1,100,,25285,23,,,1,100,,25281,23,,,1,100,,25279,23,,,1,100,,25288,23,,,1,100,,25284,23,,,1
11401,'8',647,,25299,23,,,1,100,,25298,23,,,1,100,,25301,23,,,1,100,,25292,23,,,1,100,,25295,23,,,1,100,,25294,23,,,1,100,,25302,23,,,1,100,,25300,23,,,1,100,,25291,23,,,1,100,,25296,23,,,1,100,,25297,23,,,1,100,,25293,23,,,1
11401,'9',647,,25312,23,,,1,100,,25308,23,,,1,100,,25305,23,,,1,100,,25314,23,,,1,100,,25310,23,,,1,100,,25307,23,,,1,100,,25304,23,,,1,100,,25306,23,,,1,100,,25309,23,,,1,100,,25311,23,,,1,100,,25303,23,,,1,100,,25313,23,,,1
21401,'1',1848,,29314,29,,,1,100,,29315,29,,,1,100,,29313,29,,,1,100,,29312,29,,,1,100,,29311,29,,,1
21401,'10',748,,29324,29,,,1,100,,29323,29,,,1,100,,29327,29,,,1,100,,29322,29,,,1,100,,29325,29,,,1,100,,29316,29,,,1,100,,29326,29,,,1,100,,29319,29,,,1,100,,29320,29,,,1,100,,17231,29,,,1,100,,29317,29,,,1,100,,29318,29,,,1,100,,29321,29,,,1
21401,'11',748,,29335,29,,,1,100,,29331,29,,,1,100,,29334,29,,,1,100,,29328,29,,,1,100,,29329,29,,,1,100,,29336,29,,,1,100,,29330,29,,,1,100,,29338,29,,,1,100,,29339,29,,,1,100,,29332,29,,,1,100,,29337,29,,,1,100,,29340,29,,,1,100,,29333,29,,,1
21401,'2',1848,,29344,29,,,1,100,,29343,29,,,1,100,,29342,29,,,1,100,,29341,29,,,1,100,,29345,29,,,1
21401,'3',1848,,29347,29,,,1,100,,29350,29,,,1,100,,29348,29,,,1,100,,29346,29,,,1,100,,29349,29,,,1
21401,'4',1848,,29354,29,,,1,100,,29352,29,,,1,100,,29355,29,,,1,100,,29353,29,,,1,100,,29351,29,,,1
21401,'5',1848,,29360,29,,,1,100,,29358,29,,,1,100,,29357,29,,,1,100,,29356,29,,,1,100,,29359,29,,,1
21401,'6',748,,29373,29,,,1,100,,29365,29,,,1,100,,29368,29,,,1,100,,29367,29,,,1,100,,29370,29,,,1,100,,29366,29,,,1,100,,29361,29,,,1,100,,29364,29,,,1,100,,29372,29,,,1,100,,29369,29,,,1,100,,29363,29,,,1,100,,29371,29,,,1,100,,29362,29,,,1
21401,'7',1848,,29377,29,,,1,100,,29374,29,,,1,100,,29375,29,,,1,100,,29378,29,,,1,100,,29376,29,,,1
21401,'8',1848,,29382,29,,,1,100,,29379,29,,,1,100,,29380,29,,,1,100,,29381,29,,,1,100,,29383,29,,,1
21401,'9',1848,,29388,29,,,1,100,,29386,29,,,1,100,,29387,29,,,1,100,,29385,29,,,1,100,,29384,29,,,1
