10601,'1',556,,21756,3,,,1,100,,21766,3,,,1,70,,21752,3,,,1,30,,21767,3,,,1,70,,21760,3,,,1,30,,21758,3,,,1,70,,21754,3,0,17,1,30,,21755,3,,,1,100,,21757,3,,,1,100,,21764,3,,,1,100,,18489,3,,,1,100,,21759,3,,,1,70,,21765,3,,,1,30,,21763,3,,,1,70,,21753,3,,,1,30,,21770,3,,,1,70,,21769,3,,,1,30,,21761,3,,,1,70,,21762,3,,,1,30,,21768,3,,,1
10601,'2',556,,21775,3,,,1,100,,21776,3,,,1,70,,21790,3,,,1,30,,21780,3,,,1,70,,21788,3,,,1,30,,21784,3,,,1,70,,21778,3,0,17,1,30,,21782,3,,,1,100,,21787,3,,,1,100,,21786,3,,,1,100,,21771,3,,,1,100,,21779,3,,,1,70,,21773,3,,,1,30,,21772,3,,,1,70,,21785,3,,,1,30,,21777,3,,,1,70,,21781,3,,,1,30,,21783,3,,,1,70,,21789,3,,,1,30,,21774,3,,,1
10601,'3',556,,21802,3,,,1,100,,21803,3,,,1,70,,21799,3,,,1,30,,21797,3,,,1,70,,21795,3,,,1,30,,21798,3,,,1,70,,21804,3,0,17,1,30,,21793,3,,,1,100,,21808,3,,,1,100,,21805,3,,,1,100,,21810,3,,,1,100,,21792,3,,,1,70,,21807,3,,,1,30,,21800,3,,,1,70,,21791,3,,,1,30,,21794,3,,,1,70,,21806,3,,,1,30,,21796,3,,,1,70,,21809,3,,,1,30,,21801,3,,,1
10601,'4',556,,21812,3,,,1,100,,21818,3,,,1,70,,21822,3,,,1,30,,21820,3,,,1,70,,21828,3,,,1,30,,21830,3,,,1,70,,21819,3,0,17,1,30,,21815,3,,,1,100,,21821,3,,,1,100,,21814,3,,,1,100,,21816,3,,,1,100,,21826,3,,,1,70,,21825,3,,,1,30,,21823,3,,,1,70,,21813,3,,,1,30,,21829,3,,,1,70,,21824,3,,,1,30,,21811,3,,,1,70,,21817,3,,,1,30,,21827,3,,,1
10601,'5',556,,21840,3,,,1,100,,21834,3,,,1,70,,21835,3,,,1,30,,21833,3,,,1,70,,21838,3,,,1,30,,21843,3,,,1,70,,21849,3,0,17,1,30,,21845,3,,,1,100,,21839,3,,,1,100,,21848,3,,,1,100,,21842,3,,,1,100,,21832,3,,,1,70,,21846,3,,,1,30,,21844,3,,,1,70,,21837,3,,,1,30,,21841,3,,,1,70,,21850,3,,,1,30,,21831,3,,,1,70,,21836,3,,,1,30,,21847,3,,,1
10601,'7',556,,21851,3,,,1,100,,21868,3,,,1,70,,21853,3,,,1,30,,21865,3,,,1,70,,21863,3,,,1,30,,21857,3,,,1,70,,21864,3,0,17,1,30,,21867,3,,,1,100,,21861,3,,,1,100,,21866,3,,,1,100,,21860,3,,,1,100,,21856,3,,,1,70,,21854,3,,,1,30,,21859,3,,,1,70,,21862,3,,,1,30,,21855,3,,,1,70,,21870,3,,,1,30,,21858,3,,,1,70,,21869,3,,,1,30,,21852,3,,,1
10601,'8',556,,21882,3,,,1,100,,21875,3,,,1,70,,21888,3,,,1,30,,21877,3,,,1,70,,21879,3,,,1,30,,21881,3,,,1,70,,21890,3,0,17,1,30,,21886,3,,,1,100,,21885,3,,,1,100,,21874,3,,,1,100,,21889,3,,,1,100,,21880,3,,,1,70,,21872,3,,,1,30,,21883,3,,,1,70,,21878,3,,,1,30,,21884,3,,,1,70,,21887,3,,,1,30,,21876,3,,,1,70,,21873,3,,,1,30,,21871,3,,,1
10601,'9',556,,21902,3,,,1,100,,21895,3,,,1,70,,21903,3,,,1,30,,21893,3,,,1,70,,21904,3,,,1,30,,21910,3,,,1,70,,21901,3,0,17,1,30,,21900,3,,,1,100,,21897,3,,,1,100,,21898,3,,,1,100,,21909,3,,,1,100,,21896,3,,,1,70,,21899,3,,,1,30,,21907,3,,,1,70,,21908,3,,,1,30,,21905,3,,,1,70,,21894,3,,,1,30,,21891,3,,,1,70,,21892,3,,,1,30,,21906,3,,,1
20601,'1',1830,,27629,3,,,1,70,,27630,3,,,1,30,,27615,3,,,1,70,,27624,3,,,1,30,,27625,3,,,1,70,,27633,3,,,1,30,,27623,3,,,1,70,,27626,3,,,1,30,,27628,3,,,1,70,,27631,3,,,1
20601,'10',657,,27668,3,,,1,70,,27673,3,,,1,30,,27638,3,,,1,70,,27680,3,,,1,30,,27657,3,,,1,70,,27635,3,,,1,30,,27672,3,,,1,70,,27642,3,,,1,30,,27650,3,,,1,70,,27653,3,,,1,30,,27656,3,,,1,70,,27675,3,,,1,30,,27682,3,,,1,70,,27647,3,,,1,30,,27665,3,,,1,70,,27688,3,,,1,30,,27640,3,,,1,70,,27684,3,,,1,30,,27636,3,,,1,70,,27644,3,,,1,30,,27681,3,,,1,70,,27671,3,,,1,30,,19502,3,,,1,70,,27679,3,,,1,30,,27639,3,,,1,70,,27646,3,,,1,30,,27651,3,,,1,70,,27661,3,,,1
20601,'11',657,,27723,3,,,1,70,,27699,3,,,1,30,,27707,3,,,1,70,,27727,3,,,1,30,,27744,3,,,1,70,,27736,3,,,1,30,,27717,3,,,1,70,,27742,3,,,1,30,,27712,3,,,1,70,,27701,3,,,1,30,,27719,3,,,1,70,,27713,3,,,1,30,,27694,3,,,1,70,,27725,3,,,1,30,,27709,3,,,1,70,,27704,3,,,1,30,,27695,3,,,1,70,,27690,3,,,1,30,,27692,3,,,1,70,,27739,3,,,1,30,,27737,3,,,1,70,,27735,3,,,1,30,,27711,3,,,1,70,,27729,3,,,1,30,,27705,3,,,1,70,,27743,3,,,1,30,,27698,3,,,1,70,,27741,3,,,1
20601,'2',1830,,27754,3,,,1,70,,27751,3,,,1,30,,18171,3,,,1,70,,27760,3,,,1,30,,27756,3,,,1,70,,27762,3,,,1,30,,27759,3,,,1,70,,27747,3,,,1,30,,27757,3,,,1,70,,27749,3,,,1
20601,'3',1830,,27774,3,,,1,70,,27769,3,,,1,30,,27767,3,,,1,70,,27764,3,,,1,30,,27777,3,,,1,70,,27782,3,,,1,30,,27781,3,,,1,70,,27772,3,,,1,30,,27780,3,,,1,70,,27775,3,,,1
20601,'4',1830,,27787,3,,,1,70,,27798,3,,,1,30,,27800,3,,,1,70,,27797,3,,,1,30,,27792,3,,,1,70,,27786,3,,,1,30,,27801,3,,,1,70,,27784,3,,,1,30,,27790,3,,,1,70,,27802,3,,,1
20601,'5',1830,,27805,3,,,1,70,,27823,3,,,1,30,,27811,3,,,1,70,,27809,3,,,1,30,,27806,3,,,1,70,,27818,3,,,1,30,,27817,3,,,1,70,,27821,3,,,1,30,,27807,3,,,1,70,,27813,3,,,1
20601,'6',657,,27869,3,,,1,70,,27865,3,,,1,30,,27863,3,,,1,70,,27827,3,,,1,30,,27844,3,,,1,70,,27842,3,,,1,30,,27873,3,,,1,70,,27828,3,,,1,30,,27874,3,,,1,70,,27829,3,,,1,30,,27868,3,,,1,70,,27847,3,,,1,30,,27839,3,,,1,70,,27879,3,,,1,30,,27867,3,,,1,70,,27825,3,,,1,30,,27862,3,,,1,70,,27860,3,,,1,30,,27871,3,,,1,70,,27831,3,,,1,30,,27857,3,,,1,70,,27872,3,,,1,30,,27856,3,,,1,70,,27878,3,,,1,30,,27834,3,,,1,70,,27835,3,,,1,30,,27837,3,,,1,70,,27876,3,,,1
20601,'7',1830,,27888,3,,,1,70,,27885,3,,,1,30,,27897,3,,,1,70,,27890,3,,,1,30,,27896,3,,,1,70,,27886,3,,,1,30,,27882,3,,,1,70,,27895,3,,,1,30,,27893,3,,,1,70,,27898,3,,,1
20601,'8',1830,,27901,3,,,1,70,,27909,3,,,1,30,,27905,3,,,1,70,,27913,3,,,1,30,,27906,3,,,1,70,,27917,3,,,1,30,,27918,3,,,1,70,,27902,3,,,1,30,,27900,3,,,1,70,,27907,3,,,1
20601,'9',1830,,27920,3,,,1,70,,27936,3,,,1,30,,27928,3,,,1,70,,27939,3,,,1,30,,27937,3,,,1,70,,27923,3,,,1,30,,27925,3,,,1,70,,27935,3,,,1,30,,27931,3,,,1,70,,27930,3,,,1
