11200,'1',707,,24244,30,4,,1,100,,24237,30,4,,1,100,,24236,30,4,,1,100,,24235,30,4,,1,100,,24238,30,4,,1,100,,24239,30,4,,1,100,,24243,30,4,,1,100,,24234,30,4,,1,100,,24240,30,4,,1,100,,24242,30,4,,1,100,,24241,30,4,,1
11200,'2',707,,24254,30,4,,1,100,,24252,30,4,,1,100,,24245,30,4,,1,100,,24248,30,4,,1,100,,24250,30,4,,1,100,,24255,30,4,,1,100,,24253,30,4,,1,100,,24247,30,4,,1,100,,24249,30,4,,1,100,,24251,30,4,,1,100,,24246,30,4,,1
11200,'3',707,,24258,30,4,,1,100,,24266,30,4,,1,100,,24264,30,4,,1,100,,24260,30,4,,1,100,,24259,30,4,,1,100,,24257,30,4,,1,100,,24265,30,4,,1,100,,24261,30,4,,1,100,,24262,30,4,,1,100,,24256,30,4,,1,100,,24263,30,4,,1
11200,'4',707,,24274,30,4,,1,100,,24272,30,4,,1,100,,24273,30,4,,1,100,,24275,30,4,,1,100,,24277,30,4,,1,100,,24267,30,4,,1,100,,24276,30,4,,1,100,,24268,30,4,,1,100,,24270,30,4,,1,100,,24271,30,4,,1,100,,24269,30,4,,1
11200,'5',707,,24281,30,4,,1,100,,24282,30,4,,1,100,,24287,30,4,,1,100,,24278,30,4,,1,100,,24279,30,4,,1,100,,24280,30,4,,1,100,,24286,30,4,,1,100,,24288,30,4,,1,100,,24284,30,4,,1,100,,24285,30,4,,1,100,,24283,30,4,,1
11200,'7',707,,24290,30,4,,1,100,,24294,30,4,,1,100,,24295,30,4,,1,100,,24296,30,4,,1,100,,24291,30,4,,1,100,,24299,30,4,,1,100,,24293,30,4,,1,100,,24297,30,4,,1,100,,24289,30,4,,1,100,,24298,30,4,,1,100,,24292,30,4,,1
11200,'8',707,,24308,30,4,,1,100,,24301,30,4,,1,100,,24304,30,4,,1,100,,24307,30,4,,1,100,,24305,30,4,,1,100,,24310,30,4,,1,100,,24300,30,4,,1,100,,24302,30,4,,1,100,,24303,30,4,,1,100,,24306,30,4,,1,100,,24309,30,4,,1
11200,'9',707,,24320,30,4,,1,100,,24311,30,4,,1,100,,24315,30,4,,1,100,,24319,30,4,,1,100,,24317,30,4,,1,100,,24316,30,4,,1,100,,24312,30,4,,1,100,,24314,30,4,,1,100,,24321,30,4,,1,100,,24318,30,4,,1,100,,24313,30,4,,1
11201,'1',709,,24332,1,,,1,100,,24338,1,,,1,100,,24328,1,,,1,100,,24335,1,,,1,100,,24329,1,,,1,100,,24325,1,,,1,100,,24326,1,,,1,100,,24340,1,,,1,100,,17429,1,,,1,100,,24327,1,,,1,100,,24342,1,,,1
11201,'2',709,,24350,1,,,1,100,,24361,1,,,1,100,,24344,1,,,1,100,,24349,1,,,1,100,,24343,1,,,1,100,,24357,1,,,1,100,,24363,1,,,1,100,,24362,1,,,1,100,,24355,1,,,1,100,,24358,1,,,1,100,,24351,1,,,1
11201,'3',709,,24376,1,,,1,100,,24381,1,,,1,100,,24379,1,,,1,100,,24370,1,,,1,100,,24369,1,,,1,100,,24384,1,,,1,100,,24373,1,,,1,100,,24372,1,,,1,100,,24377,1,,,1,100,,24368,1,,,1,100,,24375,1,,,1
11201,'4',709,,24388,1,,,1,100,,24400,1,,,1,100,,24398,1,,,1,100,,24389,1,,,1,100,,24386,1,,,1,100,,24397,1,,,1,100,,24395,1,,,1,100,,24399,1,,,1,100,,24396,1,,,1,100,,24390,1,,,1,100,,24402,1,,,1
11201,'5',709,,24416,1,,,1,100,,24410,1,,,1,100,,24409,1,,,1,100,,24420,1,,,1,100,,24411,1,,,1,100,,24425,1,,,1,100,,24424,1,,,1,100,,24422,1,,,1,100,,24414,1,,,1,100,,24415,1,,,1,100,,24421,1,,,1
11201,'7',709,,24434,1,,,1,100,,24436,1,,,1,100,,24445,1,,,1,100,,24433,1,,,1,100,,24439,1,,,1,100,,24443,1,,,1,100,,24446,1,,,1,100,,24444,1,,,1,100,,24450,1,,,1,100,,24437,1,,,1,100,,24430,1,,,1
11201,'8',709,,24455,1,,,1,100,,24462,1,,,1,100,,24453,1,,,1,100,,24457,1,,,1,100,,24458,1,,,1,100,,24465,1,,,1,100,,24464,1,,,1,100,,24463,1,,,1,100,,24471,1,,,1,100,,24460,1,,,1,100,,24470,1,,,1
11201,'9',709,,24475,1,,,1,100,,24489,1,,,1,100,,24492,1,,,1,100,,24483,1,,,1,100,,24495,1,,,1,100,,24493,1,,,1,100,,24486,1,,,1,100,,24476,1,,,1,100,,24490,1,,,1,100,,24491,1,,,1,100,,24480,1,,,1
