10301,'1',619,,20467,19,,,1,100,,20476,19,,,1,30,,20474,19,,,1,70,,20481,19,,,1,30,,20479,19,,,1,70,,20483,19,,,1,30,,20471,19,,,1,70,,20478,19,,,1,100,,20473,19,,,1,100,,20469,19,,,1,100,,20480,19,,,1,100,,20470,19,,,1,100,,20485,19,,,1,30,,17632,19,,,1,70,,20477,19,,,1,30,,20475,19,,,1,70,,20484,19,,,1,30,,20472,19,,,1,70,,20482,19,,,1,30,,20468,19,,,1
10301,'2',619,,20487,19,,,1,100,,20493,19,,,1,30,,20491,19,,,1,70,,20488,19,,,1,30,,20486,19,,,1,70,,20498,19,,,1,30,,20503,19,,,1,70,,20495,19,,,1,100,,20504,19,,,1,100,,20499,19,,,1,100,,20494,19,,,1,100,,20490,19,,,1,100,,20505,19,,,1,30,,20489,19,,,1,70,,20497,19,,,1,30,,20496,19,,,1,70,,20500,19,,,1,30,,20492,19,,,1,70,,20501,19,,,1,30,,20502,19,,,1
10301,'3',619,,20511,19,,,1,100,,20521,19,,,1,30,,20509,19,,,1,70,,20515,19,,,1,30,,20512,19,,,1,70,,20507,19,,,1,30,,20506,19,,,1,70,,20518,19,,,1,100,,20508,19,,,1,100,,20522,19,,,1,100,,20516,19,,,1,100,,20523,19,,,1,100,,20513,19,,,1,30,,20510,19,,,1,70,,20524,19,,,1,30,,20517,19,,,1,70,,20520,19,,,1,30,,20514,19,,,1,70,,20519,19,,,1,30,,20525,19,,,1
10301,'4',619,,20534,19,,,1,100,,20531,19,,,1,30,,20529,19,,,1,70,,20533,19,,,1,30,,20537,19,,,1,70,,20532,19,,,1,30,,20538,19,,,1,70,,20527,19,,,1,100,,20535,19,,,1,100,,20528,19,,,1,100,,20543,19,,,1,100,,20540,19,,,1,100,,20530,19,,,1,30,,20542,19,,,1,70,,20536,19,,,1,30,,20539,19,,,1,70,,20544,19,,,1,30,,20545,19,,,1,70,,20541,19,,,1,30,,20526,19,,,1
10301,'5',619,,20562,19,,,1,100,,20547,19,,,1,30,,20550,19,,,1,70,,20558,19,,,1,30,,20549,19,,,1,70,,20560,19,,,1,30,,20565,19,,,1,70,,20564,19,,,1,100,,20554,19,,,1,100,,20548,19,,,1,100,,20546,19,,,1,100,,20561,19,,,1,100,,20559,19,,,1,30,,20556,19,,,1,70,,20555,19,,,1,30,,20551,19,,,1,70,,20563,19,,,1,30,,20557,19,,,1,70,,20553,19,,,1,30,,20552,19,,,1
10301,'7',619,,20583,19,,,1,100,,20579,19,,,1,30,,20568,19,,,1,70,,20570,19,,,1,30,,20574,19,,,1,70,,20580,19,,,1,30,,20566,19,,,1,70,,20576,19,,,1,100,,20585,19,,,1,100,,20573,19,,,1,100,,20571,19,,,1,100,,20575,19,,,1,100,,20578,19,,,1,30,,20567,19,,,1,70,,20577,19,,,1,30,,20584,19,,,1,70,,20582,19,,,1,30,,20581,19,,,1,70,,20569,19,,,1,30,,20572,19,,,1
10301,'8',619,,20594,19,,,1,100,,20588,19,,,1,30,,20596,19,,,1,70,,20602,19,,,1,30,,20598,19,,,1,70,,20600,19,,,1,30,,20592,19,,,1,70,,20593,19,,,1,100,,20595,19,,,1,100,,20591,19,,,1,100,,20586,19,,,1,100,,20590,19,,,1,100,,20605,19,,,1,30,,20597,19,,,1,70,,20603,19,,,1,30,,20601,19,,,1,70,,20604,19,,,1,30,,20599,19,,,1,70,,20587,19,,,1,30,,20589,19,,,1
10301,'9',619,,20611,19,,,1,100,,20607,19,,,1,30,,20610,19,,,1,70,,20612,19,,,1,30,,20614,19,,,1,70,,20625,19,,,1,30,,20618,19,,,1,70,,20623,19,,,1,100,,20609,19,,,1,100,,20622,19,,,1,100,,20621,19,,,1,100,,20615,19,,,1,100,,20613,19,,,1,30,,20620,19,,,1,70,,20617,19,,,1,30,,20619,19,,,1,70,,20608,19,,,1,30,,20616,19,,,1,70,,20624,19,,,1,30,,20606,19,,,1
20301,'1',1917,,26667,14,0,9 3 10,1,30,,26666,14,0,9 3 10,1,70,,26669,14,0,9 3 10,1,30,,26671,14,0,9 3 10,1,70,,26674,14,0,9 3 10,1,30,,26670,14,0,9 3 10,1,70,,26665,14,0,9 3 10,1,30,,26668,14,0,9 3 10,1,70,,26672,14,0,9 3 10,1,30,,26664,14,0,9 3 10,1
20301,'10',715,,26695,14,0,9 3 10,1,30,,26689,14,0,9 3 10,1,70,,26690,14,0,9 3 10,1,30,,26684,14,0,9 3 10,1,70,,26677,14,0,9 3 10,1,30,,26694,14,0,9 3 10,1,70,,26682,14,0,9 3 10,1,30,,26693,14,0,9 3 10,1,70,,26699,14,0,9 3 10,1,30,,26676,14,0,9 3 10,1,70,,26675,14,0,9 3 10,1,30,,26683,14,0,9 3 10,1,70,,26680,14,0,9 3 10,1,30,,26691,14,0,9 3 10,1,70,,26700,14,0,9 3 10,1,30,,26696,14,0,9 3 10,1,70,,26678,14,0,9 3 10,1,30,,26685,14,0,9 3 10,1,70,,26701,14,0,9 3 10,1,30,,26686,14,0,9 3 10,1,70,,26698,14,0,9 3 10,1,30,,26687,14,0,9 3 10,1,70,,26692,14,0,9 3 10,1,30,,26688,14,0,9 3 10,1,70,,26702,14,0,9 3 10,1,30,,26679,14,0,9 3 10,1,70,,26681,14,0,9 3 10,1,30,,26697,14,0,9 3 10,1
20301,'11',715,,26730,14,0,9 3 10,1,30,,26718,14,0,9 3 10,1,70,,26711,14,0,9 3 10,1,30,,26722,14,0,9 3 10,1,70,,26714,14,0,9 3 10,1,30,,26725,14,0,9 3 10,1,70,,26706,14,0,9 3 10,1,30,,26709,14,0,9 3 10,1,70,,26705,14,0,9 3 10,1,30,,26726,14,0,9 3 10,1,70,,26719,14,0,9 3 10,1,30,,26703,14,0,9 3 10,1,70,,26704,14,0,9 3 10,1,30,,26729,14,0,9 3 10,1,70,,26717,14,0,9 3 10,1,30,,26710,14,0,9 3 10,1,70,,26708,14,0,9 3 10,1,30,,26724,14,0,9 3 10,1,70,,26715,14,0,9 3 10,1,30,,26721,14,0,9 3 10,1,70,,26728,14,0,9 3 10,1,30,,26707,14,0,9 3 10,1,70,,26723,14,0,9 3 10,1,30,,26720,14,0,9 3 10,1,70,,26716,14,0,9 3 10,1,30,,26727,14,0,9 3 10,1,70,,26713,14,0,9 3 10,1,30,,26712,14,0,9 3 10,1
20301,'2',1917,,26740,14,0,9 3 10,1,30,,26735,14,0,9 3 10,1,70,,26732,14,0,9 3 10,1,30,,26734,14,0,9 3 10,1,70,,26739,14,0,9 3 10,1,30,,26731,14,0,9 3 10,1,70,,26741,14,0,9 3 10,1,30,,26733,14,0,9 3 10,1,70,,26738,14,0,9 3 10,1,30,,26737,14,0,9 3 10,1
20301,'3',1917,,26752,14,0,9 3 10,1,30,,26748,14,0,9 3 10,1,70,,26750,14,0,9 3 10,1,30,,26745,14,0,9 3 10,1,70,,26746,14,0,9 3 10,1,30,,26749,14,0,9 3 10,1,70,,26744,14,0,9 3 10,1,30,,26743,14,0,9 3 10,1,70,,26751,14,0,9 3 10,1,30,,26742,14,0,9 3 10,1
20301,'4',1917,,26753,14,0,9 3 10,1,30,,26762,14,0,9 3 10,1,70,,26759,14,0,9 3 10,1,30,,26760,14,0,9 3 10,1,70,,26761,14,0,9 3 10,1,30,,26754,14,0,9 3 10,1,70,,26757,14,0,9 3 10,1,30,,26763,14,0,9 3 10,1,70,,26756,14,0,9 3 10,1,30,,26758,14,0,9 3 10,1
20301,'5',1917,,26770,14,0,9 3 10,1,30,,26766,14,0,9 3 10,1,70,,26772,14,0,9 3 10,1,30,,26773,14,0,9 3 10,1,70,,26765,14,0,9 3 10,1,30,,26767,14,0,9 3 10,1,70,,26774,14,0,9 3 10,1,30,,26771,14,0,9 3 10,1,70,,26769,14,0,9 3 10,1,30,,26768,14,0,9 3 10,1
20301,'6',715,,26786,14,0,9 3 10,1,30,,26798,14,0,9 3 10,1,70,,26794,14,0,9 3 10,1,30,,26801,14,0,9 3 10,1,70,,26785,14,0,9 3 10,1,30,,26782,14,0,9 3 10,1,70,,26797,14,0,9 3 10,1,30,,26775,14,0,9 3 10,1,70,,26781,14,0,9 3 10,1,30,,26788,14,0,9 3 10,1,70,,26796,14,0,9 3 10,1,30,,26790,14,0,9 3 10,1,70,,26778,14,0,9 3 10,1,30,,26799,14,0,9 3 10,1,70,,26791,14,0,9 3 10,1,30,,26776,14,0,9 3 10,1,70,,26783,14,0,9 3 10,1,30,,26777,14,0,9 3 10,1,70,,26793,14,0,9 3 10,1,30,,26802,14,0,9 3 10,1,70,,26784,14,0,9 3 10,1,30,,26787,14,0,9 3 10,1,70,,26779,14,0,9 3 10,1,30,,26800,14,0,9 3 10,1,70,,26780,14,0,9 3 10,1,30,,26792,14,0,9 3 10,1,70,,26795,14,0,9 3 10,1,30,,26789,14,0,9 3 10,1
20301,'7',1917,,26808,14,0,9 3 10,1,30,,26809,14,0,9 3 10,1,70,,26803,14,0,9 3 10,1,30,,26810,14,0,9 3 10,1,70,,26805,14,0,9 3 10,1,30,,26804,14,0,9 3 10,1,70,,26811,14,0,9 3 10,1,30,,26806,14,0,9 3 10,1,70,,26812,14,0,9 3 10,1,30,,26807,14,0,9 3 10,1
20301,'8',1917,,26816,14,0,9 3 10,1,30,,26821,14,0,9 3 10,1,70,,26815,14,0,9 3 10,1,30,,26817,14,0,9 3 10,1,70,,26820,14,0,9 3 10,1,30,,26824,14,0,9 3 10,1,70,,26823,14,0,9 3 10,1,30,,26819,14,0,9 3 10,1,70,,26814,14,0,9 3 10,1,30,,26818,14,0,9 3 10,1
20301,'9',1917,,26825,14,0,9 3 10,1,30,,26828,14,0,9 3 10,1,70,,26834,14,0,9 3 10,1,30,,26831,14,0,9 3 10,1,70,,26832,14,0,9 3 10,1,30,,26835,14,0,9 3 10,1,70,,26830,14,0,9 3 10,1,30,,26829,14,0,9 3 10,1,70,,26827,14,0,9 3 10,1,30,,26833,14,0,9 3 10,1
