11601,'1',607,,26176,2,0,9 3 10 16,1,30,,26150,2,0,9 3 10 16,1,70,,26158,2,0,9 3 10 16,1,30,,26170,2,0,9 3 10 16,1,70,,18245,2,0,9 3 10 16,1,30,,26144,2,0,9 3 10 16,1,70,,26173,2,0,9 3 10 16,1,30,,26135,2,0,9 3 10 16,1,70,,26136,2,0,9 3 10 16,1,30,,26161,2,0,9 3 10 16,1,70,,26160,2,0,9 3 10 16,1,30,,26155,2,0,9 3 10 16,1,70,,26137,2,0,9 3 10 16,1,30,,26174,2,0,9 3 10 16,1,70,,26143,2,0,9 3 10 16,1,30,,26172,2,0,9 3 10 16,1,70,,26148,2,0,9 3 10 16,1,30,,26142,2,0,9 3 10 16,1,70,,26157,2,0,9 3 10 16,1,30,,26162,2,0,9 3 10 16,1,70,,26154,2,0,9 3 10 16,1,30,,26168,2,0,9 3 10 16,1,70,,26163,2,0,9 3 10 16,1,30,,19734,2,0,9 3 10 16,1
11601,'2',607,,26218,2,0,9 3 10 16,1,30,,26192,2,0,9 3 10 16,1,70,,26223,2,0,9 3 10 16,1,30,,26219,2,0,9 3 10 16,1,70,,26188,2,0,9 3 10 16,1,30,,26193,2,0,9 3 10 16,1,70,,26214,2,0,9 3 10 16,1,30,,26208,2,0,9 3 10 16,1,70,,26182,2,0,9 3 10 16,1,30,,26217,2,0,9 3 10 16,1,70,,26178,2,0,9 3 10 16,1,30,,26215,2,0,9 3 10 16,1,70,,26221,2,0,9 3 10 16,1,30,,26194,2,0,9 3 10 16,1,70,,26186,2,0,9 3 10 16,1,30,,26195,2,0,9 3 10 16,1,70,,26203,2,0,9 3 10 16,1,30,,26211,2,0,9 3 10 16,1,70,,26189,2,0,9 3 10 16,1,30,,26213,2,0,9 3 10 16,1,70,,26181,2,0,9 3 10 16,1,30,,26212,2,0,9 3 10 16,1,70,,26198,2,0,9 3 10 16,1,30,,26185,2,0,9 3 10 16,1
11601,'3',607,,26226,2,0,9 3 10 16,1,30,,26268,2,0,9 3 10 16,1,70,,26227,2,0,9 3 10 16,1,30,,26251,2,0,9 3 10 16,1,70,,26266,2,0,9 3 10 16,1,30,,26244,2,0,9 3 10 16,1,70,,26256,2,0,9 3 10 16,1,30,,26264,2,0,9 3 10 16,1,70,,26254,2,0,9 3 10 16,1,30,,26271,2,0,9 3 10 16,1,70,,26260,2,0,9 3 10 16,1,30,,26252,2,0,9 3 10 16,1,70,,26224,2,0,9 3 10 16,1,30,,26237,2,0,9 3 10 16,1,70,,26232,2,0,9 3 10 16,1,30,,26267,2,0,9 3 10 16,1,70,,26259,2,0,9 3 10 16,1,30,,26258,2,0,9 3 10 16,1,70,,26253,2,0,9 3 10 16,1,30,,26249,2,0,9 3 10 16,1,70,,26243,2,0,9 3 10 16,1,30,,26257,2,0,9 3 10 16,1,70,,26228,2,0,9 3 10 16,1,30,,26262,2,0,9 3 10 16,1
11601,'4',607,,26272,2,0,9 3 10 16,1,30,,26300,2,0,9 3 10 16,1,70,,26294,2,0,9 3 10 16,1,30,,26291,2,0,9 3 10 16,1,70,,26309,2,0,9 3 10 16,1,30,,26312,2,0,9 3 10 16,1,70,,26285,2,0,9 3 10 16,1,30,,26315,2,0,9 3 10 16,1,70,,26313,2,0,9 3 10 16,1,30,,26306,2,0,9 3 10 16,1,70,,26318,2,0,9 3 10 16,1,30,,26308,2,0,9 3 10 16,1,70,,26289,2,0,9 3 10 16,1,30,,26288,2,0,9 3 10 16,1,70,,26273,2,0,9 3 10 16,1,30,,26317,2,0,9 3 10 16,1,70,,26293,2,0,9 3 10 16,1,30,,26319,2,0,9 3 10 16,1,70,,26286,2,0,9 3 10 16,1,30,,26292,2,0,9 3 10 16,1,70,,26298,2,0,9 3 10 16,1,30,,26279,2,0,9 3 10 16,1,70,,26314,2,0,9 3 10 16,1,30,,26282,2,0,9 3 10 16,1
11601,'5',607,,26349,2,0,9 3 10 16,1,30,,26356,2,0,9 3 10 16,1,70,,26351,2,0,9 3 10 16,1,30,,26347,2,0,9 3 10 16,1,70,,26366,2,0,9 3 10 16,1,30,,26339,2,0,9 3 10 16,1,70,,26324,2,0,9 3 10 16,1,30,,26361,2,0,9 3 10 16,1,70,,26340,2,0,9 3 10 16,1,30,,26336,2,0,9 3 10 16,1,70,,26331,2,0,9 3 10 16,1,30,,26364,2,0,9 3 10 16,1,70,,26363,2,0,9 3 10 16,1,30,,26342,2,0,9 3 10 16,1,70,,26321,2,0,9 3 10 16,1,30,,26344,2,0,9 3 10 16,1,70,,26338,2,0,9 3 10 16,1,30,,26325,2,0,9 3 10 16,1,70,,26357,2,0,9 3 10 16,1,30,,26322,2,0,9 3 10 16,1,70,,26354,2,0,9 3 10 16,1,30,,26337,2,0,9 3 10 16,1,70,,26350,2,0,9 3 10 16,1,30,,26323,2,0,9 3 10 16,1
11601,'7',607,,26387,2,0,9 3 10 16,1,30,,26403,2,0,9 3 10 16,1,70,,26410,2,0,9 3 10 16,1,30,,26402,2,0,9 3 10 16,1,70,,26401,2,0,9 3 10 16,1,30,,26414,2,0,9 3 10 16,1,70,,26379,2,0,9 3 10 16,1,30,,26371,2,0,9 3 10 16,1,70,,26377,2,0,9 3 10 16,1,30,,26397,2,0,9 3 10 16,1,70,,26393,2,0,9 3 10 16,1,30,,26399,2,0,9 3 10 16,1,70,,26388,2,0,9 3 10 16,1,30,,26382,2,0,9 3 10 16,1,70,,26407,2,0,9 3 10 16,1,30,,26409,2,0,9 3 10 16,1,70,,26381,2,0,9 3 10 16,1,30,,26370,2,0,9 3 10 16,1,70,,26392,2,0,9 3 10 16,1,30,,26374,2,0,9 3 10 16,1,70,,26368,2,0,9 3 10 16,1,30,,26395,2,0,9 3 10 16,1,70,,26389,2,0,9 3 10 16,1,30,,26396,2,0,9 3 10 16,1
11601,'8',607,,26448,2,0,9 3 10 16,1,30,,26422,2,0,9 3 10 16,1,70,,26445,2,0,9 3 10 16,1,30,,26436,2,0,9 3 10 16,1,70,,26419,2,0,9 3 10 16,1,30,,26441,2,0,9 3 10 16,1,70,,26462,2,0,9 3 10 16,1,30,,26432,2,0,9 3 10 16,1,70,,26460,2,0,9 3 10 16,1,30,,26433,2,0,9 3 10 16,1,70,,26455,2,0,9 3 10 16,1,30,,26451,2,0,9 3 10 16,1,70,,26423,2,0,9 3 10 16,1,30,,26440,2,0,9 3 10 16,1,70,,26434,2,0,9 3 10 16,1,30,,26420,2,0,9 3 10 16,1,70,,26439,2,0,9 3 10 16,1,30,,26437,2,0,9 3 10 16,1,70,,26443,2,0,9 3 10 16,1,30,,26454,2,0,9 3 10 16,1,70,,26431,2,0,9 3 10 16,1,30,,26457,2,0,9 3 10 16,1,70,,26459,2,0,9 3 10 16,1,30,,26417,2,0,9 3 10 16,1
11601,'9',607,,26479,2,0,9 3 10 16,1,30,,26500,2,0,9 3 10 16,1,70,,26481,2,0,9 3 10 16,1,30,,26480,2,0,9 3 10 16,1,70,,26486,2,0,9 3 10 16,1,30,,26504,2,0,9 3 10 16,1,70,,26466,2,0,9 3 10 16,1,30,,26492,2,0,9 3 10 16,1,70,,26478,2,0,9 3 10 16,1,30,,26507,2,0,9 3 10 16,1,70,,26505,2,0,9 3 10 16,1,30,,26508,2,0,9 3 10 16,1,70,,26475,2,0,9 3 10 16,1,30,,26471,2,0,9 3 10 16,1,70,,26476,2,0,9 3 10 16,1,30,,26490,2,0,9 3 10 16,1,70,,26502,2,0,9 3 10 16,1,30,,26464,2,0,9 3 10 16,1,70,,26501,2,0,9 3 10 16,1,30,,26511,2,0,9 3 10 16,1,70,,26484,2,0,9 3 10 16,1,30,,26472,2,0,9 3 10 16,1,70,,26470,2,0,9 3 10 16,1,30,,26465,2,0,9 3 10 16,1
21601,'1',1807,,29753,2,0,9 3 10 16,1,30,,29769,2,0,9 3 10 16,1,70,,29764,2,0,9 3 10 16,1,30,,29759,2,0,9 3 10 16,1,70,,29762,2,0,9 3 10 16,1,30,,29765,2,0,9 3 10 16,1,70,,29760,2,0,9 3 10 16,1,30,,18110,2,0,9 3 10 16,1,70,,29756,2,0,9 3 10 16,1,30,,29751,2,0,9 3 10 16,1,70,,29755,2,0,9 3 10 16,1
21601,'10',637,,29788,2,0,9 3 10 16,1,70,,29802,2,0,9 3 10 16,1,30,,29774,2,0,9 3 10 16,1,70,,29812,2,0,9 3 10 16,1,30,,29825,2,0,9 3 10 16,1,70,,29796,2,0,9 3 10 16,1,30,,29775,2,0,9 3 10 16,1,70,,29797,2,0,9 3 10 16,1,30,,29823,2,0,9 3 10 16,1,70,,29781,2,0,9 3 10 16,1,30,,29805,2,0,9 3 10 16,1,70,,29776,2,0,9 3 10 16,1,30,,29814,2,0,9 3 10 16,1,70,,29827,2,0,9 3 10 16,1,30,,29810,2,0,9 3 10 16,1,70,,29773,2,0,9 3 10 16,1,30,,29790,2,0,9 3 10 16,1,70,,29809,2,0,9 3 10 16,1,30,,29824,2,0,9 3 10 16,1,70,,29777,2,0,9 3 10 16,1,30,,29826,2,0,9 3 10 16,1,70,,29785,2,0,9 3 10 16,1,30,,29807,2,0,9 3 10 16,1,70,,29804,2,0,9 3 10 16,1,30,,18981,2,0,9 3 10 16,1,70,,29779,2,0,9 3 10 16,1,30,,29786,2,0,9 3 10 16,1,70,,29808,2,0,9 3 10 16,1,30,,29822,2,0,9 3 10 16,1
21601,'11',637,,29877,2,0,9 3 10 16,1,70,,29860,2,0,9 3 10 16,1,30,,29853,2,0,9 3 10 16,1,70,,29874,2,0,9 3 10 16,1,30,,29850,2,0,9 3 10 16,1,70,,29867,2,0,9 3 10 16,1,30,,29849,2,0,9 3 10 16,1,70,,29852,2,0,9 3 10 16,1,30,,29882,2,0,9 3 10 16,1,70,,29857,2,0,9 3 10 16,1,30,,29868,2,0,9 3 10 16,1,70,,29880,2,0,9 3 10 16,1,30,,29836,2,0,9 3 10 16,1,70,,29844,2,0,9 3 10 16,1,30,,29866,2,0,9 3 10 16,1,70,,29871,2,0,9 3 10 16,1,30,,29859,2,0,9 3 10 16,1,70,,29875,2,0,9 3 10 16,1,30,,29873,2,0,9 3 10 16,1,70,,29864,2,0,9 3 10 16,1,30,,29838,2,0,9 3 10 16,1,70,,29851,2,0,9 3 10 16,1,30,,29870,2,0,9 3 10 16,1,70,,29884,2,0,9 3 10 16,1,30,,29856,2,0,9 3 10 16,1,70,,29876,2,0,9 3 10 16,1,30,,29831,2,0,9 3 10 16,1,70,,29886,2,0,9 3 10 16,1,30,,29841,2,0,9 3 10 16,1
21601,'2',1807,,29904,2,0,9 3 10 16,1,30,,29892,2,0,9 3 10 16,1,70,,29893,2,0,9 3 10 16,1,30,,29899,2,0,9 3 10 16,1,70,,29903,2,0,9 3 10 16,1,30,,29888,2,0,9 3 10 16,1,70,,29906,2,0,9 3 10 16,1,30,,29889,2,0,9 3 10 16,1,70,,29905,2,0,9 3 10 16,1,30,,29897,2,0,9 3 10 16,1,70,,29898,2,0,9 3 10 16,1
21601,'3',1807,,29913,2,0,9 3 10 16,1,30,,29926,2,0,9 3 10 16,1,70,,29911,2,0,9 3 10 16,1,30,,29910,2,0,9 3 10 16,1,70,,29919,2,0,9 3 10 16,1,30,,29923,2,0,9 3 10 16,1,70,,29927,2,0,9 3 10 16,1,30,,29909,2,0,9 3 10 16,1,70,,29914,2,0,9 3 10 16,1,30,,29915,2,0,9 3 10 16,1,70,,29917,2,0,9 3 10 16,1
21601,'4',1807,,29950,2,0,9 3 10 16,1,30,,29936,2,0,9 3 10 16,1,70,,29941,2,0,9 3 10 16,1,30,,29934,2,0,9 3 10 16,1,70,,29943,2,0,9 3 10 16,1,30,,29938,2,0,9 3 10 16,1,70,,29949,2,0,9 3 10 16,1,30,,29946,2,0,9 3 10 16,1,70,,29948,2,0,9 3 10 16,1,30,,29931,2,0,9 3 10 16,1,70,,29939,2,0,9 3 10 16,1
21601,'5',1807,,29959,2,0,9 3 10 16,1,30,,29958,2,0,9 3 10 16,1,70,,29961,2,0,9 3 10 16,1,30,,29969,2,0,9 3 10 16,1,70,,29965,2,0,9 3 10 16,1,30,,29968,2,0,9 3 10 16,1,70,,29964,2,0,9 3 10 16,1,30,,29955,2,0,9 3 10 16,1,70,,29971,2,0,9 3 10 16,1,30,,29962,2,0,9 3 10 16,1,70,,29972,2,0,9 3 10 16,1
21601,'6',637,,29990,2,0,9 3 10 16,1,70,,29985,2,0,9 3 10 16,1,30,,30008,2,0,9 3 10 16,1,70,,30003,2,0,9 3 10 16,1,30,,30002,2,0,9 3 10 16,1,70,,30014,2,0,9 3 10 16,1,30,,30028,2,0,9 3 10 16,1,70,,29986,2,0,9 3 10 16,1,30,,29994,2,0,9 3 10 16,1,70,,30024,2,0,9 3 10 16,1,30,,30029,2,0,9 3 10 16,1,70,,29981,2,0,9 3 10 16,1,30,,29979,2,0,9 3 10 16,1,70,,30025,2,0,9 3 10 16,1,30,,29980,2,0,9 3 10 16,1,70,,29988,2,0,9 3 10 16,1,30,,29992,2,0,9 3 10 16,1,70,,30021,2,0,9 3 10 16,1,30,,29975,2,0,9 3 10 16,1,70,,30004,2,0,9 3 10 16,1,30,,29983,2,0,9 3 10 16,1,70,,29987,2,0,9 3 10 16,1,30,,30000,2,0,9 3 10 16,1,70,,30019,2,0,9 3 10 16,1,30,,30009,2,0,9 3 10 16,1,70,,30007,2,0,9 3 10 16,1,30,,30011,2,0,9 3 10 16,1,70,,30030,2,0,9 3 10 16,1,30,,29995,2,0,9 3 10 16,1
21601,'7',1807,,30052,2,0,9 3 10 16,1,30,,30053,2,0,9 3 10 16,1,70,,30043,2,0,9 3 10 16,1,30,,30035,2,0,9 3 10 16,1,70,,30033,2,0,9 3 10 16,1,30,,30047,2,0,9 3 10 16,1,70,,30045,2,0,9 3 10 16,1,30,,30041,2,0,9 3 10 16,1,70,,30050,2,0,9 3 10 16,1,30,,30036,2,0,9 3 10 16,1,70,,30038,2,0,9 3 10 16,1
21601,'8',1807,,30072,2,0,9 3 10 16,1,30,,30066,2,0,9 3 10 16,1,70,,30062,2,0,9 3 10 16,1,30,,30055,2,0,9 3 10 16,1,70,,30063,2,0,9 3 10 16,1,30,,30061,2,0,9 3 10 16,1,70,,30067,2,0,9 3 10 16,1,30,,30054,2,0,9 3 10 16,1,70,,30057,2,0,9 3 10 16,1,30,,30073,2,0,9 3 10 16,1,70,,30075,2,0,9 3 10 16,1
21601,'9',1807,,30076,2,0,9 3 10 16,1,30,,30097,2,0,9 3 10 16,1,70,,30092,2,0,9 3 10 16,1,30,,30079,2,0,9 3 10 16,1,70,,30077,2,0,9 3 10 16,1,30,,30083,2,0,9 3 10 16,1,70,,30087,2,0,9 3 10 16,1,30,,30091,2,0,9 3 10 16,1,70,,30090,2,0,9 3 10 16,1,30,,30094,2,0,9 3 10 16,1,70,,30081,2,0,9 3 10 16,1
