20500,'1',1900,,27170,6,,,1,100,,27164,6,,,1,100,,27171,6,,,1,100,,27165,6,,,1
20500,'10',700,,27182,6,,,1,100,,27187,6,,,1,100,,19499,6,,,1,100,,27177,6,,,1,100,,27176,6,,,1,100,,27175,6,,,1,100,,27185,6,,,1,100,,27196,6,,,1,100,,27180,6,,,1,100,,27195,6,,,1,100,,27183,6,,,1,100,,27190,6,,,1,100,,27178,6,,,1,100,,27198,6,,,1
20500,'11',700,,27200,6,,,1,100,,27216,6,,,1,100,,27201,6,,,1,100,,27224,6,,,1,100,,27215,6,,,1,100,,27220,6,,,1,100,,27223,6,,,1,100,,27213,6,,,1,100,,27210,6,,,1,100,,27221,6,,,1,100,,27226,6,,,1,100,,27214,6,,,1,100,,27209,6,,,1,100,,27218,6,,,1
20500,'2',1900,,27230,6,,,1,100,,27227,6,,,1,100,,27234,6,,,1,100,,27233,6,,,1
20500,'3',1900,,27237,6,,,1,100,,27235,6,,,1,100,,27240,6,,,1,100,,27241,6,,,1
20500,'4',1900,,27243,6,,,1,100,,27246,6,,,1,100,,27247,6,,,1,100,,27248,6,,,1
20500,'5',1900,,27256,6,,,1,100,,27253,6,,,1,100,,27251,6,,,1,100,,27254,6,,,1
20500,'6',700,,27284,6,,,1,100,,27277,6,,,1,100,,27286,6,,,1,100,,27283,6,,,1,100,,27281,6,,,1,100,,27279,6,,,1,100,,27261,6,,,1,100,,27268,6,,,1,100,,27272,6,,,1,100,,27275,6,,,1,100,,27280,6,,,1,100,,27263,6,,,1,100,,27285,6,,,1,100,,27262,6,,,1
20500,'7',1900,,27288,6,,,1,100,,27291,6,,,1,100,,27287,6,,,1,100,,27292,6,,,1
20500,'8',1900,,27299,6,,,1,100,,27297,6,,,1,100,,27302,6,,,1,100,,27298,6,,,1
20500,'9',1900,,27305,6,,,1,100,,27309,6,,,1,100,,27308,6,,,1,100,,27307,6,,,1
