11600,'1',647,,25805,16,4,,1,70,,25771,16,4,,1,30,,19042,16,4,,1,70,,17594,16,4,,1,30,,25808,16,4,,1,70,,25777,16,4,,1,30,,25807,16,4,,1,70,,25810,16,4,,1,30,,25774,16,4,,1,70,,25811,16,4,,1,30,,25781,16,4,,1,70,,25789,16,4,,1,30,,25798,16,4,,1,70,,25799,16,4,,1,30,,25790,16,4,,1,70,,25804,16,4,,1,30,,25792,16,4,,1,70,,25784,16,4,,1,30,,25802,16,4,,1,70,,25785,16,4,,1,30,,25768,16,4,,1,70,,25783,16,4,,1,30,,25797,16,4,,1
11600,'2',647,,25816,16,4,,1,70,,14960,16,4,,1,30,,25837,16,4,,1,70,,25826,16,4,,1,30,,25813,16,4,,1,70,,25845,16,4,,1,30,,25828,16,4,,1,70,,25815,16,4,,1,30,,25819,16,4,,1,70,,25834,16,4,,1,30,,25843,16,4,,1,70,,25847,16,4,,1,30,,25856,16,4,,1,70,,25853,16,4,,1,30,,25824,16,4,,1,70,,25836,16,4,,1,30,,25820,16,4,,1,70,,25833,16,4,,1,30,,25812,16,4,,1,70,,25855,16,4,,1,30,,25839,16,4,,1,70,,25838,16,4,,1,30,,25818,16,4,,1
11600,'3',647,,25888,16,4,,1,70,,25885,16,4,,1,30,,25902,16,4,,1,70,,25893,16,4,,1,30,,25864,16,4,,1,70,,25899,16,4,,1,30,,25897,16,4,,1,70,,25900,16,4,,1,30,,25887,16,4,,1,70,,25859,16,4,,1,30,,25866,16,4,,1,70,,25884,16,4,,1,30,,25865,16,4,,1,70,,25901,16,4,,1,30,,25868,16,4,,1,70,,25860,16,4,,1,30,,25898,16,4,,1,70,,25870,16,4,,1,30,,25873,16,4,,1,70,,25890,16,4,,1,30,,25889,16,4,,1,70,,25879,16,4,,1,30,,25874,16,4,,1
11600,'4',647,,25919,16,4,,1,70,,25909,16,4,,1,30,,25904,16,4,,1,70,,25929,16,4,,1,30,,25922,16,4,,1,70,,25938,16,4,,1,30,,25946,16,4,,1,70,,25944,16,4,,1,30,,25925,16,4,,1,70,,25923,16,4,,1,30,,25932,16,4,,1,70,,25910,16,4,,1,30,,25905,16,4,,1,70,,25927,16,4,,1,30,,25933,16,4,,1,70,,25941,16,4,,1,30,,25937,16,4,,1,70,,25918,16,4,,1,30,,25908,16,4,,1,70,,25930,16,4,,1,30,,25934,16,4,,1,70,,25921,16,4,,1,30,,25942,16,4,,1
11600,'5',647,,25988,16,4,,1,70,,25950,16,4,,1,30,,25969,16,4,,1,70,,25989,16,4,,1,30,,25966,16,4,,1,70,,25963,16,4,,1,30,,25994,16,4,,1,70,,25979,16,4,,1,30,,25962,16,4,,1,70,,25972,16,4,,1,30,,25975,16,4,,1,70,,25971,16,4,,1,30,,25952,16,4,,1,70,,25991,16,4,,1,30,,25974,16,4,,1,70,,25978,16,4,,1,30,,25986,16,4,,1,70,,25980,16,4,,1,30,,25985,16,4,,1,70,,25951,16,4,,1,30,,25953,16,4,,1,70,,25965,16,4,,1,30,,25970,16,4,,1
11600,'7',647,,26021,16,4,,1,70,,26032,16,4,,1,30,,26010,16,4,,1,70,,26036,16,4,,1,30,,26033,16,4,,1,70,,26013,16,4,,1,30,,26001,16,4,,1,70,,26026,16,4,,1,30,,26025,16,4,,1,70,,26018,16,4,,1,30,,26020,16,4,,1,70,,26028,16,4,,1,30,,26037,16,4,,1,70,,26007,16,4,,1,30,,26004,16,4,,1,70,,26034,16,4,,1,30,,26029,16,4,,1,70,,26040,16,4,,1,30,,26030,16,4,,1,70,,25997,16,4,,1,30,,26012,16,4,,1,70,,26002,16,4,,1,30,,26003,16,4,,1
11600,'8',647,,26048,16,4,,1,70,,26079,16,4,,1,30,,26069,16,4,,1,70,,26065,16,4,,1,30,,26041,16,4,,1,70,,26083,16,4,,1,30,,26078,16,4,,1,70,,26059,16,4,,1,30,,26046,16,4,,1,70,,26053,16,4,,1,30,,26067,16,4,,1,70,,26077,16,4,,1,30,,26074,16,4,,1,70,,26058,16,4,,1,30,,26072,16,4,,1,70,,26042,16,4,,1,30,,26084,16,4,,1,70,,26080,16,4,,1,30,,26070,16,4,,1,70,,26061,16,4,,1,30,,26075,16,4,,1,70,,26068,16,4,,1,30,,26082,16,4,,1
11600,'9',647,,26114,16,4,,1,70,,26094,16,4,,1,30,,26123,16,4,,1,70,,26128,16,4,,1,30,,26113,16,4,,1,70,,26101,16,4,,1,30,,26118,16,4,,1,70,,26087,16,4,,1,30,,26099,16,4,,1,70,,26089,16,4,,1,30,,26109,16,4,,1,70,,26126,16,4,,1,30,,26117,16,4,,1,70,,26110,16,4,,1,30,,26105,16,4,,1,70,,26092,16,4,,1,30,,26124,16,4,,1,70,,26132,16,4,,1,30,,26121,16,4,,1,70,,26096,16,4,,1,30,,26088,16,4,,1,70,,26098,16,4,,1,30,,26115,16,4,,1
11601,'1',605,,26176,1,0,9 3 10 16,1,30,,26150,1,0,9 3 10 16,1,70,,26158,1,0,9 3 10 16,1,30,,26170,1,0,9 3 10 16,1,70,,18245,1,0,9 3 10 16,1,30,,26144,1,0,9 3 10 16,1,70,,26173,1,0,9 3 10 16,1,30,,26135,1,0,9 3 10 16,1,70,,26136,1,0,9 3 10 16,1,30,,26161,1,0,9 3 10 16,1,70,,26160,1,0,9 3 10 16,1,30,,26155,1,0,9 3 10 16,1,70,,26137,1,0,9 3 10 16,1,30,,26174,1,0,9 3 10 16,1,70,,26143,1,0,9 3 10 16,1,30,,26172,1,0,9 3 10 16,1,70,,26148,1,0,9 3 10 16,1,30,,26142,1,0,9 3 10 16,1,70,,26157,1,0,9 3 10 16,1,30,,26162,1,0,9 3 10 16,1,70,,26154,1,0,9 3 10 16,1,30,,26168,1,0,9 3 10 16,1,70,,26163,1,0,9 3 10 16,1,30,,19734,1,0,9 3 10 16,1
11601,'2',605,,26218,1,0,9 3 10 16,1,30,,26192,1,0,9 3 10 16,1,70,,26223,1,0,9 3 10 16,1,30,,26219,1,0,9 3 10 16,1,70,,26188,1,0,9 3 10 16,1,30,,26193,1,0,9 3 10 16,1,70,,26214,1,0,9 3 10 16,1,30,,26208,1,0,9 3 10 16,1,70,,26182,1,0,9 3 10 16,1,30,,26217,1,0,9 3 10 16,1,70,,26178,1,0,9 3 10 16,1,30,,26215,1,0,9 3 10 16,1,70,,26221,1,0,9 3 10 16,1,30,,26194,1,0,9 3 10 16,1,70,,26186,1,0,9 3 10 16,1,30,,26195,1,0,9 3 10 16,1,70,,26203,1,0,9 3 10 16,1,30,,26211,1,0,9 3 10 16,1,70,,26189,1,0,9 3 10 16,1,30,,26213,1,0,9 3 10 16,1,70,,26181,1,0,9 3 10 16,1,30,,26212,1,0,9 3 10 16,1,70,,26198,1,0,9 3 10 16,1,30,,26185,1,0,9 3 10 16,1
11601,'3',605,,26226,1,0,9 3 10 16,1,30,,26268,1,0,9 3 10 16,1,70,,26227,1,0,9 3 10 16,1,30,,26251,1,0,9 3 10 16,1,70,,26266,1,0,9 3 10 16,1,30,,26244,1,0,9 3 10 16,1,70,,26256,1,0,9 3 10 16,1,30,,26264,1,0,9 3 10 16,1,70,,26254,1,0,9 3 10 16,1,30,,26271,1,0,9 3 10 16,1,70,,26260,1,0,9 3 10 16,1,30,,26252,1,0,9 3 10 16,1,70,,26224,1,0,9 3 10 16,1,30,,26237,1,0,9 3 10 16,1,70,,26232,1,0,9 3 10 16,1,30,,26267,1,0,9 3 10 16,1,70,,26259,1,0,9 3 10 16,1,30,,26258,1,0,9 3 10 16,1,70,,26253,1,0,9 3 10 16,1,30,,26249,1,0,9 3 10 16,1,70,,26243,1,0,9 3 10 16,1,30,,26257,1,0,9 3 10 16,1,70,,26228,1,0,9 3 10 16,1,30,,26262,1,0,9 3 10 16,1
11601,'4',605,,26272,1,0,9 3 10 16,1,30,,26300,1,0,9 3 10 16,1,70,,26294,1,0,9 3 10 16,1,30,,26291,1,0,9 3 10 16,1,70,,26309,1,0,9 3 10 16,1,30,,26312,1,0,9 3 10 16,1,70,,26285,1,0,9 3 10 16,1,30,,26315,1,0,9 3 10 16,1,70,,26313,1,0,9 3 10 16,1,30,,26306,1,0,9 3 10 16,1,70,,26318,1,0,9 3 10 16,1,30,,26308,1,0,9 3 10 16,1,70,,26289,1,0,9 3 10 16,1,30,,26288,1,0,9 3 10 16,1,70,,26273,1,0,9 3 10 16,1,30,,26317,1,0,9 3 10 16,1,70,,26293,1,0,9 3 10 16,1,30,,26319,1,0,9 3 10 16,1,70,,26286,1,0,9 3 10 16,1,30,,26292,1,0,9 3 10 16,1,70,,26298,1,0,9 3 10 16,1,30,,26279,1,0,9 3 10 16,1,70,,26314,1,0,9 3 10 16,1,30,,26282,1,0,9 3 10 16,1
11601,'5',605,,26349,1,0,9 3 10 16,1,30,,26356,1,0,9 3 10 16,1,70,,26351,1,0,9 3 10 16,1,30,,26347,1,0,9 3 10 16,1,70,,26366,1,0,9 3 10 16,1,30,,26339,1,0,9 3 10 16,1,70,,26324,1,0,9 3 10 16,1,30,,26361,1,0,9 3 10 16,1,70,,26340,1,0,9 3 10 16,1,30,,26336,1,0,9 3 10 16,1,70,,26331,1,0,9 3 10 16,1,30,,26364,1,0,9 3 10 16,1,70,,26363,1,0,9 3 10 16,1,30,,26342,1,0,9 3 10 16,1,70,,26321,1,0,9 3 10 16,1,30,,26344,1,0,9 3 10 16,1,70,,26338,1,0,9 3 10 16,1,30,,26325,1,0,9 3 10 16,1,70,,26357,1,0,9 3 10 16,1,30,,26322,1,0,9 3 10 16,1,70,,26354,1,0,9 3 10 16,1,30,,26337,1,0,9 3 10 16,1,70,,26350,1,0,9 3 10 16,1,30,,26323,1,0,9 3 10 16,1
11601,'7',605,,26387,1,0,9 3 10 16,1,30,,26403,1,0,9 3 10 16,1,70,,26410,1,0,9 3 10 16,1,30,,26402,1,0,9 3 10 16,1,70,,26401,1,0,9 3 10 16,1,30,,26414,1,0,9 3 10 16,1,70,,26379,1,0,9 3 10 16,1,30,,26371,1,0,9 3 10 16,1,70,,26377,1,0,9 3 10 16,1,30,,26397,1,0,9 3 10 16,1,70,,26393,1,0,9 3 10 16,1,30,,26399,1,0,9 3 10 16,1,70,,26388,1,0,9 3 10 16,1,30,,26382,1,0,9 3 10 16,1,70,,26407,1,0,9 3 10 16,1,30,,26409,1,0,9 3 10 16,1,70,,26381,1,0,9 3 10 16,1,30,,26370,1,0,9 3 10 16,1,70,,26392,1,0,9 3 10 16,1,30,,26374,1,0,9 3 10 16,1,70,,26368,1,0,9 3 10 16,1,30,,26395,1,0,9 3 10 16,1,70,,26389,1,0,9 3 10 16,1,30,,26396,1,0,9 3 10 16,1
11601,'8',605,,26448,1,0,9 3 10 16,1,30,,26422,1,0,9 3 10 16,1,70,,26445,1,0,9 3 10 16,1,30,,26436,1,0,9 3 10 16,1,70,,26419,1,0,9 3 10 16,1,30,,26441,1,0,9 3 10 16,1,70,,26462,1,0,9 3 10 16,1,30,,26432,1,0,9 3 10 16,1,70,,26460,1,0,9 3 10 16,1,30,,26433,1,0,9 3 10 16,1,70,,26455,1,0,9 3 10 16,1,30,,26451,1,0,9 3 10 16,1,70,,26423,1,0,9 3 10 16,1,30,,26440,1,0,9 3 10 16,1,70,,26434,1,0,9 3 10 16,1,30,,26420,1,0,9 3 10 16,1,70,,26439,1,0,9 3 10 16,1,30,,26437,1,0,9 3 10 16,1,70,,26443,1,0,9 3 10 16,1,30,,26454,1,0,9 3 10 16,1,70,,26431,1,0,9 3 10 16,1,30,,26457,1,0,9 3 10 16,1,70,,26459,1,0,9 3 10 16,1,30,,26417,1,0,9 3 10 16,1
11601,'9',605,,26479,1,0,9 3 10 16,1,30,,26500,1,0,9 3 10 16,1,70,,26481,1,0,9 3 10 16,1,30,,26480,1,0,9 3 10 16,1,70,,26486,1,0,9 3 10 16,1,30,,26504,1,0,9 3 10 16,1,70,,26466,1,0,9 3 10 16,1,30,,26492,1,0,9 3 10 16,1,70,,26478,1,0,9 3 10 16,1,30,,26507,1,0,9 3 10 16,1,70,,26505,1,0,9 3 10 16,1,30,,26508,1,0,9 3 10 16,1,70,,26475,1,0,9 3 10 16,1,30,,26471,1,0,9 3 10 16,1,70,,26476,1,0,9 3 10 16,1,30,,26490,1,0,9 3 10 16,1,70,,26502,1,0,9 3 10 16,1,30,,26464,1,0,9 3 10 16,1,70,,26501,1,0,9 3 10 16,1,30,,26511,1,0,9 3 10 16,1,70,,26484,1,0,9 3 10 16,1,30,,26472,1,0,9 3 10 16,1,70,,26470,1,0,9 3 10 16,1,30,,26465,1,0,9 3 10 16,1
21600,'1',1817,,29404,16,4,,1,30,,29411,16,4,,1,70,,29393,16,4,,1,30,,29389,16,4,,1,70,,29391,16,4,,1,30,,29408,16,4,,1,70,,29396,16,4,,1,30,,29402,16,4,,1,70,,29405,16,4,,1,30,,29399,16,4,,1,70,,29394,16,4,,1,30,,29412,16,4,,1
21600,'10',717,,29434,16,4,,1,30,,29443,16,4,,1,70,,29436,16,4,,1,30,,29458,16,4,,1,70,,29437,16,4,,1,30,,29433,16,4,,1,70,,29422,16,4,,1,30,,29466,16,4,,1,70,,29459,16,4,,1,30,,29420,16,4,,1,70,,29425,16,4,,1,30,,29456,16,4,,1,70,,29431,16,4,,1,30,,29435,16,4,,1,70,,29464,16,4,,1,30,,29439,16,4,,1,70,,19714,16,4,,1,30,,29461,16,4,,1,70,,29418,16,4,,1,30,,29428,16,4,,1,70,,29467,16,4,,1,30,,29423,16,4,,1,70,,29460,16,4,,1,30,,29450,16,4,,1,70,,29457,16,4,,1,30,,29413,16,4,,1,70,,29414,16,4,,1,30,,29426,16,4,,1,70,,29448,16,4,,1
21600,'11',717,,29472,16,4,,1,30,,29475,16,4,,1,70,,29514,16,4,,1,30,,29520,16,4,,1,70,,29471,16,4,,1,30,,29519,16,4,,1,70,,29483,16,4,,1,30,,29479,16,4,,1,70,,29477,16,4,,1,30,,29524,16,4,,1,70,,29523,16,4,,1,30,,29487,16,4,,1,70,,29488,16,4,,1,30,,29499,16,4,,1,70,,29521,16,4,,1,30,,29512,16,4,,1,70,,29503,16,4,,1,30,,29492,16,4,,1,70,,29525,16,4,,1,30,,29500,16,4,,1,70,,29484,16,4,,1,30,,29478,16,4,,1,70,,29506,16,4,,1,30,,29505,16,4,,1,70,,29507,16,4,,1,30,,29494,16,4,,1,70,,29482,16,4,,1,30,,29497,16,4,,1,70,,29509,16,4,,1
21600,'2',1817,,29540,16,4,,1,30,,29544,16,4,,1,70,,29537,16,4,,1,30,,29528,16,4,,1,70,,29535,16,4,,1,30,,29534,16,4,,1,70,,29538,16,4,,1,30,,29545,16,4,,1,70,,29531,16,4,,1,30,,29533,16,4,,1,70,,29547,16,4,,1,30,,29541,16,4,,1
21600,'3',1817,,29562,16,4,,1,30,,29551,16,4,,1,70,,29558,16,4,,1,30,,29550,16,4,,1,70,,29549,16,4,,1,30,,29552,16,4,,1,70,,29571,16,4,,1,30,,29555,16,4,,1,70,,29554,16,4,,1,30,,29569,16,4,,1,70,,29570,16,4,,1,30,,29559,16,4,,1
21600,'4',1817,,29582,16,4,,1,30,,29595,16,4,,1,70,,29584,16,4,,1,30,,29588,16,4,,1,70,,29593,16,4,,1,30,,29575,16,4,,1,70,,29591,16,4,,1,30,,29589,16,4,,1,70,,29580,16,4,,1,30,,29579,16,4,,1,70,,29574,16,4,,1,30,,29585,16,4,,1
21600,'5',1817,,29601,16,4,,1,30,,29604,16,4,,1,70,,29606,16,4,,1,30,,29619,16,4,,1,70,,29603,16,4,,1,30,,29600,16,4,,1,70,,29612,16,4,,1,30,,29609,16,4,,1,70,,29614,16,4,,1,30,,29598,16,4,,1,70,,29608,16,4,,1,30,,29618,16,4,,1
21600,'6',717,,29671,16,4,,1,30,,29667,16,4,,1,70,,29653,16,4,,1,30,,29664,16,4,,1,70,,29638,16,4,,1,30,,29639,16,4,,1,70,,29673,16,4,,1,30,,29658,16,4,,1,70,,29629,16,4,,1,30,,29676,16,4,,1,70,,29632,16,4,,1,30,,29637,16,4,,1,70,,29654,16,4,,1,30,,29670,16,4,,1,70,,29636,16,4,,1,30,,29622,16,4,,1,70,,29623,16,4,,1,30,,29661,16,4,,1,70,,29621,16,4,,1,30,,29652,16,4,,1,70,,29647,16,4,,1,30,,29657,16,4,,1,70,,29642,16,4,,1,30,,29668,16,4,,1,70,,29665,16,4,,1,30,,29627,16,4,,1,70,,29659,16,4,,1,30,,29672,16,4,,1,70,,29646,16,4,,1
21600,'7',1817,,29690,16,4,,1,30,,29696,16,4,,1,70,,29684,16,4,,1,30,,29698,16,4,,1,70,,29699,16,4,,1,30,,29702,16,4,,1,70,,29693,16,4,,1,30,,29681,16,4,,1,70,,29700,16,4,,1,30,,29679,16,4,,1,70,,29683,16,4,,1,30,,29680,16,4,,1
21600,'8',1817,,29713,16,4,,1,30,,29706,16,4,,1,70,,29725,16,4,,1,30,,29722,16,4,,1,70,,29724,16,4,,1,30,,29711,16,4,,1,70,,29703,16,4,,1,30,,29716,16,4,,1,70,,29704,16,4,,1,30,,29714,16,4,,1,70,,29720,16,4,,1,30,,29710,16,4,,1
21600,'9',1817,,29741,16,4,,1,30,,29747,16,4,,1,70,,29730,16,4,,1,30,,29729,16,4,,1,70,,29732,16,4,,1,30,,29738,16,4,,1,70,,29737,16,4,,1,30,,29739,16,4,,1,70,,29731,16,4,,1,30,,29734,16,4,,1,70,,29745,16,4,,1,30,,29735,16,4,,1
21601,'1',1805,,29753,1,0,9 3 10 16,1,30,,29769,1,0,9 3 10 16,1,70,,29764,1,0,9 3 10 16,1,30,,29759,1,0,9 3 10 16,1,70,,29762,1,0,9 3 10 16,1,30,,29765,1,0,9 3 10 16,1,70,,29760,1,0,9 3 10 16,1,30,,18110,1,0,9 3 10 16,1,70,,29756,1,0,9 3 10 16,1,30,,29751,1,0,9 3 10 16,1,70,,29755,1,0,9 3 10 16,1
21601,'10',635,,29788,1,0,9 3 10 16,1,70,,29802,1,0,9 3 10 16,1,30,,29774,1,0,9 3 10 16,1,70,,29812,1,0,9 3 10 16,1,30,,29825,1,0,9 3 10 16,1,70,,29796,1,0,9 3 10 16,1,30,,29775,1,0,9 3 10 16,1,70,,29797,1,0,9 3 10 16,1,30,,29823,1,0,9 3 10 16,1,70,,29781,1,0,9 3 10 16,1,30,,29805,1,0,9 3 10 16,1,70,,29776,1,0,9 3 10 16,1,30,,29814,1,0,9 3 10 16,1,70,,29827,1,0,9 3 10 16,1,30,,29810,1,0,9 3 10 16,1,70,,29773,1,0,9 3 10 16,1,30,,29790,1,0,9 3 10 16,1,70,,29809,1,0,9 3 10 16,1,30,,29824,1,0,9 3 10 16,1,70,,29777,1,0,9 3 10 16,1,30,,29826,1,0,9 3 10 16,1,70,,29785,1,0,9 3 10 16,1,30,,29807,1,0,9 3 10 16,1,70,,29804,1,0,9 3 10 16,1,30,,18981,1,0,9 3 10 16,1,70,,29779,1,0,9 3 10 16,1,30,,29786,1,0,9 3 10 16,1,70,,29808,1,0,9 3 10 16,1,30,,29822,1,0,9 3 10 16,1
21601,'11',635,,29877,1,0,9 3 10 16,1,70,,29860,1,0,9 3 10 16,1,30,,29853,1,0,9 3 10 16,1,70,,29874,1,0,9 3 10 16,1,30,,29850,1,0,9 3 10 16,1,70,,29867,1,0,9 3 10 16,1,30,,29849,1,0,9 3 10 16,1,70,,29852,1,0,9 3 10 16,1,30,,29882,1,0,9 3 10 16,1,70,,29857,1,0,9 3 10 16,1,30,,29868,1,0,9 3 10 16,1,70,,29880,1,0,9 3 10 16,1,30,,29836,1,0,9 3 10 16,1,70,,29844,1,0,9 3 10 16,1,30,,29866,1,0,9 3 10 16,1,70,,29871,1,0,9 3 10 16,1,30,,29859,1,0,9 3 10 16,1,70,,29875,1,0,9 3 10 16,1,30,,29873,1,0,9 3 10 16,1,70,,29864,1,0,9 3 10 16,1,30,,29838,1,0,9 3 10 16,1,70,,29851,1,0,9 3 10 16,1,30,,29870,1,0,9 3 10 16,1,70,,29884,1,0,9 3 10 16,1,30,,29856,1,0,9 3 10 16,1,70,,29876,1,0,9 3 10 16,1,30,,29831,1,0,9 3 10 16,1,70,,29886,1,0,9 3 10 16,1,30,,29841,1,0,9 3 10 16,1
21601,'2',1805,,29904,1,0,9 3 10 16,1,30,,29892,1,0,9 3 10 16,1,70,,29893,1,0,9 3 10 16,1,30,,29899,1,0,9 3 10 16,1,70,,29903,1,0,9 3 10 16,1,30,,29888,1,0,9 3 10 16,1,70,,29906,1,0,9 3 10 16,1,30,,29889,1,0,9 3 10 16,1,70,,29905,1,0,9 3 10 16,1,30,,29897,1,0,9 3 10 16,1,70,,29898,1,0,9 3 10 16,1
21601,'3',1805,,29913,1,0,9 3 10 16,1,30,,29926,1,0,9 3 10 16,1,70,,29911,1,0,9 3 10 16,1,30,,29910,1,0,9 3 10 16,1,70,,29919,1,0,9 3 10 16,1,30,,29923,1,0,9 3 10 16,1,70,,29927,1,0,9 3 10 16,1,30,,29909,1,0,9 3 10 16,1,70,,29914,1,0,9 3 10 16,1,30,,29915,1,0,9 3 10 16,1,70,,29917,1,0,9 3 10 16,1
21601,'4',1805,,29950,1,0,9 3 10 16,1,30,,29936,1,0,9 3 10 16,1,70,,29941,1,0,9 3 10 16,1,30,,29934,1,0,9 3 10 16,1,70,,29943,1,0,9 3 10 16,1,30,,29938,1,0,9 3 10 16,1,70,,29949,1,0,9 3 10 16,1,30,,29946,1,0,9 3 10 16,1,70,,29948,1,0,9 3 10 16,1,30,,29931,1,0,9 3 10 16,1,70,,29939,1,0,9 3 10 16,1
21601,'5',1805,,29959,1,0,9 3 10 16,1,30,,29958,1,0,9 3 10 16,1,70,,29961,1,0,9 3 10 16,1,30,,29969,1,0,9 3 10 16,1,70,,29965,1,0,9 3 10 16,1,30,,29968,1,0,9 3 10 16,1,70,,29964,1,0,9 3 10 16,1,30,,29955,1,0,9 3 10 16,1,70,,29971,1,0,9 3 10 16,1,30,,29962,1,0,9 3 10 16,1,70,,29972,1,0,9 3 10 16,1
21601,'6',635,,29990,1,0,9 3 10 16,1,70,,29985,1,0,9 3 10 16,1,30,,30008,1,0,9 3 10 16,1,70,,30003,1,0,9 3 10 16,1,30,,30002,1,0,9 3 10 16,1,70,,30014,1,0,9 3 10 16,1,30,,30028,1,0,9 3 10 16,1,70,,29986,1,0,9 3 10 16,1,30,,29994,1,0,9 3 10 16,1,70,,30024,1,0,9 3 10 16,1,30,,30029,1,0,9 3 10 16,1,70,,29981,1,0,9 3 10 16,1,30,,29979,1,0,9 3 10 16,1,70,,30025,1,0,9 3 10 16,1,30,,29980,1,0,9 3 10 16,1,70,,29988,1,0,9 3 10 16,1,30,,29992,1,0,9 3 10 16,1,70,,30021,1,0,9 3 10 16,1,30,,29975,1,0,9 3 10 16,1,70,,30004,1,0,9 3 10 16,1,30,,29983,1,0,9 3 10 16,1,70,,29987,1,0,9 3 10 16,1,30,,30000,1,0,9 3 10 16,1,70,,30019,1,0,9 3 10 16,1,30,,30009,1,0,9 3 10 16,1,70,,30007,1,0,9 3 10 16,1,30,,30011,1,0,9 3 10 16,1,70,,30030,1,0,9 3 10 16,1,30,,29995,1,0,9 3 10 16,1
21601,'7',1805,,30052,1,0,9 3 10 16,1,30,,30053,1,0,9 3 10 16,1,70,,30043,1,0,9 3 10 16,1,30,,30035,1,0,9 3 10 16,1,70,,30033,1,0,9 3 10 16,1,30,,30047,1,0,9 3 10 16,1,70,,30045,1,0,9 3 10 16,1,30,,30041,1,0,9 3 10 16,1,70,,30050,1,0,9 3 10 16,1,30,,30036,1,0,9 3 10 16,1,70,,30038,1,0,9 3 10 16,1
21601,'8',1805,,30072,1,0,9 3 10 16,1,30,,30066,1,0,9 3 10 16,1,70,,30062,1,0,9 3 10 16,1,30,,30055,1,0,9 3 10 16,1,70,,30063,1,0,9 3 10 16,1,30,,30061,1,0,9 3 10 16,1,70,,30067,1,0,9 3 10 16,1,30,,30054,1,0,9 3 10 16,1,70,,30057,1,0,9 3 10 16,1,30,,30073,1,0,9 3 10 16,1,70,,30075,1,0,9 3 10 16,1
21601,'9',1805,,30076,1,0,9 3 10 16,1,30,,30097,1,0,9 3 10 16,1,70,,30092,1,0,9 3 10 16,1,30,,30079,1,0,9 3 10 16,1,70,,30077,1,0,9 3 10 16,1,30,,30083,1,0,9 3 10 16,1,70,,30087,1,0,9 3 10 16,1,30,,30091,1,0,9 3 10 16,1,70,,30090,1,0,9 3 10 16,1,30,,30094,1,0,9 3 10 16,1,70,,30081,1,0,9 3 10 16,1
