11301,'1',652,,24838,13,,,1,100,,24841,13,,,1,100,,18571,13,,,1,100,,24833,13,,,1,100,,24815,13,,,1,100,,24822,13,,,1,100,,24837,13,,,1,100,,17395,13,,,1,100,,24817,13,,,1,100,,24832,13,,,1,100,,24834,13,,,1,100,,24806,13,,,1,100,,24827,13,,,1
11301,'2',652,,24868,13,,,1,100,,24856,13,,,1,100,,24864,13,,,1,100,,24869,13,,,1,100,,14749,13,,,1,100,,24854,13,,,1,100,,24852,13,,,1,100,,24857,13,,,1,100,,24858,13,,,1,100,,24855,13,,,1,100,,24845,13,,,1,100,,24860,13,,,1,100,,24875,13,,,1
11301,'3',652,,24903,13,,,1,100,,24895,13,,,1,100,,24896,13,,,1,100,,24894,13,,,1,100,,24890,13,,,1,100,,24905,13,,,1,100,,24904,13,,,1,100,,24886,13,,,1,100,,24916,13,,,1,100,,24907,13,,,1,100,,24882,13,,,1,100,,24901,13,,,1,100,,24887,13,,,1
11301,'4',652,,24926,13,,,1,100,,24921,13,,,1,100,,24951,13,,,1,100,,24932,13,,,1,100,,24939,13,,,1,100,,24928,13,,,1,100,,24956,13,,,1,100,,24954,13,,,1,100,,24955,13,,,1,100,,24959,13,,,1,100,,24933,13,,,1,100,,24937,13,,,1,100,,24938,13,,,1
11301,'5',652,,24978,13,,,1,100,,24996,13,,,1,100,,24972,13,,,1,100,,24990,13,,,1,100,,24964,13,,,1,100,,24992,13,,,1,100,,24999,13,,,1,100,,24976,13,,,1,100,,24981,13,,,1,100,,24984,13,,,1,100,,24987,13,,,1,100,,24985,13,,,1,100,,24986,13,,,1
11301,'7',652,,25037,13,,,1,100,,25015,13,,,1,100,,25024,13,,,1,100,,25031,13,,,1,100,,25028,13,,,1,100,,25006,13,,,1,100,,25020,13,,,1,100,,25021,13,,,1,100,,25038,13,,,1,100,,25016,13,,,1,100,,25030,13,,,1,100,,25036,13,,,1,100,,25005,13,,,1
11301,'8',652,,25051,13,,,1,100,,25043,13,,,1,100,,25062,13,,,1,100,,25064,13,,,1,100,,25075,13,,,1,100,,25082,13,,,1,100,,25083,13,,,1,100,,25081,13,,,1,100,,25057,13,,,1,100,,25060,13,,,1,100,,25070,13,,,1,100,,25048,13,,,1,100,,25066,13,,,1
11301,'9',652,,25101,13,,,1,100,,25095,13,,,1,100,,25117,13,,,1,100,,25114,13,,,1,100,,25122,13,,,1,100,,25105,13,,,1,100,,25115,13,,,1,100,,25094,13,,,1,100,,25085,13,,,1,100,,25090,13,,,1,100,,25087,13,,,1,100,,25119,13,,,1,100,,25084,13,,,1
21301,'1',1952,,29030,13,,,1,100,,29026,13,,,1,100,,29027,13,,,1,100,,29032,13,,,1
21301,'10',752,,29048,13,,,1,100,,29059,13,,,1,100,,29056,13,,,1,100,,29053,13,,,1,100,,29044,13,,,1,100,,29072,13,,,1,100,,29052,13,,,1,100,,29065,13,,,1,100,,29067,13,,,1,100,,29042,13,,,1,100,,29071,13,,,1,100,,29074,13,,,1,100,,29046,13,,,1
21301,'11',752,,29100,13,,,1,100,,29081,13,,,1,100,,29085,13,,,1,100,,29109,13,,,1,100,,29083,13,,,1,100,,29098,13,,,1,100,,29094,13,,,1,100,,29115,13,,,1,100,,29105,13,,,1,100,,29112,13,,,1,100,,29092,13,,,1,100,,29084,13,,,1,100,,29088,13,,,1
21301,'2',1952,,29119,13,,,1,100,,29117,13,,,1,100,,29120,13,,,1,100,,29122,13,,,1
21301,'3',1952,,29132,13,,,1,100,,29129,13,,,1,100,,29133,13,,,1,100,,29135,13,,,1
21301,'4',1952,,29138,13,,,1,100,,29141,13,,,1,100,,29137,13,,,1,100,,29145,13,,,1
21301,'5',1952,,29158,13,,,1,100,,29157,13,,,1,100,,29155,13,,,1,100,,29150,13,,,1
21301,'6',752,,29177,13,,,1,100,,29162,13,,,1,100,,29195,13,,,1,100,,29178,13,,,1,100,,29161,13,,,1,100,,29171,13,,,1,100,,29159,13,,,1,100,,29185,13,,,1,100,,29180,13,,,1,100,,29167,13,,,1,100,,29189,13,,,1,100,,29176,13,,,1,100,,29182,13,,,1
21301,'7',1952,,29208,13,,,1,100,,29202,13,,,1,100,,29203,13,,,1,100,,29207,13,,,1
21301,'8',1952,,29218,13,,,1,100,,29212,13,,,1,100,,29213,13,,,1,100,,29215,13,,,1
21301,'9',1952,,29231,13,,,1,100,,29230,13,,,1,100,,29222,13,,,1,100,,29224,13,,,1
