10500,'1',602,,21036,11,,,1,100,,21031,11,,,1,30,,21040,11,,,1,70,,21023,11,,,1,30,,21041,11,,,1,70,,21042,11,,,1,30,,21032,11,,,1,70,,21035,11,,,1,100,,21047,11,,,1,100,,21054,11,,,1,100,,21046,11,,,1,100,,21020,11,,,1,100,,21045,11,,,1,30,,21051,11,,,1,70,,21034,11,,,1,30,,21053,11,,,1,70,,21033,11,,,1,30,,21022,11,,,1,70,,21048,11,,,1
10500,'2',602,,21091,11,,,1,100,,21080,11,,,1,30,,21079,11,,,1,70,,21060,11,,,1,30,,21076,11,,,1,70,,17837,11,,,1,30,,17669,11,,,1,70,,21071,11,,,1,100,,21087,11,,,1,100,,21061,11,,,1,100,,21077,11,,,1,100,,21066,11,,,1,100,,21073,11,,,1,30,,21082,11,,,1,70,,21089,11,,,1,30,,21081,11,,,1,70,,21067,11,,,1,30,,21065,11,,,1,70,,21090,11,,,1
10500,'3',602,,21104,11,,,1,100,,21125,11,,,1,30,,21118,11,,,1,70,,21107,11,,,1,30,,21117,11,,,1,70,,21098,11,,,1,30,,21102,11,,,1,70,,21116,11,,,1,100,,21105,11,,,1,100,,21099,11,,,1,100,,21124,11,,,1,100,,21108,11,,,1,100,,21127,11,,,1,30,,21115,11,,,1,70,,21130,11,,,1,30,,21121,11,,,1,70,,21103,11,,,1,30,,21106,11,,,1,70,,21128,11,,,1
10500,'4',602,,21154,11,,,1,100,,21135,11,,,1,30,,21162,11,,,1,70,,21150,11,,,1,30,,21155,11,,,1,70,,21134,11,,,1,30,,21137,11,,,1,70,,21165,11,,,1,100,,21145,11,,,1,100,,21152,11,,,1,100,,21159,11,,,1,100,,21158,11,,,1,100,,21168,11,,,1,30,,21139,11,,,1,70,,21131,11,,,1,30,,21160,11,,,1,70,,21157,11,,,1,30,,21153,11,,,1,70,,21143,11,,,1
10500,'5',602,,21198,11,,,1,100,,21196,11,,,1,30,,21180,11,,,1,70,,21190,11,,,1,30,,21187,11,,,1,70,,21184,11,,,1,30,,21194,11,,,1,70,,21205,11,,,1,100,,21171,11,,,1,100,,21172,11,,,1,100,,21200,11,,,1,100,,21174,11,,,1,100,,21173,11,,,1,30,,21176,11,,,1,70,,21204,11,,,1,30,,21178,11,,,1,70,,21201,11,,,1,30,,21193,11,,,1,70,,21185,11,,,1
10500,'7',602,,21244,11,,,1,100,,21237,11,,,1,30,,21235,11,,,1,70,,21209,11,,,1,30,,21225,11,,,1,70,,21210,11,,,1,30,,21207,11,,,1,70,,21234,11,,,1,100,,21213,11,,,1,100,,21227,11,,,1,100,,21222,11,,,1,100,,21236,11,,,1,100,,21243,11,,,1,30,,21208,11,,,1,70,,21229,11,,,1,30,,21211,11,,,1,70,,21220,11,,,1,30,,21223,11,,,1,70,,21218,11,,,1
10500,'8',602,,21250,11,,,1,100,,21255,11,,,1,30,,21279,11,,,1,70,,21268,11,,,1,30,,21261,11,,,1,70,,21262,11,,,1,30,,21267,11,,,1,70,,21260,11,,,1,100,,21247,11,,,1,100,,21257,11,,,1,100,,21282,11,,,1,100,,21252,11,,,1,100,,21253,11,,,1,30,,21272,11,,,1,70,,21256,11,,,1,30,,21278,11,,,1,70,,21249,11,,,1,30,,21254,11,,,1,70,,21275,11,,,1
10500,'9',602,,21307,11,,,1,100,,21311,11,,,1,30,,21291,11,,,1,70,,21292,11,,,1,30,,21319,11,,,1,70,,21304,11,,,1,30,,21301,11,,,1,70,,21295,11,,,1,100,,21312,11,,,1,100,,21315,11,,,1,100,,21303,11,,,1,100,,21310,11,,,1,100,,21309,11,,,1,30,,21317,11,,,1,70,,21293,11,,,1,30,,21294,11,,,1,70,,21299,11,,,1,30,,21314,11,,,1,70,,21300,11,,,1
20500,'1',1900,,27170,8,,,1,100,,27164,8,,,1,100,,27171,8,,,1,100,,27165,8,,,1
20500,'10',700,,27182,8,,,1,100,,27187,8,,,1,100,,19499,8,,,1,100,,27177,8,,,1,100,,27176,8,,,1,100,,27175,8,,,1,100,,27185,8,,,1,100,,27196,8,,,1,100,,27180,8,,,1,100,,27195,8,,,1,100,,27183,8,,,1,100,,27190,8,,,1,100,,27178,8,,,1,100,,27198,8,,,1
20500,'11',700,,27200,8,,,1,100,,27216,8,,,1,100,,27201,8,,,1,100,,27224,8,,,1,100,,27215,8,,,1,100,,27220,8,,,1,100,,27223,8,,,1,100,,27213,8,,,1,100,,27210,8,,,1,100,,27221,8,,,1,100,,27226,8,,,1,100,,27214,8,,,1,100,,27209,8,,,1,100,,27218,8,,,1
20500,'2',1900,,27230,8,,,1,100,,27227,8,,,1,100,,27234,8,,,1,100,,27233,8,,,1
20500,'3',1900,,27237,8,,,1,100,,27235,8,,,1,100,,27240,8,,,1,100,,27241,8,,,1
20500,'4',1900,,27243,8,,,1,100,,27246,8,,,1,100,,27247,8,,,1,100,,27248,8,,,1
20500,'5',1900,,27256,8,,,1,100,,27253,8,,,1,100,,27251,8,,,1,100,,27254,8,,,1
20500,'6',700,,27284,8,,,1,100,,27277,8,,,1,100,,27286,8,,,1,100,,27283,8,,,1,100,,27281,8,,,1,100,,27279,8,,,1,100,,27261,8,,,1,100,,27268,8,,,1,100,,27272,8,,,1,100,,27275,8,,,1,100,,27280,8,,,1,100,,27263,8,,,1,100,,27285,8,,,1,100,,27262,8,,,1
20500,'7',1900,,27288,8,,,1,100,,27291,8,,,1,100,,27287,8,,,1,100,,27292,8,,,1
20500,'8',1900,,27299,8,,,1,100,,27297,8,,,1,100,,27302,8,,,1,100,,27298,8,,,1
20500,'9',1900,,27305,8,,,1,100,,27309,8,,,1,100,,27308,8,,,1,100,,27307,8,,,1
