20501,'1',1921,,27313,10,,,1,100,,27312,10,,,1,100,,27315,10,,,1,100,,27317,10,,,1
20501,'10',721,,27318,10,,,1,100,,27345,10,,,1,100,,27321,10,,,1,100,,27330,10,,,1,100,,27323,10,,,1,100,,27331,10,,,1,100,,27342,10,,,1,100,,27329,10,,,1,100,,27343,10,,,1,100,,27336,10,,,1,100,,27337,10,,,1,100,,27319,10,,,1,100,,27328,10,,,1,100,,27332,10,,,1
20501,'11',721,,27370,10,,,1,100,,27349,10,,,1,100,,27363,10,,,1,100,,27352,10,,,1,100,,27365,10,,,1,100,,27348,10,,,1,100,,27361,10,,,1,100,,27358,10,,,1,100,,27346,10,,,1,100,,27367,10,,,1,100,,27351,10,,,1,100,,27360,10,,,1,100,,27368,10,,,1,100,,27366,10,,,1
20501,'2',1921,,27381,10,,,1,100,,27380,10,,,1,100,,27375,10,,,1,100,,27374,10,,,1
20501,'3',1921,,27388,10,,,1,100,,27384,10,,,1,100,,27386,10,,,1,100,,27385,10,,,1
20501,'4',1921,,27396,10,,,1,100,,27397,10,,,1,100,,27390,10,,,1,100,,27391,10,,,1
20501,'5',1921,,27398,10,,,1,100,,27403,10,,,1,100,,27400,10,,,1,100,,27404,10,,,1
20501,'6',721,,27431,10,,,1,100,,27422,10,,,1,100,,27421,10,,,1,100,,27423,10,,,1,100,,27414,10,,,1,100,,27415,10,,,1,100,,27419,10,,,1,100,,27407,10,,,1,100,,27428,10,,,1,100,,27413,10,,,1,100,,27427,10,,,1,100,,27425,10,,,1,100,,27418,10,,,1,100,,27416,10,,,1
20501,'7',1921,,27435,10,,,1,100,,27434,10,,,1,100,,27436,10,,,1,100,,27440,10,,,1
20501,'8',1921,,27448,10,,,1,100,,27444,10,,,1,100,,27442,10,,,1,100,,27446,10,,,1
20501,'9',1921,,27455,10,,,1,100,,27456,10,,,1,100,,27454,10,,,1,100,,27451,10,,,1
