11601,'1',614,,26176,14,0,9 3 10 16,1,30,,26150,14,0,9 3 10 16,1,70,,26158,14,0,9 3 10 16,1,30,,26170,14,0,9 3 10 16,1,70,,18245,14,0,9 3 10 16,1,30,,26144,14,0,9 3 10 16,1,70,,26173,14,0,9 3 10 16,1,30,,26135,14,0,9 3 10 16,1,70,,26136,14,0,9 3 10 16,1,30,,26161,14,0,9 3 10 16,1,70,,26160,14,0,9 3 10 16,1,30,,26155,14,0,9 3 10 16,1,70,,26137,14,0,9 3 10 16,1,30,,26174,14,0,9 3 10 16,1,70,,26143,14,0,9 3 10 16,1,30,,26172,14,0,9 3 10 16,1,70,,26148,14,0,9 3 10 16,1,30,,26142,14,0,9 3 10 16,1,70,,26157,14,0,9 3 10 16,1,30,,26162,14,0,9 3 10 16,1,70,,26154,14,0,9 3 10 16,1,30,,26168,14,0,9 3 10 16,1,70,,26163,14,0,9 3 10 16,1,30,,19734,14,0,9 3 10 16,1
11601,'2',614,,26218,14,0,9 3 10 16,1,30,,26192,14,0,9 3 10 16,1,70,,26223,14,0,9 3 10 16,1,30,,26219,14,0,9 3 10 16,1,70,,26188,14,0,9 3 10 16,1,30,,26193,14,0,9 3 10 16,1,70,,26214,14,0,9 3 10 16,1,30,,26208,14,0,9 3 10 16,1,70,,26182,14,0,9 3 10 16,1,30,,26217,14,0,9 3 10 16,1,70,,26178,14,0,9 3 10 16,1,30,,26215,14,0,9 3 10 16,1,70,,26221,14,0,9 3 10 16,1,30,,26194,14,0,9 3 10 16,1,70,,26186,14,0,9 3 10 16,1,30,,26195,14,0,9 3 10 16,1,70,,26203,14,0,9 3 10 16,1,30,,26211,14,0,9 3 10 16,1,70,,26189,14,0,9 3 10 16,1,30,,26213,14,0,9 3 10 16,1,70,,26181,14,0,9 3 10 16,1,30,,26212,14,0,9 3 10 16,1,70,,26198,14,0,9 3 10 16,1,30,,26185,14,0,9 3 10 16,1
11601,'3',614,,26226,14,0,9 3 10 16,1,30,,26268,14,0,9 3 10 16,1,70,,26227,14,0,9 3 10 16,1,30,,26251,14,0,9 3 10 16,1,70,,26266,14,0,9 3 10 16,1,30,,26244,14,0,9 3 10 16,1,70,,26256,14,0,9 3 10 16,1,30,,26264,14,0,9 3 10 16,1,70,,26254,14,0,9 3 10 16,1,30,,26271,14,0,9 3 10 16,1,70,,26260,14,0,9 3 10 16,1,30,,26252,14,0,9 3 10 16,1,70,,26224,14,0,9 3 10 16,1,30,,26237,14,0,9 3 10 16,1,70,,26232,14,0,9 3 10 16,1,30,,26267,14,0,9 3 10 16,1,70,,26259,14,0,9 3 10 16,1,30,,26258,14,0,9 3 10 16,1,70,,26253,14,0,9 3 10 16,1,30,,26249,14,0,9 3 10 16,1,70,,26243,14,0,9 3 10 16,1,30,,26257,14,0,9 3 10 16,1,70,,26228,14,0,9 3 10 16,1,30,,26262,14,0,9 3 10 16,1
11601,'4',614,,26272,14,0,9 3 10 16,1,30,,26300,14,0,9 3 10 16,1,70,,26294,14,0,9 3 10 16,1,30,,26291,14,0,9 3 10 16,1,70,,26309,14,0,9 3 10 16,1,30,,26312,14,0,9 3 10 16,1,70,,26285,14,0,9 3 10 16,1,30,,26315,14,0,9 3 10 16,1,70,,26313,14,0,9 3 10 16,1,30,,26306,14,0,9 3 10 16,1,70,,26318,14,0,9 3 10 16,1,30,,26308,14,0,9 3 10 16,1,70,,26289,14,0,9 3 10 16,1,30,,26288,14,0,9 3 10 16,1,70,,26273,14,0,9 3 10 16,1,30,,26317,14,0,9 3 10 16,1,70,,26293,14,0,9 3 10 16,1,30,,26319,14,0,9 3 10 16,1,70,,26286,14,0,9 3 10 16,1,30,,26292,14,0,9 3 10 16,1,70,,26298,14,0,9 3 10 16,1,30,,26279,14,0,9 3 10 16,1,70,,26314,14,0,9 3 10 16,1,30,,26282,14,0,9 3 10 16,1
11601,'5',614,,26349,14,0,9 3 10 16,1,30,,26356,14,0,9 3 10 16,1,70,,26351,14,0,9 3 10 16,1,30,,26347,14,0,9 3 10 16,1,70,,26366,14,0,9 3 10 16,1,30,,26339,14,0,9 3 10 16,1,70,,26324,14,0,9 3 10 16,1,30,,26361,14,0,9 3 10 16,1,70,,26340,14,0,9 3 10 16,1,30,,26336,14,0,9 3 10 16,1,70,,26331,14,0,9 3 10 16,1,30,,26364,14,0,9 3 10 16,1,70,,26363,14,0,9 3 10 16,1,30,,26342,14,0,9 3 10 16,1,70,,26321,14,0,9 3 10 16,1,30,,26344,14,0,9 3 10 16,1,70,,26338,14,0,9 3 10 16,1,30,,26325,14,0,9 3 10 16,1,70,,26357,14,0,9 3 10 16,1,30,,26322,14,0,9 3 10 16,1,70,,26354,14,0,9 3 10 16,1,30,,26337,14,0,9 3 10 16,1,70,,26350,14,0,9 3 10 16,1,30,,26323,14,0,9 3 10 16,1
11601,'7',614,,26387,14,0,9 3 10 16,1,30,,26403,14,0,9 3 10 16,1,70,,26410,14,0,9 3 10 16,1,30,,26402,14,0,9 3 10 16,1,70,,26401,14,0,9 3 10 16,1,30,,26414,14,0,9 3 10 16,1,70,,26379,14,0,9 3 10 16,1,30,,26371,14,0,9 3 10 16,1,70,,26377,14,0,9 3 10 16,1,30,,26397,14,0,9 3 10 16,1,70,,26393,14,0,9 3 10 16,1,30,,26399,14,0,9 3 10 16,1,70,,26388,14,0,9 3 10 16,1,30,,26382,14,0,9 3 10 16,1,70,,26407,14,0,9 3 10 16,1,30,,26409,14,0,9 3 10 16,1,70,,26381,14,0,9 3 10 16,1,30,,26370,14,0,9 3 10 16,1,70,,26392,14,0,9 3 10 16,1,30,,26374,14,0,9 3 10 16,1,70,,26368,14,0,9 3 10 16,1,30,,26395,14,0,9 3 10 16,1,70,,26389,14,0,9 3 10 16,1,30,,26396,14,0,9 3 10 16,1
11601,'8',614,,26448,14,0,9 3 10 16,1,30,,26422,14,0,9 3 10 16,1,70,,26445,14,0,9 3 10 16,1,30,,26436,14,0,9 3 10 16,1,70,,26419,14,0,9 3 10 16,1,30,,26441,14,0,9 3 10 16,1,70,,26462,14,0,9 3 10 16,1,30,,26432,14,0,9 3 10 16,1,70,,26460,14,0,9 3 10 16,1,30,,26433,14,0,9 3 10 16,1,70,,26455,14,0,9 3 10 16,1,30,,26451,14,0,9 3 10 16,1,70,,26423,14,0,9 3 10 16,1,30,,26440,14,0,9 3 10 16,1,70,,26434,14,0,9 3 10 16,1,30,,26420,14,0,9 3 10 16,1,70,,26439,14,0,9 3 10 16,1,30,,26437,14,0,9 3 10 16,1,70,,26443,14,0,9 3 10 16,1,30,,26454,14,0,9 3 10 16,1,70,,26431,14,0,9 3 10 16,1,30,,26457,14,0,9 3 10 16,1,70,,26459,14,0,9 3 10 16,1,30,,26417,14,0,9 3 10 16,1
11601,'9',614,,26479,14,0,9 3 10 16,1,30,,26500,14,0,9 3 10 16,1,70,,26481,14,0,9 3 10 16,1,30,,26480,14,0,9 3 10 16,1,70,,26486,14,0,9 3 10 16,1,30,,26504,14,0,9 3 10 16,1,70,,26466,14,0,9 3 10 16,1,30,,26492,14,0,9 3 10 16,1,70,,26478,14,0,9 3 10 16,1,30,,26507,14,0,9 3 10 16,1,70,,26505,14,0,9 3 10 16,1,30,,26508,14,0,9 3 10 16,1,70,,26475,14,0,9 3 10 16,1,30,,26471,14,0,9 3 10 16,1,70,,26476,14,0,9 3 10 16,1,30,,26490,14,0,9 3 10 16,1,70,,26502,14,0,9 3 10 16,1,30,,26464,14,0,9 3 10 16,1,70,,26501,14,0,9 3 10 16,1,30,,26511,14,0,9 3 10 16,1,70,,26484,14,0,9 3 10 16,1,30,,26472,14,0,9 3 10 16,1,70,,26470,14,0,9 3 10 16,1,30,,26465,14,0,9 3 10 16,1
21601,'1',1814,,29753,14,0,9 3 10 16,1,30,,29769,14,0,9 3 10 16,1,70,,29764,14,0,9 3 10 16,1,30,,29759,14,0,9 3 10 16,1,70,,29762,14,0,9 3 10 16,1,30,,29765,14,0,9 3 10 16,1,70,,29760,14,0,9 3 10 16,1,30,,18110,14,0,9 3 10 16,1,70,,29756,14,0,9 3 10 16,1,30,,29751,14,0,9 3 10 16,1,70,,29755,14,0,9 3 10 16,1
21601,'10',644,,29788,14,0,9 3 10 16,1,70,,29802,14,0,9 3 10 16,1,30,,29774,14,0,9 3 10 16,1,70,,29812,14,0,9 3 10 16,1,30,,29825,14,0,9 3 10 16,1,70,,29796,14,0,9 3 10 16,1,30,,29775,14,0,9 3 10 16,1,70,,29797,14,0,9 3 10 16,1,30,,29823,14,0,9 3 10 16,1,70,,29781,14,0,9 3 10 16,1,30,,29805,14,0,9 3 10 16,1,70,,29776,14,0,9 3 10 16,1,30,,29814,14,0,9 3 10 16,1,70,,29827,14,0,9 3 10 16,1,30,,29810,14,0,9 3 10 16,1,70,,29773,14,0,9 3 10 16,1,30,,29790,14,0,9 3 10 16,1,70,,29809,14,0,9 3 10 16,1,30,,29824,14,0,9 3 10 16,1,70,,29777,14,0,9 3 10 16,1,30,,29826,14,0,9 3 10 16,1,70,,29785,14,0,9 3 10 16,1,30,,29807,14,0,9 3 10 16,1,70,,29804,14,0,9 3 10 16,1,30,,18981,14,0,9 3 10 16,1,70,,29779,14,0,9 3 10 16,1,30,,29786,14,0,9 3 10 16,1,70,,29808,14,0,9 3 10 16,1,30,,29822,14,0,9 3 10 16,1
21601,'11',644,,29877,14,0,9 3 10 16,1,70,,29860,14,0,9 3 10 16,1,30,,29853,14,0,9 3 10 16,1,70,,29874,14,0,9 3 10 16,1,30,,29850,14,0,9 3 10 16,1,70,,29867,14,0,9 3 10 16,1,30,,29849,14,0,9 3 10 16,1,70,,29852,14,0,9 3 10 16,1,30,,29882,14,0,9 3 10 16,1,70,,29857,14,0,9 3 10 16,1,30,,29868,14,0,9 3 10 16,1,70,,29880,14,0,9 3 10 16,1,30,,29836,14,0,9 3 10 16,1,70,,29844,14,0,9 3 10 16,1,30,,29866,14,0,9 3 10 16,1,70,,29871,14,0,9 3 10 16,1,30,,29859,14,0,9 3 10 16,1,70,,29875,14,0,9 3 10 16,1,30,,29873,14,0,9 3 10 16,1,70,,29864,14,0,9 3 10 16,1,30,,29838,14,0,9 3 10 16,1,70,,29851,14,0,9 3 10 16,1,30,,29870,14,0,9 3 10 16,1,70,,29884,14,0,9 3 10 16,1,30,,29856,14,0,9 3 10 16,1,70,,29876,14,0,9 3 10 16,1,30,,29831,14,0,9 3 10 16,1,70,,29886,14,0,9 3 10 16,1,30,,29841,14,0,9 3 10 16,1
21601,'2',1814,,29904,14,0,9 3 10 16,1,30,,29892,14,0,9 3 10 16,1,70,,29893,14,0,9 3 10 16,1,30,,29899,14,0,9 3 10 16,1,70,,29903,14,0,9 3 10 16,1,30,,29888,14,0,9 3 10 16,1,70,,29906,14,0,9 3 10 16,1,30,,29889,14,0,9 3 10 16,1,70,,29905,14,0,9 3 10 16,1,30,,29897,14,0,9 3 10 16,1,70,,29898,14,0,9 3 10 16,1
21601,'3',1814,,29913,14,0,9 3 10 16,1,30,,29926,14,0,9 3 10 16,1,70,,29911,14,0,9 3 10 16,1,30,,29910,14,0,9 3 10 16,1,70,,29919,14,0,9 3 10 16,1,30,,29923,14,0,9 3 10 16,1,70,,29927,14,0,9 3 10 16,1,30,,29909,14,0,9 3 10 16,1,70,,29914,14,0,9 3 10 16,1,30,,29915,14,0,9 3 10 16,1,70,,29917,14,0,9 3 10 16,1
21601,'4',1814,,29950,14,0,9 3 10 16,1,30,,29936,14,0,9 3 10 16,1,70,,29941,14,0,9 3 10 16,1,30,,29934,14,0,9 3 10 16,1,70,,29943,14,0,9 3 10 16,1,30,,29938,14,0,9 3 10 16,1,70,,29949,14,0,9 3 10 16,1,30,,29946,14,0,9 3 10 16,1,70,,29948,14,0,9 3 10 16,1,30,,29931,14,0,9 3 10 16,1,70,,29939,14,0,9 3 10 16,1
21601,'5',1814,,29959,14,0,9 3 10 16,1,30,,29958,14,0,9 3 10 16,1,70,,29961,14,0,9 3 10 16,1,30,,29969,14,0,9 3 10 16,1,70,,29965,14,0,9 3 10 16,1,30,,29968,14,0,9 3 10 16,1,70,,29964,14,0,9 3 10 16,1,30,,29955,14,0,9 3 10 16,1,70,,29971,14,0,9 3 10 16,1,30,,29962,14,0,9 3 10 16,1,70,,29972,14,0,9 3 10 16,1
21601,'6',644,,29990,14,0,9 3 10 16,1,70,,29985,14,0,9 3 10 16,1,30,,30008,14,0,9 3 10 16,1,70,,30003,14,0,9 3 10 16,1,30,,30002,14,0,9 3 10 16,1,70,,30014,14,0,9 3 10 16,1,30,,30028,14,0,9 3 10 16,1,70,,29986,14,0,9 3 10 16,1,30,,29994,14,0,9 3 10 16,1,70,,30024,14,0,9 3 10 16,1,30,,30029,14,0,9 3 10 16,1,70,,29981,14,0,9 3 10 16,1,30,,29979,14,0,9 3 10 16,1,70,,30025,14,0,9 3 10 16,1,30,,29980,14,0,9 3 10 16,1,70,,29988,14,0,9 3 10 16,1,30,,29992,14,0,9 3 10 16,1,70,,30021,14,0,9 3 10 16,1,30,,29975,14,0,9 3 10 16,1,70,,30004,14,0,9 3 10 16,1,30,,29983,14,0,9 3 10 16,1,70,,29987,14,0,9 3 10 16,1,30,,30000,14,0,9 3 10 16,1,70,,30019,14,0,9 3 10 16,1,30,,30009,14,0,9 3 10 16,1,70,,30007,14,0,9 3 10 16,1,30,,30011,14,0,9 3 10 16,1,70,,30030,14,0,9 3 10 16,1,30,,29995,14,0,9 3 10 16,1
21601,'7',1814,,30052,14,0,9 3 10 16,1,30,,30053,14,0,9 3 10 16,1,70,,30043,14,0,9 3 10 16,1,30,,30035,14,0,9 3 10 16,1,70,,30033,14,0,9 3 10 16,1,30,,30047,14,0,9 3 10 16,1,70,,30045,14,0,9 3 10 16,1,30,,30041,14,0,9 3 10 16,1,70,,30050,14,0,9 3 10 16,1,30,,30036,14,0,9 3 10 16,1,70,,30038,14,0,9 3 10 16,1
21601,'8',1814,,30072,14,0,9 3 10 16,1,30,,30066,14,0,9 3 10 16,1,70,,30062,14,0,9 3 10 16,1,30,,30055,14,0,9 3 10 16,1,70,,30063,14,0,9 3 10 16,1,30,,30061,14,0,9 3 10 16,1,70,,30067,14,0,9 3 10 16,1,30,,30054,14,0,9 3 10 16,1,70,,30057,14,0,9 3 10 16,1,30,,30073,14,0,9 3 10 16,1,70,,30075,14,0,9 3 10 16,1
21601,'9',1814,,30076,14,0,9 3 10 16,1,30,,30097,14,0,9 3 10 16,1,70,,30092,14,0,9 3 10 16,1,30,,30079,14,0,9 3 10 16,1,70,,30077,14,0,9 3 10 16,1,30,,30083,14,0,9 3 10 16,1,70,,30087,14,0,9 3 10 16,1,30,,30091,14,0,9 3 10 16,1,70,,30090,14,0,9 3 10 16,1,30,,30094,14,0,9 3 10 16,1,70,,30081,14,0,9 3 10 16,1
