10500,'1',557,,21036,2,,,1,100,,21031,2,,,1,70,,21040,2,,,1,30,,21023,2,,,1,70,,21041,2,,,1,30,,21042,2,,,1,70,,21032,2,,,1,30,,21035,2,,,1,100,,21047,2,,,1,100,,21054,2,,,1,100,,21046,2,,,1,100,,21020,2,,,1,100,,21045,2,,,1,70,,21051,2,,,1,30,,21034,2,,,1,70,,21053,2,,,1,30,,21033,2,,,1,70,,21022,2,,,1,30,,21048,2,,,1
10500,'2',557,,21091,2,,,1,100,,21080,2,,,1,70,,21079,2,,,1,30,,21060,2,,,1,70,,21076,2,,,1,30,,17837,2,,,1,70,,17669,2,,,1,30,,21071,2,,,1,100,,21087,2,,,1,100,,21061,2,,,1,100,,21077,2,,,1,100,,21066,2,,,1,100,,21073,2,,,1,70,,21082,2,,,1,30,,21089,2,,,1,70,,21081,2,,,1,30,,21067,2,,,1,70,,21065,2,,,1,30,,21090,2,,,1
10500,'3',557,,21104,2,,,1,100,,21125,2,,,1,70,,21118,2,,,1,30,,21107,2,,,1,70,,21117,2,,,1,30,,21098,2,,,1,70,,21102,2,,,1,30,,21116,2,,,1,100,,21105,2,,,1,100,,21099,2,,,1,100,,21124,2,,,1,100,,21108,2,,,1,100,,21127,2,,,1,70,,21115,2,,,1,30,,21130,2,,,1,70,,21121,2,,,1,30,,21103,2,,,1,70,,21106,2,,,1,30,,21128,2,,,1
10500,'4',557,,21154,2,,,1,100,,21135,2,,,1,70,,21162,2,,,1,30,,21150,2,,,1,70,,21155,2,,,1,30,,21134,2,,,1,70,,21137,2,,,1,30,,21165,2,,,1,100,,21145,2,,,1,100,,21152,2,,,1,100,,21159,2,,,1,100,,21158,2,,,1,100,,21168,2,,,1,70,,21139,2,,,1,30,,21131,2,,,1,70,,21160,2,,,1,30,,21157,2,,,1,70,,21153,2,,,1,30,,21143,2,,,1
10500,'5',557,,21198,2,,,1,100,,21196,2,,,1,70,,21180,2,,,1,30,,21190,2,,,1,70,,21187,2,,,1,30,,21184,2,,,1,70,,21194,2,,,1,30,,21205,2,,,1,100,,21171,2,,,1,100,,21172,2,,,1,100,,21200,2,,,1,100,,21174,2,,,1,100,,21173,2,,,1,70,,21176,2,,,1,30,,21204,2,,,1,70,,21178,2,,,1,30,,21201,2,,,1,70,,21193,2,,,1,30,,21185,2,,,1
10500,'7',557,,21244,2,,,1,100,,21237,2,,,1,70,,21235,2,,,1,30,,21209,2,,,1,70,,21225,2,,,1,30,,21210,2,,,1,70,,21207,2,,,1,30,,21234,2,,,1,100,,21213,2,,,1,100,,21227,2,,,1,100,,21222,2,,,1,100,,21236,2,,,1,100,,21243,2,,,1,70,,21208,2,,,1,30,,21229,2,,,1,70,,21211,2,,,1,30,,21220,2,,,1,70,,21223,2,,,1,30,,21218,2,,,1
10500,'8',557,,21250,2,,,1,100,,21255,2,,,1,70,,21279,2,,,1,30,,21268,2,,,1,70,,21261,2,,,1,30,,21262,2,,,1,70,,21267,2,,,1,30,,21260,2,,,1,100,,21247,2,,,1,100,,21257,2,,,1,100,,21282,2,,,1,100,,21252,2,,,1,100,,21253,2,,,1,70,,21272,2,,,1,30,,21256,2,,,1,70,,21278,2,,,1,30,,21249,2,,,1,70,,21254,2,,,1,30,,21275,2,,,1
10500,'9',557,,21307,2,,,1,100,,21311,2,,,1,70,,21291,2,,,1,30,,21292,2,,,1,70,,21319,2,,,1,30,,21304,2,,,1,70,,21301,2,,,1,30,,21295,2,,,1,100,,21312,2,,,1,100,,21315,2,,,1,100,,21303,2,,,1,100,,21310,2,,,1,100,,21309,2,,,1,70,,21317,2,,,1,30,,21293,2,,,1,70,,21294,2,,,1,30,,21299,2,,,1,70,,21314,2,,,1,30,,21300,2,,,1
20500,'1',1857,,27170,2,,,1,100,,27164,2,,,1,100,,27171,2,,,1,100,,27165,2,,,1
20500,'10',657,,27182,2,,,1,100,,27187,2,,,1,100,,19499,2,,,1,100,,27177,2,,,1,100,,27176,2,,,1,100,,27175,2,,,1,100,,27185,2,,,1,100,,27196,2,,,1,100,,27180,2,,,1,100,,27195,2,,,1,100,,27183,2,,,1,100,,27190,2,,,1,100,,27178,2,,,1,100,,27198,2,,,1
20500,'11',657,,27200,2,,,1,100,,27216,2,,,1,100,,27201,2,,,1,100,,27224,2,,,1,100,,27215,2,,,1,100,,27220,2,,,1,100,,27223,2,,,1,100,,27213,2,,,1,100,,27210,2,,,1,100,,27221,2,,,1,100,,27226,2,,,1,100,,27214,2,,,1,100,,27209,2,,,1,100,,27218,2,,,1
20500,'2',1857,,27230,2,,,1,100,,27227,2,,,1,100,,27234,2,,,1,100,,27233,2,,,1
20500,'3',1857,,27237,2,,,1,100,,27235,2,,,1,100,,27240,2,,,1,100,,27241,2,,,1
20500,'4',1857,,27243,2,,,1,100,,27246,2,,,1,100,,27247,2,,,1,100,,27248,2,,,1
20500,'5',1857,,27256,2,,,1,100,,27253,2,,,1,100,,27251,2,,,1,100,,27254,2,,,1
20500,'6',657,,27284,2,,,1,100,,27277,2,,,1,100,,27286,2,,,1,100,,27283,2,,,1,100,,27281,2,,,1,100,,27279,2,,,1,100,,27261,2,,,1,100,,27268,2,,,1,100,,27272,2,,,1,100,,27275,2,,,1,100,,27280,2,,,1,100,,27263,2,,,1,100,,27285,2,,,1,100,,27262,2,,,1
20500,'7',1857,,27288,2,,,1,100,,27291,2,,,1,100,,27287,2,,,1,100,,27292,2,,,1
20500,'8',1857,,27299,2,,,1,100,,27297,2,,,1,100,,27302,2,,,1,100,,27298,2,,,1
20500,'9',1857,,27305,2,,,1,100,,27309,2,,,1,100,,27308,2,,,1,100,,27307,2,,,1
