10900,'1',610,,22960,2,,,1,100,,22975,2,,,1,100,,22971,2,,,1,100,,22974,2,,,1,100,,22987,2,,,1,100,,22989,2,,,1,100,,22963,2,,,1,100,,22966,2,,,1,100,,18341,2,,,1,100,,22961,2,,,1,100,,22978,2,,,1,100,,22986,2,,,1
10900,'2',610,,23009,2,,,1,100,,23012,2,,,1,100,,23026,2,,,1,100,,22993,2,,,1,100,,23011,2,,,1,100,,23010,2,,,1,100,,23006,2,,,1,100,,23001,2,,,1,100,,23018,2,,,1,100,,23025,2,,,1,100,,23020,2,,,1,100,,23028,2,,,1
10900,'3',610,,23058,2,,,1,100,,23035,2,,,1,100,,23037,2,,,1,100,,23046,2,,,1,100,,23048,2,,,1,100,,23054,2,,,1,100,,23051,2,,,1,100,,23057,2,,,1,100,,23056,2,,,1,100,,23060,2,,,1,100,,23043,2,,,1,100,,23039,2,,,1
10900,'4',610,,23078,2,,,1,100,,23077,2,,,1,100,,23097,2,,,1,100,,23098,2,,,1,100,,23089,2,,,1,100,,23094,2,,,1,100,,23070,2,,,1,100,,23088,2,,,1,100,,23091,2,,,1,100,,23067,2,,,1,100,,23099,2,,,1,100,,23096,2,,,1
10900,'5',610,,23110,2,,,1,100,,23130,2,,,1,100,,23127,2,,,1,100,,23135,2,,,1,100,,23103,2,,,1,100,,23102,2,,,1,100,,23117,2,,,1,100,,23128,2,,,1,100,,23123,2,,,1,100,,23113,2,,,1,100,,23124,2,,,1,100,,23116,2,,,1
10900,'7',610,,23172,2,,,1,100,,23162,2,,,1,100,,23171,2,,,1,100,,23150,2,,,1,100,,23145,2,,,1,100,,23147,2,,,1,100,,23164,2,,,1,100,,23170,2,,,1,100,,23166,2,,,1,100,,23165,2,,,1,100,,23168,2,,,1,100,,23163,2,,,1
10900,'8',610,,23179,2,,,1,100,,23200,2,,,1,100,,23202,2,,,1,100,,23186,2,,,1,100,,23182,2,,,1,100,,23196,2,,,1,100,,23195,2,,,1,100,,23177,2,,,1,100,,23190,2,,,1,100,,23193,2,,,1,100,,23176,2,,,1,100,,23181,2,,,1
10900,'9',610,,23242,2,,,1,100,,23226,2,,,1,100,,23223,2,,,1,100,,23225,2,,,1,100,,23214,2,,,1,100,,23243,2,,,1,100,,23224,2,,,1,100,,23231,2,,,1,100,,23210,2,,,1,100,,23209,2,,,1,100,,23232,2,,,1,100,,23230,2,,,1
11300,'1',640,,24526,2,,,1,100,,24516,2,,,1,100,,24512,2,,,1,100,,24515,2,,,1,100,,24503,2,,,1,100,,24504,2,,,1,100,,24500,2,,,1,100,,24502,2,,,1,100,,24517,2,,,1,100,,24509,2,,,1,100,,24499,2,,,1,100,,17253,2,,,1,100,,24520,2,,,1
11300,'2',640,,24564,2,,,1,100,,24539,2,,,1,100,,24555,2,,,1,100,,24537,2,,,1,100,,24553,2,,,1,100,,24558,2,,,1,100,,24568,2,,,1,100,,24536,2,,,1,100,,24543,2,,,1,100,,24560,2,,,1,100,,24559,2,,,1,100,,24549,2,,,1,100,,24561,2,,,1
11300,'3',640,,24600,2,,,1,100,,24578,2,,,1,100,,24584,2,,,1,100,,24596,2,,,1,100,,24597,2,,,1,100,,24581,2,,,1,100,,24608,2,,,1,100,,24589,2,,,1,100,,24571,2,,,1,100,,24583,2,,,1,100,,24588,2,,,1,100,,24604,2,,,1,100,,24605,2,,,1
11300,'4',640,,24623,2,,,1,100,,24627,2,,,1,100,,24616,2,,,1,100,,24636,2,,,1,100,,24638,2,,,1,100,,24644,2,,,1,100,,24640,2,,,1,100,,24645,2,,,1,100,,24611,2,,,1,100,,24620,2,,,1,100,,24624,2,,,1,100,,24626,2,,,1,100,,24639,2,,,1
11300,'5',640,,24666,2,,,1,100,,24672,2,,,1,100,,24680,2,,,1,100,,24654,2,,,1,100,,24673,2,,,1,100,,24670,2,,,1,100,,24651,2,,,1,100,,24683,2,,,1,100,,24687,2,,,1,100,,24664,2,,,1,100,,24657,2,,,1,100,,24656,2,,,1,100,,24669,2,,,1
11300,'7',640,,24692,2,,,1,100,,24706,2,,,1,100,,24721,2,,,1,100,,24689,2,,,1,100,,24715,2,,,1,100,,24693,2,,,1,100,,24712,2,,,1,100,,24707,2,,,1,100,,24723,2,,,1,100,,24697,2,,,1,100,,24714,2,,,1,100,,24695,2,,,1,100,,24708,2,,,1
11300,'8',640,,24762,2,,,1,100,,24732,2,,,1,100,,24735,2,,,1,100,,24763,2,,,1,100,,24749,2,,,1,100,,24742,2,,,1,100,,24734,2,,,1,100,,24746,2,,,1,100,,24745,2,,,1,100,,24733,2,,,1,100,,24748,2,,,1,100,,24741,2,,,1,100,,24739,2,,,1
11300,'9',640,,24782,2,,,1,100,,24786,2,,,1,100,,24804,2,,,1,100,,24790,2,,,1,100,,24793,2,,,1,100,,24776,2,,,1,100,,24769,2,,,1,100,,24785,2,,,1,100,,24779,2,,,1,100,,24799,2,,,1,100,,24777,2,,,1,100,,24783,2,,,1,100,,24800,2,,,1
20900,'1',1810,,27950,2,,,1,100,,27943,2,,,1,100,,27947,2,,,1,100,,27951,2,,,1,100,,27949,2,,,1
20900,'10',710,,27972,2,,,1,100,,27977,2,,,1,100,,27955,2,,,1,100,,27987,2,,,1,100,,27965,2,,,1,100,,27960,2,,,1,100,,27975,2,,,1,100,,27957,2,,,1,100,,27992,2,,,1,100,,27968,2,,,1,100,,27974,2,,,1,100,,27990,2,,,1,100,,27979,2,,,1,100,,27978,2,,,1
20900,'11',710,,28021,2,,,1,100,,28028,2,,,1,100,,28022,2,,,1,100,,28007,2,,,1,100,,28032,2,,,1,100,,28027,2,,,1,100,,28004,2,,,1,100,,28006,2,,,1,100,,28033,2,,,1,100,,28012,2,,,1,100,,28011,2,,,1,100,,27997,2,,,1,100,,28024,2,,,1,100,,28009,2,,,1
20900,'2',1810,,28045,2,,,1,100,,28043,2,,,1,100,,28047,2,,,1,100,,28046,2,,,1,100,,28044,2,,,1
20900,'3',1810,,28056,2,,,1,100,,28061,2,,,1,100,,28062,2,,,1,100,,28060,2,,,1,100,,28050,2,,,1
20900,'4',1810,,28064,2,,,1,100,,28067,2,,,1,100,,28075,2,,,1,100,,28073,2,,,1,100,,28076,2,,,1
20900,'5',1810,,28080,2,,,1,100,,28088,2,,,1,100,,28086,2,,,1,100,,28078,2,,,1,100,,28079,2,,,1
20900,'6',710,,28127,2,,,1,100,,28111,2,,,1,100,,28094,2,,,1,100,,28108,2,,,1,100,,28122,2,,,1,100,,28096,2,,,1,100,,28097,2,,,1,100,,28115,2,,,1,100,,28125,2,,,1,100,,28116,2,,,1,100,,28110,2,,,1,100,,28103,2,,,1,100,,28109,2,,,1,100,,28101,2,,,1
20900,'7',1810,,28143,2,,,1,100,,28138,2,,,1,100,,28142,2,,,1,100,,28136,2,,,1,100,,28141,2,,,1
20900,'8',1810,,28153,2,,,1,100,,28152,2,,,1,100,,28148,2,,,1,100,,28158,2,,,1,100,,28156,2,,,1
20900,'9',1810,,28169,2,,,1,100,,28161,2,,,1,100,,28160,2,,,1,100,,28164,2,,,1,100,,28170,2,,,1
