10901,'1',618,,23246,4,,,1,100,,23253,4,,,1,100,,23254,4,,,1,100,,23251,4,,,1,100,,23249,4,,,1,100,,23250,4,,,1,100,,23248,4,,,1,100,,23261,4,,,1,100,,23259,4,,,1,100,,17453,4,,,1,100,,23262,4,,,1,100,,23256,4,,,1
10901,'2',618,,23267,4,,,1,100,,23273,4,,,1,100,,23270,4,,,1,100,,23287,4,,,1,100,,23277,4,,,1,100,,23276,4,,,1,100,,23278,4,,,1,100,,23281,4,,,1,100,,23283,4,,,1,100,,23266,4,,,1,100,,23284,4,,,1,100,,23280,4,,,1
10901,'3',618,,23292,4,,,1,100,,23297,4,,,1,100,,23311,4,,,1,100,,23301,4,,,1,100,,23307,4,,,1,100,,23300,4,,,1,100,,23291,4,,,1,100,,23305,4,,,1,100,,23295,4,,,1,100,,23293,4,,,1,100,,23309,4,,,1,100,,23312,4,,,1
10901,'4',618,,23322,4,,,1,100,,23331,4,,,1,100,,23317,4,,,1,100,,23327,4,,,1,100,,23314,4,,,1,100,,23333,4,,,1,100,,23325,4,,,1,100,,23319,4,,,1,100,,23328,4,,,1,100,,23329,4,,,1,100,,23326,4,,,1,100,,23324,4,,,1
10901,'5',618,,23359,4,,,1,100,,23344,4,,,1,100,,23358,4,,,1,100,,23355,4,,,1,100,,23339,4,,,1,100,,23351,4,,,1,100,,23345,4,,,1,100,,23356,4,,,1,100,,23342,4,,,1,100,,23340,4,,,1,100,,23357,4,,,1,100,,23346,4,,,1
10901,'7',618,,23369,4,,,1,100,,23368,4,,,1,100,,23380,4,,,1,100,,23364,4,,,1,100,,23366,4,,,1,100,,23378,4,,,1,100,,23376,4,,,1,100,,23371,4,,,1,100,,23384,4,,,1,100,,23374,4,,,1,100,,23365,4,,,1,100,,23372,4,,,1
10901,'8',618,,23404,4,,,1,100,,23389,4,,,1,100,,23403,4,,,1,100,,23407,4,,,1,100,,23399,4,,,1,100,,23387,4,,,1,100,,23400,4,,,1,100,,23405,4,,,1,100,,23396,4,,,1,100,,23393,4,,,1,100,,23386,4,,,1,100,,23395,4,,,1
10901,'9',618,,23420,4,,,1,100,,23410,4,,,1,100,,23414,4,,,1,100,,23412,4,,,1,100,,23426,4,,,1,100,,23413,4,,,1,100,,23411,4,,,1,100,,23430,4,,,1,100,,23428,4,,,1,100,,23422,4,,,1,100,,23409,4,,,1,100,,23419,4,,,1
20901,'1',1818,,28175,4,,,1,100,,28178,4,,,1,100,,28182,4,,,1,100,,28179,4,,,1,100,,28180,4,,,1
20901,'10',718,,28191,4,,,1,100,,28208,4,,,1,100,,28198,4,,,1,100,,28187,4,,,1,100,,28184,4,,,1,100,,28205,4,,,1,100,,28185,4,,,1,100,,28210,4,,,1,100,,28197,4,,,1,100,,28194,4,,,1,100,,28193,4,,,1,100,,28209,4,,,1,100,,28188,4,,,1,100,,28195,4,,,1
20901,'11',718,,28213,4,,,1,100,,28237,4,,,1,100,,28223,4,,,1,100,,28217,4,,,1,100,,28235,4,,,1,100,,28227,4,,,1,100,,28214,4,,,1,100,,28212,4,,,1,100,,28233,4,,,1,100,,28221,4,,,1,100,,28238,4,,,1,100,,28228,4,,,1,100,,28230,4,,,1,100,,28220,4,,,1
20901,'2',1818,,28246,4,,,1,100,,28241,4,,,1,100,,28245,4,,,1,100,,28240,4,,,1,100,,28248,4,,,1
20901,'3',1818,,28258,4,,,1,100,,28253,4,,,1,100,,28254,4,,,1,100,,28252,4,,,1,100,,28251,4,,,1
20901,'4',1818,,28266,4,,,1,100,,28267,4,,,1,100,,28260,4,,,1,100,,28268,4,,,1,100,,28261,4,,,1
20901,'5',1818,,28274,4,,,1,100,,28277,4,,,1,100,,28271,4,,,1,100,,28269,4,,,1,100,,28270,4,,,1
20901,'6',718,,28300,4,,,1,100,,28293,4,,,1,100,,28291,4,,,1,100,,28279,4,,,1,100,,28306,4,,,1,100,,28303,4,,,1,100,,28288,4,,,1,100,,28298,4,,,1,100,,28285,4,,,1,100,,28294,4,,,1,100,,28287,4,,,1,100,,28304,4,,,1,100,,28289,4,,,1,100,,28281,4,,,1
20901,'7',1818,,28311,4,,,1,100,,28314,4,,,1,100,,28307,4,,,1,100,,28312,4,,,1,100,,28309,4,,,1
20901,'8',1818,,28318,4,,,1,100,,28325,4,,,1,100,,28320,4,,,1,100,,28319,4,,,1,100,,28324,4,,,1
20901,'9',1818,,28330,4,,,1,100,,28333,4,,,1,100,,28331,4,,,1,100,,28336,4,,,1,100,,28334,4,,,1
