10501,'1',617,,17262,4,,,1,100,,21325,4,,,1,30,,18349,4,,,1,70,,21334,4,,,1,30,,21348,4,,,1,70,,15602,4,,,1,30,,21341,4,,,1,70,,21337,4,,,1,100,,21330,4,,,1,100,,21347,4,,,1,100,,21331,4,,,1,100,,21332,4,,,1,100,,21350,4,,,1,30,,18105,4,,,1,70,,21343,4,,,1,30,,21354,4,,,1,70,,21339,4,,,1,30,,21346,4,,,1,70,,21328,4,,,1
10501,'2',617,,21388,4,,,1,100,,21355,4,,,1,30,,21364,4,,,1,70,,21358,4,,,1,30,,21360,4,,,1,70,,21361,4,,,1,30,,21375,4,,,1,70,,21362,4,,,1,100,,21365,4,,,1,100,,21381,4,,,1,100,,21380,4,,,1,100,,21385,4,,,1,100,,21363,4,,,1,30,,14153,4,,,1,70,,21384,4,,,1,30,,21371,4,,,1,70,,21370,4,,,1,30,,21356,4,,,1,70,,21366,4,,,1
10501,'3',617,,21404,4,,,1,100,,21405,4,,,1,30,,21411,4,,,1,70,,21415,4,,,1,30,,21412,4,,,1,70,,21419,4,,,1,30,,21413,4,,,1,70,,21402,4,,,1,100,,21422,4,,,1,100,,21426,4,,,1,100,,21421,4,,,1,100,,21394,4,,,1,100,,21395,4,,,1,30,,21410,4,,,1,70,,21399,4,,,1,30,,21418,4,,,1,70,,21416,4,,,1,30,,21391,4,,,1,70,,21420,4,,,1
10501,'4',617,,21457,4,,,1,100,,21441,4,,,1,30,,21447,4,,,1,70,,21443,4,,,1,30,,21462,4,,,1,70,,21438,4,,,1,30,,21433,4,,,1,70,,21440,4,,,1,100,,21434,4,,,1,100,,21437,4,,,1,100,,21431,4,,,1,100,,21448,4,,,1,100,,21449,4,,,1,30,,21445,4,,,1,70,,21429,4,,,1,30,,21439,4,,,1,70,,21442,4,,,1,30,,21428,4,,,1,70,,21451,4,,,1
10501,'5',617,,21496,4,,,1,100,,21472,4,,,1,30,,21467,4,,,1,70,,21495,4,,,1,30,,21494,4,,,1,70,,21491,4,,,1,30,,21503,4,,,1,70,,21487,4,,,1,100,,21488,4,,,1,100,,21466,4,,,1,100,,21500,4,,,1,100,,21497,4,,,1,100,,21480,4,,,1,30,,21483,4,,,1,70,,21468,4,,,1,30,,21502,4,,,1,70,,21482,4,,,1,30,,21479,4,,,1,70,,21474,4,,,1
10501,'7',617,,21540,4,,,1,100,,21539,4,,,1,30,,21521,4,,,1,70,,21538,4,,,1,30,,21535,4,,,1,70,,21511,4,,,1,30,,21516,4,,,1,70,,21518,4,,,1,100,,21525,4,,,1,100,,21510,4,,,1,100,,21522,4,,,1,100,,21523,4,,,1,100,,21533,4,,,1,30,,21531,4,,,1,70,,21507,4,,,1,30,,21520,4,,,1,70,,21508,4,,,1,30,,21541,4,,,1,70,,21524,4,,,1
10501,'8',617,,21558,4,,,1,100,,21553,4,,,1,30,,21543,4,,,1,70,,21545,4,,,1,30,,21572,4,,,1,70,,21548,4,,,1,30,,21573,4,,,1,70,,21569,4,,,1,100,,21554,4,,,1,100,,21571,4,,,1,100,,21568,4,,,1,100,,21577,4,,,1,100,,21564,4,,,1,30,,21574,4,,,1,70,,21578,4,,,1,30,,21579,4,,,1,70,,21565,4,,,1,30,,21570,4,,,1,70,,21567,4,,,1
10501,'9',617,,21605,4,,,1,100,,21585,4,,,1,30,,21580,4,,,1,70,,21583,4,,,1,30,,21584,4,,,1,70,,21587,4,,,1,30,,21608,4,,,1,70,,21595,4,,,1,100,,21602,4,,,1,100,,21604,4,,,1,100,,21609,4,,,1,100,,21613,4,,,1,100,,21616,4,,,1,30,,21599,4,,,1,70,,21589,4,,,1,30,,21593,4,,,1,70,,21588,4,,,1,30,,21612,4,,,1,70,,21582,4,,,1
20501,'1',1917,,27313,4,,,1,100,,27312,4,,,1,100,,27315,4,,,1,100,,27317,4,,,1
20501,'10',717,,27318,4,,,1,100,,27345,4,,,1,100,,27321,4,,,1,100,,27330,4,,,1,100,,27323,4,,,1,100,,27331,4,,,1,100,,27342,4,,,1,100,,27329,4,,,1,100,,27343,4,,,1,100,,27336,4,,,1,100,,27337,4,,,1,100,,27319,4,,,1,100,,27328,4,,,1,100,,27332,4,,,1
20501,'11',717,,27370,4,,,1,100,,27349,4,,,1,100,,27363,4,,,1,100,,27352,4,,,1,100,,27365,4,,,1,100,,27348,4,,,1,100,,27361,4,,,1,100,,27358,4,,,1,100,,27346,4,,,1,100,,27367,4,,,1,100,,27351,4,,,1,100,,27360,4,,,1,100,,27368,4,,,1,100,,27366,4,,,1
20501,'2',1917,,27381,4,,,1,100,,27380,4,,,1,100,,27375,4,,,1,100,,27374,4,,,1
20501,'3',1917,,27388,4,,,1,100,,27384,4,,,1,100,,27386,4,,,1,100,,27385,4,,,1
20501,'4',1917,,27396,4,,,1,100,,27397,4,,,1,100,,27390,4,,,1,100,,27391,4,,,1
20501,'5',1917,,27398,4,,,1,100,,27403,4,,,1,100,,27400,4,,,1,100,,27404,4,,,1
20501,'6',717,,27431,4,,,1,100,,27422,4,,,1,100,,27421,4,,,1,100,,27423,4,,,1,100,,27414,4,,,1,100,,27415,4,,,1,100,,27419,4,,,1,100,,27407,4,,,1,100,,27428,4,,,1,100,,27413,4,,,1,100,,27427,4,,,1,100,,27425,4,,,1,100,,27418,4,,,1,100,,27416,4,,,1
20501,'7',1917,,27435,4,,,1,100,,27434,4,,,1,100,,27436,4,,,1,100,,27440,4,,,1
20501,'8',1917,,27448,4,,,1,100,,27444,4,,,1,100,,27442,4,,,1,100,,27446,4,,,1
20501,'9',1917,,27455,4,,,1,100,,27456,4,,,1,100,,27454,4,,,1,100,,27451,4,,,1
