10501,'1',627,,21326,5,,,1,100,,21351,5,,,1,30,,21333,5,,,1,70,,21342,5,,,1,30,,21345,5,,,1,70,,21340,5,,,1,30,,21324,5,,,1,70,,21349,5,,,1,100,,21335,5,,,1,100,,21352,5,,,1,100,,21338,5,,,1,100,,21323,5,,,1,100,,21327,5,,,1,30,,21329,5,,,1,70,,21353,5,,,1,30,,21322,5,,,1,70,,21336,5,,,1,30,,21344,5,,,1,70,,21321,5,,,1
10501,'2',627,,21376,5,,,1,100,,21379,5,,,1,30,,21387,5,,,1,70,,21369,5,,,1,30,,21378,5,,,1,70,,21377,5,,,1,30,,21372,5,,,1,70,,21386,5,,,1,100,,21383,5,,,1,100,,21357,5,,,1,100,,21382,5,,,1,100,,21374,5,,,1,100,,18132,5,,,1,30,,21373,5,,,1,70,,21367,5,,,1,30,,21368,5,,,1,70,,21359,5,,,1,30,,17299,5,,,1,70,,21389,5,,,1
10501,'3',627,,21427,5,,,1,100,,21408,5,,,1,30,,21407,5,,,1,70,,21392,5,,,1,30,,21406,5,,,1,70,,21393,5,,,1,30,,21414,5,,,1,70,,21424,5,,,1,100,,21409,5,,,1,100,,21397,5,,,1,100,,21423,5,,,1,100,,21403,5,,,1,100,,21401,5,,,1,30,,21398,5,,,1,70,,21396,5,,,1,30,,21425,5,,,1,70,,21390,5,,,1,30,,21400,5,,,1,70,,21417,5,,,1
10501,'4',627,,21446,5,,,1,100,,21465,5,,,1,30,,21459,5,,,1,70,,21444,5,,,1,30,,21432,5,,,1,70,,21464,5,,,1,30,,21452,5,,,1,70,,21463,5,,,1,100,,21450,5,,,1,100,,21435,5,,,1,100,,21454,5,,,1,100,,21461,5,,,1,100,,21458,5,,,1,30,,21436,5,,,1,70,,21430,5,,,1,30,,21456,5,,,1,70,,21460,5,,,1,30,,21453,5,,,1,70,,21455,5,,,1
10501,'5',627,,21498,5,,,1,100,,21493,5,,,1,30,,21499,5,,,1,70,,21469,5,,,1,30,,21476,5,,,1,70,,21473,5,,,1,30,,21478,5,,,1,70,,21501,5,,,1,100,,21490,5,,,1,100,,21486,5,,,1,100,,21470,5,,,1,100,,21475,5,,,1,100,,21481,5,,,1,30,,21492,5,,,1,70,,21484,5,,,1,30,,21485,5,,,1,70,,21489,5,,,1,30,,21471,5,,,1,70,,21477,5,,,1
10501,'7',627,,21536,5,,,1,100,,21512,5,,,1,30,,21506,5,,,1,70,,21504,5,,,1,30,,21529,5,,,1,70,,21526,5,,,1,30,,21532,5,,,1,70,,21527,5,,,1,100,,21509,5,,,1,100,,21505,5,,,1,100,,21537,5,,,1,100,,21534,5,,,1,100,,21517,5,,,1,30,,21514,5,,,1,70,,21513,5,,,1,30,,21519,5,,,1,70,,21530,5,,,1,30,,21528,5,,,1,70,,21515,5,,,1
10501,'8',627,,21561,5,,,1,100,,21559,5,,,1,30,,21552,5,,,1,70,,21560,5,,,1,30,,21544,5,,,1,70,,21562,5,,,1,30,,21556,5,,,1,70,,21542,5,,,1,100,,21555,5,,,1,100,,21557,5,,,1,100,,21551,5,,,1,100,,21549,5,,,1,100,,21547,5,,,1,30,,21576,5,,,1,70,,21566,5,,,1,30,,21550,5,,,1,70,,21546,5,,,1,30,,21563,5,,,1,70,,21575,5,,,1
10501,'9',627,,21596,5,,,1,100,,21591,5,,,1,30,,21586,5,,,1,70,,21614,5,,,1,30,,21610,5,,,1,70,,21611,5,,,1,30,,21615,5,,,1,70,,21597,5,,,1,100,,21617,5,,,1,100,,21600,5,,,1,100,,21606,5,,,1,100,,21594,5,,,1,100,,21581,5,,,1,30,,21592,5,,,1,70,,21607,5,,,1,30,,21603,5,,,1,70,,21601,5,,,1,30,,21590,5,,,1,70,,21598,5,,,1
20501,'1',1926,,18082,5,,,1,100,,27311,5,,,1,100,,27314,5,,,1,100,,27316,5,,,1
20501,'10',726,,27340,5,,,1,100,,27344,5,,,1,100,,27327,5,,,1,100,,27335,5,,,1,100,,27339,5,,,1,100,,27320,5,,,1,100,,27326,5,,,1,100,,27338,5,,,1,100,,27324,5,,,1,100,,27325,5,,,1,100,,27322,5,,,1,100,,27334,5,,,1,100,,27333,5,,,1,100,,27341,5,,,1
20501,'11',726,,27354,5,,,1,100,,27350,5,,,1,100,,27362,5,,,1,100,,27347,5,,,1,100,,27355,5,,,1,100,,27359,5,,,1,100,,27372,5,,,1,100,,27364,5,,,1,100,,27357,5,,,1,100,,27371,5,,,1,100,,27373,5,,,1,100,,27353,5,,,1,100,,27369,5,,,1,100,,27356,5,,,1
20501,'2',1926,,27378,5,,,1,100,,27376,5,,,1,100,,27379,5,,,1,100,,27377,5,,,1
20501,'3',1926,,27389,5,,,1,100,,27383,5,,,1,100,,27387,5,,,1,100,,27382,5,,,1
20501,'4',1926,,27393,5,,,1,100,,27395,5,,,1,100,,27392,5,,,1,100,,27394,5,,,1
20501,'5',1926,,27405,5,,,1,100,,27401,5,,,1,100,,27402,5,,,1,100,,27399,5,,,1
20501,'6',726,,27408,5,,,1,100,,27432,5,,,1,100,,27424,5,,,1,100,,27433,5,,,1,100,,27417,5,,,1,100,,27412,5,,,1,100,,27420,5,,,1,100,,27410,5,,,1,100,,27430,5,,,1,100,,27411,5,,,1,100,,27429,5,,,1,100,,27406,5,,,1,100,,27409,5,,,1,100,,27426,5,,,1
20501,'7',1926,,27438,5,,,1,100,,27439,5,,,1,100,,27441,5,,,1,100,,27437,5,,,1
20501,'8',1926,,27445,5,,,1,100,,27449,5,,,1,100,,27443,5,,,1,100,,27447,5,,,1
20501,'9',1926,,27457,5,,,1,100,,27452,5,,,1,100,,27450,5,,,1,100,,27453,5,,,1
