10501,'1',629,,21326,10,,,1,100,,21351,10,,,1,30,,21333,10,,,1,70,,21342,10,,,1,30,,21345,10,,,1,70,,21340,10,,,1,30,,21324,10,,,1,70,,21349,10,,,1,100,,21335,10,,,1,100,,21352,10,,,1,100,,21338,10,,,1,100,,21323,10,,,1,100,,21327,10,,,1,30,,21329,10,,,1,70,,21353,10,,,1,30,,21322,10,,,1,70,,21336,10,,,1,30,,21344,10,,,1,70,,21321,10,,,1
10501,'2',629,,21376,10,,,1,100,,21379,10,,,1,30,,21387,10,,,1,70,,21369,10,,,1,30,,21378,10,,,1,70,,21377,10,,,1,30,,21372,10,,,1,70,,21386,10,,,1,100,,21383,10,,,1,100,,21357,10,,,1,100,,21382,10,,,1,100,,21374,10,,,1,100,,18132,10,,,1,30,,21373,10,,,1,70,,21367,10,,,1,30,,21368,10,,,1,70,,21359,10,,,1,30,,17299,10,,,1,70,,21389,10,,,1
10501,'3',629,,21427,10,,,1,100,,21408,10,,,1,30,,21407,10,,,1,70,,21392,10,,,1,30,,21406,10,,,1,70,,21393,10,,,1,30,,21414,10,,,1,70,,21424,10,,,1,100,,21409,10,,,1,100,,21397,10,,,1,100,,21423,10,,,1,100,,21403,10,,,1,100,,21401,10,,,1,30,,21398,10,,,1,70,,21396,10,,,1,30,,21425,10,,,1,70,,21390,10,,,1,30,,21400,10,,,1,70,,21417,10,,,1
10501,'4',629,,21446,10,,,1,100,,21465,10,,,1,30,,21459,10,,,1,70,,21444,10,,,1,30,,21432,10,,,1,70,,21464,10,,,1,30,,21452,10,,,1,70,,21463,10,,,1,100,,21450,10,,,1,100,,21435,10,,,1,100,,21454,10,,,1,100,,21461,10,,,1,100,,21458,10,,,1,30,,21436,10,,,1,70,,21430,10,,,1,30,,21456,10,,,1,70,,21460,10,,,1,30,,21453,10,,,1,70,,21455,10,,,1
10501,'5',629,,21498,10,,,1,100,,21493,10,,,1,30,,21499,10,,,1,70,,21469,10,,,1,30,,21476,10,,,1,70,,21473,10,,,1,30,,21478,10,,,1,70,,21501,10,,,1,100,,21490,10,,,1,100,,21486,10,,,1,100,,21470,10,,,1,100,,21475,10,,,1,100,,21481,10,,,1,30,,21492,10,,,1,70,,21484,10,,,1,30,,21485,10,,,1,70,,21489,10,,,1,30,,21471,10,,,1,70,,21477,10,,,1
10501,'7',629,,21536,10,,,1,100,,21512,10,,,1,30,,21506,10,,,1,70,,21504,10,,,1,30,,21529,10,,,1,70,,21526,10,,,1,30,,21532,10,,,1,70,,21527,10,,,1,100,,21509,10,,,1,100,,21505,10,,,1,100,,21537,10,,,1,100,,21534,10,,,1,100,,21517,10,,,1,30,,21514,10,,,1,70,,21513,10,,,1,30,,21519,10,,,1,70,,21530,10,,,1,30,,21528,10,,,1,70,,21515,10,,,1
10501,'8',629,,21561,10,,,1,100,,21559,10,,,1,30,,21552,10,,,1,70,,21560,10,,,1,30,,21544,10,,,1,70,,21562,10,,,1,30,,21556,10,,,1,70,,21542,10,,,1,100,,21555,10,,,1,100,,21557,10,,,1,100,,21551,10,,,1,100,,21549,10,,,1,100,,21547,10,,,1,30,,21576,10,,,1,70,,21566,10,,,1,30,,21550,10,,,1,70,,21546,10,,,1,30,,21563,10,,,1,70,,21575,10,,,1
10501,'9',629,,21596,10,,,1,100,,21591,10,,,1,30,,21586,10,,,1,70,,21614,10,,,1,30,,21610,10,,,1,70,,21611,10,,,1,30,,21615,10,,,1,70,,21597,10,,,1,100,,21617,10,,,1,100,,21600,10,,,1,100,,21606,10,,,1,100,,21594,10,,,1,100,,21581,10,,,1,30,,21592,10,,,1,70,,21607,10,,,1,30,,21603,10,,,1,70,,21601,10,,,1,30,,21590,10,,,1,70,,21598,10,,,1
20501,'1',1928,,18082,10,,,1,100,,27311,10,,,1,100,,27314,10,,,1,100,,27316,10,,,1
20501,'10',728,,27340,10,,,1,100,,27344,10,,,1,100,,27327,10,,,1,100,,27335,10,,,1,100,,27339,10,,,1,100,,27320,10,,,1,100,,27326,10,,,1,100,,27338,10,,,1,100,,27324,10,,,1,100,,27325,10,,,1,100,,27322,10,,,1,100,,27334,10,,,1,100,,27333,10,,,1,100,,27341,10,,,1
20501,'11',728,,27354,10,,,1,100,,27350,10,,,1,100,,27362,10,,,1,100,,27347,10,,,1,100,,27355,10,,,1,100,,27359,10,,,1,100,,27372,10,,,1,100,,27364,10,,,1,100,,27357,10,,,1,100,,27371,10,,,1,100,,27373,10,,,1,100,,27353,10,,,1,100,,27369,10,,,1,100,,27356,10,,,1
20501,'2',1928,,27378,10,,,1,100,,27376,10,,,1,100,,27379,10,,,1,100,,27377,10,,,1
20501,'3',1928,,27389,10,,,1,100,,27383,10,,,1,100,,27387,10,,,1,100,,27382,10,,,1
20501,'4',1928,,27393,10,,,1,100,,27395,10,,,1,100,,27392,10,,,1,100,,27394,10,,,1
20501,'5',1928,,27405,10,,,1,100,,27401,10,,,1,100,,27402,10,,,1,100,,27399,10,,,1
20501,'6',728,,27408,10,,,1,100,,27432,10,,,1,100,,27424,10,,,1,100,,27433,10,,,1,100,,27417,10,,,1,100,,27412,10,,,1,100,,27420,10,,,1,100,,27410,10,,,1,100,,27430,10,,,1,100,,27411,10,,,1,100,,27429,10,,,1,100,,27406,10,,,1,100,,27409,10,,,1,100,,27426,10,,,1
20501,'7',1928,,27438,10,,,1,100,,27439,10,,,1,100,,27441,10,,,1,100,,27437,10,,,1
20501,'8',1928,,27445,10,,,1,100,,27449,10,,,1,100,,27443,10,,,1,100,,27447,10,,,1
20501,'9',1928,,27457,10,,,1,100,,27452,10,,,1,100,,27450,10,,,1,100,,27453,10,,,1
