10500,'1',555,,21026,14,4,,1,2,,21036,1,,,1,98,,21028,14,4,,1,2,,21031,1,,,1,68,,21052,14,4,,1,2,,21040,1,,,1,28,,21025,14,4,,1,2,,21023,1,,,1,68,,21044,14,4,,1,2,,21041,1,,,1,28,,21030,14,4,,1,2,,21042,1,,,1,68,,21024,14,4,,1,2,,21032,1,,,1,28,,21056,14,4,,1,2,,21035,1,,,1,98,,21037,14,4,,1,2,,21047,1,,,1,98,,21027,14,4,,1,2,,21054,1,,,1,98,,21049,14,4,,1,2,,21046,1,,,1,98,,21029,14,4,,1,2,,21020,1,,,1,98,,21050,14,4,,1,2,,21045,1,,,1,68,,21021,14,4,,1,2,,21051,1,,,1,28,,21043,14,4,,1,2,,21034,1,,,1,68,,21055,14,4,,1,2,,21053,1,,,1,28,,18649,14,4,,1,2,,21033,1,,,1,68,,21039,14,4,,1,2,,21022,1,,,1,28,,21038,14,4,,1,2,,21048,1,,,1
10500,'2',555,,21078,14,4,,1,2,,21091,1,,,1,98,,21092,14,4,,1,2,,21080,1,,,1,68,,21069,14,4,,1,2,,21079,1,,,1,28,,21086,14,4,,1,2,,21060,1,,,1,68,,21074,14,4,,1,2,,21076,1,,,1,28,,21058,14,4,,1,2,,17837,1,,,1,68,,21059,14,4,,1,2,,17669,1,,,1,28,,21064,14,4,,1,2,,21071,1,,,1,98,,21062,14,4,,1,2,,21087,1,,,1,98,,21057,14,4,,1,2,,21061,1,,,1,98,,21083,14,4,,1,2,,21077,1,,,1,98,,21075,14,4,,1,2,,21066,1,,,1,98,,21085,14,4,,1,2,,21073,1,,,1,68,,21072,14,4,,1,2,,21082,1,,,1,28,,21088,14,4,,1,2,,21089,1,,,1,68,,21068,14,4,,1,2,,21081,1,,,1,28,,21063,14,4,,1,2,,21067,1,,,1,68,,21070,14,4,,1,2,,21065,1,,,1,28,,21084,14,4,,1,2,,21090,1,,,1
10500,'3',555,,21094,14,4,,1,2,,21104,1,,,1,98,,21109,14,4,,1,2,,21125,1,,,1,68,,21114,14,4,,1,2,,21118,1,,,1,28,,21113,14,4,,1,2,,21107,1,,,1,68,,21123,14,4,,1,2,,21117,1,,,1,28,,21120,14,4,,1,2,,21098,1,,,1,68,,21122,14,4,,1,2,,21102,1,,,1,28,,21110,14,4,,1,2,,21116,1,,,1,98,,21111,14,4,,1,2,,21105,1,,,1,98,,21095,14,4,,1,2,,21099,1,,,1,98,,21126,14,4,,1,2,,21124,1,,,1,98,,21100,14,4,,1,2,,21108,1,,,1,98,,21119,14,4,,1,2,,21127,1,,,1,68,,21093,14,4,,1,2,,21115,1,,,1,28,,21101,14,4,,1,2,,21130,1,,,1,68,,21097,14,4,,1,2,,21121,1,,,1,28,,21112,14,4,,1,2,,21103,1,,,1,68,,21096,14,4,,1,2,,21106,1,,,1,28,,21129,14,4,,1,2,,21128,1,,,1
10500,'4',555,,21138,14,4,,1,2,,21154,1,,,1,98,,21148,14,4,,1,2,,21135,1,,,1,68,,21133,14,4,,1,2,,21162,1,,,1,28,,21146,14,4,,1,2,,21150,1,,,1,68,,21164,14,4,,1,2,,21155,1,,,1,28,,21156,14,4,,1,2,,21134,1,,,1,68,,21140,14,4,,1,2,,21137,1,,,1,28,,21161,14,4,,1,2,,21165,1,,,1,98,,21151,14,4,,1,2,,21145,1,,,1,98,,21144,14,4,,1,2,,21152,1,,,1,98,,21142,14,4,,1,2,,21159,1,,,1,98,,21166,14,4,,1,2,,21158,1,,,1,98,,21147,14,4,,1,2,,21168,1,,,1,68,,21136,14,4,,1,2,,21139,1,,,1,28,,21149,14,4,,1,2,,21131,1,,,1,68,,21163,14,4,,1,2,,21160,1,,,1,28,,21167,14,4,,1,2,,21157,1,,,1,68,,21141,14,4,,1,2,,21153,1,,,1,28,,21132,14,4,,1,2,,21143,1,,,1
10500,'5',555,,21169,14,4,,1,2,,21198,1,,,1,98,,21183,14,4,,1,2,,21196,1,,,1,68,,21197,14,4,,1,2,,21180,1,,,1,28,,21170,14,4,,1,2,,21190,1,,,1,68,,21179,14,4,,1,2,,21187,1,,,1,28,,21175,14,4,,1,2,,21184,1,,,1,68,,21182,14,4,,1,2,,21194,1,,,1,28,,21192,14,4,,1,2,,21205,1,,,1,98,,21206,14,4,,1,2,,21171,1,,,1,98,,21191,14,4,,1,2,,21172,1,,,1,98,,21188,14,4,,1,2,,21200,1,,,1,98,,21202,14,4,,1,2,,21174,1,,,1,98,,21199,14,4,,1,2,,21173,1,,,1,68,,21186,14,4,,1,2,,21176,1,,,1,28,,21203,14,4,,1,2,,21204,1,,,1,68,,21189,14,4,,1,2,,21178,1,,,1,28,,21195,14,4,,1,2,,21201,1,,,1,68,,21177,14,4,,1,2,,21193,1,,,1,28,,21181,14,4,,1,2,,21185,1,,,1
10500,'7',555,,21214,14,4,,1,2,,21244,1,,,1,98,,21240,14,4,,1,2,,21237,1,,,1,68,,21238,14,4,,1,2,,21235,1,,,1,28,,21226,14,4,,1,2,,21209,1,,,1,68,,21221,14,4,,1,2,,21225,1,,,1,28,,21216,14,4,,1,2,,21210,1,,,1,68,,21224,14,4,,1,2,,21207,1,,,1,28,,21232,14,4,,1,2,,21234,1,,,1,98,,21230,14,4,,1,2,,21213,1,,,1,98,,21212,14,4,,1,2,,21227,1,,,1,98,,21241,14,4,,1,2,,21222,1,,,1,98,,21228,14,4,,1,2,,21236,1,,,1,98,,21217,14,4,,1,2,,21243,1,,,1,68,,21219,14,4,,1,2,,21208,1,,,1,28,,21233,14,4,,1,2,,21229,1,,,1,68,,21215,14,4,,1,2,,21211,1,,,1,28,,21231,14,4,,1,2,,21220,1,,,1,68,,21239,14,4,,1,2,,21223,1,,,1,28,,21242,14,4,,1,2,,21218,1,,,1
10500,'8',555,,21269,14,4,,1,2,,21250,1,,,1,98,,21258,14,4,,1,2,,21255,1,,,1,68,,21265,14,4,,1,2,,21279,1,,,1,28,,21280,14,4,,1,2,,21268,1,,,1,68,,21281,14,4,,1,2,,21261,1,,,1,28,,21271,14,4,,1,2,,21262,1,,,1,68,,21251,14,4,,1,2,,21267,1,,,1,28,,21277,14,4,,1,2,,21260,1,,,1,98,,21273,14,4,,1,2,,21247,1,,,1,98,,21266,14,4,,1,2,,21257,1,,,1,98,,21246,14,4,,1,2,,21282,1,,,1,98,,21245,14,4,,1,2,,21252,1,,,1,98,,21259,14,4,,1,2,,21253,1,,,1,68,,21248,14,4,,1,2,,21272,1,,,1,28,,21274,14,4,,1,2,,21256,1,,,1,68,,21264,14,4,,1,2,,21278,1,,,1,28,,21276,14,4,,1,2,,21249,1,,,1,68,,21270,14,4,,1,2,,21254,1,,,1,28,,21263,14,4,,1,2,,21275,1,,,1
10500,'9',555,,21320,14,4,,1,2,,21307,1,,,1,98,,21298,14,4,,1,2,,21311,1,,,1,68,,21288,14,4,,1,2,,21291,1,,,1,28,,21305,14,4,,1,2,,21292,1,,,1,68,,21297,14,4,,1,2,,21319,1,,,1,28,,21316,14,4,,1,2,,21304,1,,,1,68,,21302,14,4,,1,2,,21301,1,,,1,28,,21306,14,4,,1,2,,21295,1,,,1,98,,21284,14,4,,1,2,,21312,1,,,1,98,,21286,14,4,,1,2,,21315,1,,,1,98,,21289,14,4,,1,2,,21303,1,,,1,98,,21290,14,4,,1,2,,21310,1,,,1,98,,21287,14,4,,1,2,,21309,1,,,1,68,,21296,14,4,,1,2,,21317,1,,,1,28,,21308,14,4,,1,2,,21293,1,,,1,68,,21318,14,4,,1,2,,21294,1,,,1,28,,21313,14,4,,1,2,,21299,1,,,1,68,,21283,14,4,,1,2,,21314,1,,,1,28,,21285,14,4,,1,2,,21300,1,,,1
20500,'1',1854,,27166,14,4,,1,3,,27170,1,,,1,97,,27168,14,4,,1,3,,27164,1,,,1,97,,27167,14,4,,1,3,,27171,1,,,1,97,,27169,14,4,,1,3,,27165,1,,,1
20500,'10',654,,27194,14,4,,1,3,,27182,1,,,1,97,,27174,14,4,,1,3,,27187,1,,,1,97,,27184,14,4,,1,3,,19499,1,,,1,97,,27186,14,4,,1,3,,27177,1,,,1,97,,27192,14,4,,1,3,,27176,1,,,1,97,,27173,14,4,,1,3,,27175,1,,,1,97,,27188,14,4,,1,3,,27185,1,,,1,97,,27181,14,4,,1,3,,27196,1,,,1,97,,27191,14,4,,1,3,,27180,1,,,1,97,,27179,14,4,,1,3,,27195,1,,,1,97,,27197,14,4,,1,3,,27183,1,,,1,97,,27189,14,4,,1,3,,27190,1,,,1,97,,27193,14,4,,1,3,,27178,1,,,1,97,,27172,14,4,,1,3,,27198,1,,,1
20500,'11',654,,27207,14,4,,1,3,,27200,1,,,1,97,,27199,14,4,,1,3,,27216,1,,,1,97,,27211,14,4,,1,3,,27201,1,,,1,97,,27219,14,4,,1,3,,27224,1,,,1,97,,27202,14,4,,1,3,,27215,1,,,1,97,,27203,14,4,,1,3,,27220,1,,,1,97,,27212,14,4,,1,3,,27223,1,,,1,97,,27205,14,4,,1,3,,27213,1,,,1,97,,27225,14,4,,1,3,,27210,1,,,1,97,,27206,14,4,,1,3,,27221,1,,,1,97,,27217,14,4,,1,3,,27226,1,,,1,97,,27208,14,4,,1,3,,27214,1,,,1,97,,27204,14,4,,1,3,,27209,1,,,1,97,,27222,14,4,,1,3,,27218,1,,,1
20500,'2',1854,,27228,14,4,,1,3,,27230,1,,,1,97,,27229,14,4,,1,3,,27227,1,,,1,97,,27231,14,4,,1,3,,27234,1,,,1,97,,27232,14,4,,1,3,,27233,1,,,1
20500,'3',1854,,27238,14,4,,1,3,,27237,1,,,1,97,,27236,14,4,,1,3,,27235,1,,,1,97,,27242,14,4,,1,3,,27240,1,,,1,97,,27239,14,4,,1,3,,27241,1,,,1
20500,'4',1854,,27249,14,4,,1,3,,27243,1,,,1,97,,27250,14,4,,1,3,,27246,1,,,1,97,,27244,14,4,,1,3,,27247,1,,,1,97,,27245,14,4,,1,3,,27248,1,,,1
20500,'5',1854,,27252,14,4,,1,3,,27256,1,,,1,97,,27258,14,4,,1,3,,27253,1,,,1,97,,27257,14,4,,1,3,,27251,1,,,1,97,,27255,14,4,,1,3,,27254,1,,,1
20500,'6',654,,27271,14,4,,1,3,,27284,1,,,1,97,,27266,14,4,,1,3,,27277,1,,,1,97,,27267,14,4,,1,3,,27286,1,,,1,97,,27269,14,4,,1,3,,27283,1,,,1,97,,27274,14,4,,1,3,,27281,1,,,1,97,,27264,14,4,,1,3,,27279,1,,,1,97,,27273,14,4,,1,3,,27261,1,,,1,97,,27276,14,4,,1,3,,27268,1,,,1,97,,27282,14,4,,1,3,,27272,1,,,1,97,,27265,14,4,,1,3,,27275,1,,,1,97,,27260,14,4,,1,3,,27280,1,,,1,97,,27278,14,4,,1,3,,27263,1,,,1,97,,27259,14,4,,1,3,,27285,1,,,1,97,,27270,14,4,,1,3,,27262,1,,,1
20500,'7',1854,,27294,14,4,,1,3,,27288,1,,,1,97,,27289,14,4,,1,3,,27291,1,,,1,97,,27293,14,4,,1,3,,27287,1,,,1,97,,27290,14,4,,1,3,,27292,1,,,1
20500,'8',1854,,27296,14,4,,1,3,,27299,1,,,1,97,,27300,14,4,,1,3,,27297,1,,,1,97,,27301,14,4,,1,3,,27302,1,,,1,97,,27295,14,4,,1,3,,27298,1,,,1
20500,'9',1854,,27310,14,4,,1,3,,27305,1,,,1,97,,27303,14,4,,1,3,,27309,1,,,1,97,,27306,14,4,,1,3,,27308,1,,,1,97,,27304,14,4,,1,3,,27307,1,,,1
