10800,'1',701,,22568,3,,,1,30,,22559,3,,,1,70,,22555,3,,,1,30,,17782,3,,,1,70,,22563,3,,,1,30,,22545,3,,,1,100,,22540,3,,,1,100,,22561,3,,,1,100,,22566,3,,,1,100,,22565,3,,,1,100,,22552,3,,,1,70,,22549,3,,,1,30,,22550,3,,,1,70,,22562,3,,,1,30,,22542,3,,,1,70,,22564,3,,,1,30,,22557,3,,,1
10800,'2',701,,22587,3,,,1,30,,22583,3,,,1,70,,22579,3,,,1,30,,22573,3,,,1,70,,22572,3,,,1,30,,22584,3,,,1,100,,22570,3,,,1,100,,22601,3,,,1,100,,22590,3,,,1,100,,22586,3,,,1,100,,22588,3,,,1,70,,22598,3,,,1,30,,22571,3,,,1,70,,22578,3,,,1,30,,22575,3,,,1,70,,22574,3,,,1,30,,22589,3,,,1
10800,'3',701,,22630,3,,,1,30,,22629,3,,,1,70,,22608,3,,,1,30,,22612,3,,,1,70,,22623,3,,,1,30,,22634,3,,,1,100,,22624,3,,,1,100,,22633,3,,,1,100,,22606,3,,,1,100,,22609,3,,,1,100,,22621,3,,,1,70,,22619,3,,,1,30,,22631,3,,,1,70,,22615,3,,,1,30,,22617,3,,,1,70,,22622,3,,,1,30,,22610,3,,,1
10800,'4',701,,22656,3,,,1,30,,22644,3,,,1,70,,22665,3,,,1,30,,22658,3,,,1,70,,22668,3,,,1,30,,22652,3,,,1,100,,22663,3,,,1,100,,22637,3,,,1,100,,22661,3,,,1,100,,22642,3,,,1,100,,22641,3,,,1,70,,22651,3,,,1,30,,22660,3,,,1,70,,22655,3,,,1,30,,22646,3,,,1,70,,22654,3,,,1,30,,22645,3,,,1
10800,'5',701,,22681,3,,,1,30,,22700,3,,,1,70,,22698,3,,,1,30,,22676,3,,,1,70,,22703,3,,,1,30,,22694,3,,,1,100,,22702,3,,,1,100,,22693,3,,,1,100,,22682,3,,,1,100,,22689,3,,,1,100,,22699,3,,,1,70,,22685,3,,,1,30,,22686,3,,,1,70,,22704,3,,,1,30,,22690,3,,,1,70,,22675,3,,,1,30,,22678,3,,,1
10800,'7',701,,22729,3,,,1,30,,22715,3,,,1,70,,22725,3,,,1,30,,22719,3,,,1,70,,22730,3,,,1,30,,22733,3,,,1,100,,22738,3,,,1,100,,22721,3,,,1,100,,22736,3,,,1,100,,22722,3,,,1,100,,22720,3,,,1,70,,22734,3,,,1,30,,22706,3,,,1,70,,22712,3,,,1,30,,22705,3,,,1,70,,22710,3,,,1,30,,22728,3,,,1
10800,'8',701,,22740,3,,,1,30,,22772,3,,,1,70,,22752,3,,,1,30,,22756,3,,,1,70,,22739,3,,,1,30,,22764,3,,,1,100,,22744,3,,,1,100,,22758,3,,,1,100,,22751,3,,,1,100,,22768,3,,,1,100,,22762,3,,,1,70,,22745,3,,,1,30,,22747,3,,,1,70,,22761,3,,,1,30,,22755,3,,,1,70,,22759,3,,,1,30,,22748,3,,,1
10800,'9',701,,22773,3,,,1,30,,22782,3,,,1,70,,22786,3,,,1,30,,22780,3,,,1,70,,22796,3,,,1,30,,22799,3,,,1,100,,22800,3,,,1,100,,22783,3,,,1,100,,22806,3,,,1,100,,22804,3,,,1,100,,22792,3,,,1,70,,22793,3,,,1,30,,22777,3,,,1,70,,22788,3,,,1,30,,22784,3,,,1,70,,22778,3,,,1,30,,22791,3,,,1
10900,'1',703,,22988,3,,,1,100,,22992,3,,,1,100,,22970,3,,,1,100,,22972,3,,,1,100,,19081,3,,,1,100,,22981,3,,,1,100,,22962,3,,,1,100,,22980,3,,,1,100,,22964,3,,,1,100,,22967,3,,,1,100,,22959,3,,,1,100,,22976,3,,,1
10900,'2',703,,23002,3,,,1,100,,23019,3,,,1,100,,23017,3,,,1,100,,23008,3,,,1,100,,23016,3,,,1,100,,23024,3,,,1,100,,23027,3,,,1,100,,23004,3,,,1,100,,23013,3,,,1,100,,23021,3,,,1,100,,23023,3,,,1,100,,22998,3,,,1
10900,'3',703,,23044,3,,,1,100,,23059,3,,,1,100,,23033,3,,,1,100,,23041,3,,,1,100,,23064,3,,,1,100,,23053,3,,,1,100,,23038,3,,,1,100,,23050,3,,,1,100,,23061,3,,,1,100,,23045,3,,,1,100,,23030,3,,,1,100,,23031,3,,,1
10900,'4',703,,23083,3,,,1,100,,23087,3,,,1,100,,23071,3,,,1,100,,23079,3,,,1,100,,23069,3,,,1,100,,23086,3,,,1,100,,23093,3,,,1,100,,23075,3,,,1,100,,23084,3,,,1,100,,23076,3,,,1,100,,23073,3,,,1,100,,23081,3,,,1
10900,'5',703,,23122,3,,,1,100,,23126,3,,,1,100,,23121,3,,,1,100,,23131,3,,,1,100,,23101,3,,,1,100,,23133,3,,,1,100,,23114,3,,,1,100,,23109,3,,,1,100,,23106,3,,,1,100,,23119,3,,,1,100,,23129,3,,,1,100,,23107,3,,,1
10900,'7',703,,23155,3,,,1,100,,23142,3,,,1,100,,23140,3,,,1,100,,23139,3,,,1,100,,23156,3,,,1,100,,23157,3,,,1,100,,23161,3,,,1,100,,23169,3,,,1,100,,23137,3,,,1,100,,23146,3,,,1,100,,23154,3,,,1,100,,23143,3,,,1
10900,'8',703,,23205,3,,,1,100,,23194,3,,,1,100,,23201,3,,,1,100,,23204,3,,,1,100,,23173,3,,,1,100,,23197,3,,,1,100,,23198,3,,,1,100,,23185,3,,,1,100,,23183,3,,,1,100,,23187,3,,,1,100,,23199,3,,,1,100,,23208,3,,,1
10900,'9',703,,23211,3,,,1,100,,23212,3,,,1,100,,23217,3,,,1,100,,23213,3,,,1,100,,23236,3,,,1,100,,23244,3,,,1,100,,23241,3,,,1,100,,23229,3,,,1,100,,23239,3,,,1,100,,23218,3,,,1,100,,23220,3,,,1,100,,23215,3,,,1
11400,'1',631,,25131,3,,,1,100,,25128,3,,,1,100,,25135,3,,,1,100,,25134,3,,,1,100,,25132,3,,,1,100,,25125,3,,,1,100,,25127,3,,,1,100,,25133,3,,,1,100,,25126,3,,,1,100,,25129,3,,,1,100,,25130,3,,,1,100,,17882,3,,,1
11400,'2',631,,25139,3,,,1,100,,25138,3,,,1,100,,25140,3,,,1,100,,25142,3,,,1,100,,18115,3,,,1,100,,25144,3,,,1,100,,25137,3,,,1,100,,25136,3,,,1,100,,25146,3,,,1,100,,25141,3,,,1,100,,25143,3,,,1,100,,25145,3,,,1
11400,'3',631,,25147,3,,,1,100,,25154,3,,,1,100,,25158,3,,,1,100,,25149,3,,,1,100,,25153,3,,,1,100,,25152,3,,,1,100,,25157,3,,,1,100,,25156,3,,,1,100,,25148,3,,,1,100,,25155,3,,,1,100,,25151,3,,,1,100,,25150,3,,,1
11400,'4',631,,25165,3,,,1,100,,25160,3,,,1,100,,25166,3,,,1,100,,25169,3,,,1,100,,25168,3,,,1,100,,25161,3,,,1,100,,25162,3,,,1,100,,25159,3,,,1,100,,25167,3,,,1,100,,25164,3,,,1,100,,25170,3,,,1,100,,25163,3,,,1
11400,'5',631,,25174,3,,,1,100,,25175,3,,,1,100,,25180,3,,,1,100,,25172,3,,,1,100,,25176,3,,,1,100,,25177,3,,,1,100,,25182,3,,,1,100,,25179,3,,,1,100,,25171,3,,,1,100,,25173,3,,,1,100,,25178,3,,,1,100,,25181,3,,,1
11400,'7',631,,25193,3,,,1,100,,25190,3,,,1,100,,25189,3,,,1,100,,25184,3,,,1,100,,25183,3,,,1,100,,25188,3,,,1,100,,25192,3,,,1,100,,25186,3,,,1,100,,25185,3,,,1,100,,25194,3,,,1,100,,25187,3,,,1,100,,25191,3,,,1
11400,'8',631,,25202,3,,,1,100,,25201,3,,,1,100,,25199,3,,,1,100,,25206,3,,,1,100,,25197,3,,,1,100,,25196,3,,,1,100,,25205,3,,,1,100,,25203,3,,,1,100,,25195,3,,,1,100,,25198,3,,,1,100,,25200,3,,,1,100,,25204,3,,,1
11400,'9',631,,25213,3,,,1,100,,25218,3,,,1,100,,25208,3,,,1,100,,25217,3,,,1,100,,25211,3,,,1,100,,25214,3,,,1,100,,25215,3,,,1,100,,25212,3,,,1,100,,25207,3,,,1,100,,25216,3,,,1,100,,25210,3,,,1,100,,25209,3,,,1
20900,'1',1901,,27952,3,,,1,100,,27946,3,,,1,100,,27942,3,,,1,100,,27944,3,,,1
20900,'10',801,,27970,3,,,1,100,,27962,3,,,1,100,,27961,3,,,1,100,,27963,3,,,1,100,,27983,3,,,1,100,,27988,3,,,1,100,,27973,3,,,1,100,,27969,3,,,1,100,,27954,3,,,1,100,,27984,3,,,1,100,,27989,3,,,1,100,,27966,3,,,1,100,,27991,3,,,1
20900,'11',801,,28026,3,,,1,100,,28030,3,,,1,100,,28001,3,,,1,100,,28034,3,,,1,100,,28019,3,,,1,100,,27995,3,,,1,100,,28005,3,,,1,100,,27998,3,,,1,100,,28003,3,,,1,100,,28014,3,,,1,100,,28025,3,,,1,100,,28010,3,,,1,100,,28023,3,,,1
20900,'2',1901,,28040,3,,,1,100,,28048,3,,,1,100,,28035,3,,,1,100,,28038,3,,,1
20900,'3',1901,,28053,3,,,1,100,,28051,3,,,1,100,,28052,3,,,1,100,,28049,3,,,1
20900,'4',1901,,28071,3,,,1,100,,28074,3,,,1,100,,28065,3,,,1,100,,28070,3,,,1
20900,'5',1901,,28085,3,,,1,100,,28087,3,,,1,100,,28083,3,,,1,100,,28090,3,,,1
20900,'6',801,,28118,3,,,1,100,,28099,3,,,1,100,,28131,3,,,1,100,,28092,3,,,1,100,,28113,3,,,1,100,,28119,3,,,1,100,,28105,3,,,1,100,,28100,3,,,1,100,,28130,3,,,1,100,,28098,3,,,1,100,,28106,3,,,1,100,,28120,3,,,1,100,,28121,3,,,1
20900,'7',1901,,28132,3,,,1,100,,28135,3,,,1,100,,28145,3,,,1,100,,28137,3,,,1
20900,'8',1901,,28147,3,,,1,100,,28151,3,,,1,100,,28157,3,,,1,100,,28154,3,,,1
20900,'9',1901,,28173,3,,,1,100,,28163,3,,,1,100,,28168,3,,,1,100,,28165,3,,,1
21400,'1',1831,,29235,3,,,1,100,,29236,3,,,1,100,,29234,3,,,1,100,,29232,3,,,1,100,,29233,3,,,1
21400,'10',731,,29238,3,,,1,100,,29244,3,,,1,100,,29245,3,,,1,100,,29240,3,,,1,100,,29246,3,,,1,100,,29243,3,,,1,100,,29241,3,,,1,100,,29249,3,,,1,100,,29237,3,,,1,100,,29239,3,,,1,100,,29242,3,,,1,100,,29248,3,,,1,100,,29247,3,,,1
21400,'11',731,,29262,3,,,1,100,,29251,3,,,1,100,,29259,3,,,1,100,,29252,3,,,1,100,,29256,3,,,1,100,,29254,3,,,1,100,,29260,3,,,1,100,,29253,3,,,1,100,,29261,3,,,1,100,,29255,3,,,1,100,,29258,3,,,1,100,,29257,3,,,1,100,,29250,3,,,1
21400,'2',1831,,29263,3,,,1,100,,29264,3,,,1,100,,29266,3,,,1,100,,29267,3,,,1,100,,29265,3,,,1
21400,'3',1831,,29268,3,,,1,100,,29272,3,,,1,100,,29269,3,,,1,100,,29271,3,,,1,100,,29270,3,,,1
21400,'4',1831,,29277,3,,,1,100,,29273,3,,,1,100,,29276,3,,,1,100,,29274,3,,,1,100,,29275,3,,,1
21400,'5',1831,,29280,3,,,1,100,,29282,3,,,1,100,,29278,3,,,1,100,,29279,3,,,1,100,,29281,3,,,1
21400,'6',731,,29294,3,,,1,100,,29288,3,,,1,100,,29292,3,,,1,100,,29287,3,,,1,100,,29295,3,,,1,100,,29283,3,,,1,100,,29293,3,,,1,100,,29289,3,,,1,100,,29285,3,,,1,100,,29291,3,,,1,100,,29284,3,,,1,100,,29286,3,,,1,100,,29290,3,,,1
21400,'7',1831,,29296,3,,,1,100,,29297,3,,,1,100,,29300,3,,,1,100,,29298,3,,,1,100,,29299,3,,,1
21400,'8',1831,,29305,3,,,1,100,,29304,3,,,1,100,,29301,3,,,1,100,,29302,3,,,1,100,,29303,3,,,1
21400,'9',1831,,29308,3,,,1,100,,29309,3,,,1,100,,29310,3,,,1,100,,29307,3,,,1,100,,29306,3,,,1
