10801,'1',650,,22808,34,,,1,70,,22821,34,,,1,30,,22819,34,,,1,70,,22814,34,,,1,30,,22823,34,,,1,70,,22809,34,,,1,100,,22820,34,,,1,100,,22811,34,,,1,100,,22815,34,,,1,100,,22825,34,,,1,100,,22817,34,,,1,30,,22807,34,,,1,70,,22810,34,,,1,30,,22822,34,,,1,70,,22813,34,,,1,30,,22816,34,,,1,70,,22812,34,,,1
10801,'2',650,,22837,34,,,1,70,,22840,34,,,1,30,,22831,34,,,1,70,,22835,34,,,1,30,,22843,34,,,1,70,,22838,34,,,1,100,,22833,34,,,1,100,,22842,34,,,1,100,,22836,34,,,1,100,,22839,34,,,1,100,,22844,34,,,1,30,,22834,34,,,1,70,,22826,34,,,1,30,,22830,34,,,1,70,,22841,34,,,1,30,,22827,34,,,1,70,,22829,34,,,1
10801,'3',650,,22854,34,,,1,70,,22851,34,,,1,30,,22849,34,,,1,70,,22848,34,,,1,30,,22852,34,,,1,70,,22861,34,,,1,100,,22859,34,,,1,100,,22858,34,,,1,100,,22846,34,,,1,100,,22863,34,,,1,100,,22853,34,,,1,30,,22845,34,,,1,70,,22857,34,,,1,30,,22850,34,,,1,70,,22860,34,,,1,30,,22856,34,,,1,70,,22862,34,,,1
10801,'4',650,,22869,34,,,1,70,,22879,34,,,1,30,,22864,34,,,1,70,,22866,34,,,1,30,,22877,34,,,1,70,,22871,34,,,1,100,,22881,34,,,1,100,,22867,34,,,1,100,,22865,34,,,1,100,,22876,34,,,1,100,,22875,34,,,1,30,,22868,34,,,1,70,,22873,34,,,1,30,,22882,34,,,1,70,,22874,34,,,1,30,,22880,34,,,1,70,,22878,34,,,1
10801,'5',650,,22891,34,,,1,70,,22899,34,,,1,30,,22892,34,,,1,70,,22896,34,,,1,30,,22884,34,,,1,70,,22901,34,,,1,100,,22886,34,,,1,100,,22897,34,,,1,100,,22887,34,,,1,100,,22894,34,,,1,100,,22885,34,,,1,30,,22890,34,,,1,70,,22898,34,,,1,30,,22900,34,,,1,70,,22893,34,,,1,30,,22888,34,,,1,70,,22883,34,,,1
10801,'7',650,,22919,34,,,1,70,,22909,34,,,1,30,,22903,34,,,1,70,,22918,34,,,1,30,,22904,34,,,1,70,,22915,34,,,1,100,,22902,34,,,1,100,,22920,34,,,1,100,,22905,34,,,1,100,,22916,34,,,1,100,,22906,34,,,1,30,,22917,34,,,1,70,,22914,34,,,1,30,,22910,34,,,1,70,,22907,34,,,1,30,,22911,34,,,1,70,,22912,34,,,1
10801,'8',650,,22938,34,,,1,70,,22927,34,,,1,30,,22924,34,,,1,70,,22939,34,,,1,30,,22930,34,,,1,70,,22935,34,,,1,100,,22931,34,,,1,100,,22934,34,,,1,100,,22933,34,,,1,100,,22923,34,,,1,100,,22932,34,,,1,30,,22922,34,,,1,70,,22936,34,,,1,30,,22921,34,,,1,70,,22928,34,,,1,30,,22937,34,,,1,70,,22929,34,,,1
10801,'9',650,,22952,34,,,1,70,,22946,34,,,1,30,,22958,34,,,1,70,,22957,34,,,1,30,,22951,34,,,1,70,,22953,34,,,1,100,,22944,34,,,1,100,,22955,34,,,1,100,,22943,34,,,1,100,,22954,34,,,1,100,,22956,34,,,1,30,,22949,34,,,1,70,,22940,34,,,1,30,,22947,34,,,1,70,,22945,34,,,1,30,,22941,34,,,1,70,,22942,34,,,1
10901,'1',621,,23246,9,,,1,100,,23253,9,,,1,100,,23254,9,,,1,100,,23251,9,,,1,100,,23249,9,,,1,100,,23250,9,,,1,100,,23248,9,,,1,100,,23261,9,,,1,100,,23259,9,,,1,100,,17453,9,,,1,100,,23262,9,,,1,100,,23256,9,,,1
10901,'2',621,,23267,9,,,1,100,,23273,9,,,1,100,,23270,9,,,1,100,,23287,9,,,1,100,,23277,9,,,1,100,,23276,9,,,1,100,,23278,9,,,1,100,,23281,9,,,1,100,,23283,9,,,1,100,,23266,9,,,1,100,,23284,9,,,1,100,,23280,9,,,1
10901,'3',621,,23292,9,,,1,100,,23297,9,,,1,100,,23311,9,,,1,100,,23301,9,,,1,100,,23307,9,,,1,100,,23300,9,,,1,100,,23291,9,,,1,100,,23305,9,,,1,100,,23295,9,,,1,100,,23293,9,,,1,100,,23309,9,,,1,100,,23312,9,,,1
10901,'4',621,,23322,9,,,1,100,,23331,9,,,1,100,,23317,9,,,1,100,,23327,9,,,1,100,,23314,9,,,1,100,,23333,9,,,1,100,,23325,9,,,1,100,,23319,9,,,1,100,,23328,9,,,1,100,,23329,9,,,1,100,,23326,9,,,1,100,,23324,9,,,1
10901,'5',621,,23359,9,,,1,100,,23344,9,,,1,100,,23358,9,,,1,100,,23355,9,,,1,100,,23339,9,,,1,100,,23351,9,,,1,100,,23345,9,,,1,100,,23356,9,,,1,100,,23342,9,,,1,100,,23340,9,,,1,100,,23357,9,,,1,100,,23346,9,,,1
10901,'7',621,,23369,9,,,1,100,,23368,9,,,1,100,,23380,9,,,1,100,,23364,9,,,1,100,,23366,9,,,1,100,,23378,9,,,1,100,,23376,9,,,1,100,,23371,9,,,1,100,,23384,9,,,1,100,,23374,9,,,1,100,,23365,9,,,1,100,,23372,9,,,1
10901,'8',621,,23404,9,,,1,100,,23389,9,,,1,100,,23403,9,,,1,100,,23407,9,,,1,100,,23399,9,,,1,100,,23387,9,,,1,100,,23400,9,,,1,100,,23405,9,,,1,100,,23396,9,,,1,100,,23393,9,,,1,100,,23386,9,,,1,100,,23395,9,,,1
10901,'9',621,,23420,9,,,1,100,,23410,9,,,1,100,,23414,9,,,1,100,,23412,9,,,1,100,,23426,9,,,1,100,,23413,9,,,1,100,,23411,9,,,1,100,,23430,9,,,1,100,,23428,9,,,1,100,,23422,9,,,1,100,,23409,9,,,1,100,,23419,9,,,1
11401,'1',654,,25223,33,,,1,100,,25228,33,,,1,100,,25220,33,,,1,100,,25219,33,,,1,100,,25230,33,,,1,100,,25227,33,,,1,100,,25226,33,,,1,100,,25225,33,,,1,100,,25229,33,,,1,100,,25222,33,,,1,100,,25224,33,,,1,100,,25221,33,,,1
11401,'2',654,,25242,33,,,1,100,,25234,33,,,1,100,,25240,33,,,1,100,,25232,33,,,1,100,,25238,33,,,1,100,,25239,33,,,1,100,,25233,33,,,1,100,,25236,33,,,1,100,,25231,33,,,1,100,,25235,33,,,1,100,,25237,33,,,1,100,,25241,33,,,1
11401,'3',654,,25245,33,,,1,100,,25247,33,,,1,100,,25243,33,,,1,100,,25248,33,,,1,100,,25251,33,,,1,100,,25254,33,,,1,100,,25250,33,,,1,100,,25252,33,,,1,100,,25253,33,,,1,100,,25244,33,,,1,100,,25246,33,,,1,100,,25249,33,,,1
11401,'4',654,,25256,33,,,1,100,,25257,33,,,1,100,,25261,33,,,1,100,,25258,33,,,1,100,,25255,33,,,1,100,,25263,33,,,1,100,,25264,33,,,1,100,,25262,33,,,1,100,,25260,33,,,1,100,,25265,33,,,1,100,,25259,33,,,1,100,,25266,33,,,1
11401,'5',654,,25270,33,,,1,100,,25273,33,,,1,100,,25271,33,,,1,100,,25275,33,,,1,100,,25277,33,,,1,100,,25272,33,,,1,100,,25274,33,,,1,100,,25268,33,,,1,100,,25278,33,,,1,100,,25267,33,,,1,100,,25276,33,,,1,100,,25269,33,,,1
11401,'7',654,,25280,33,,,1,100,,25283,33,,,1,100,,25286,33,,,1,100,,25290,33,,,1,100,,25289,33,,,1,100,,25287,33,,,1,100,,25282,33,,,1,100,,25285,33,,,1,100,,25281,33,,,1,100,,25279,33,,,1,100,,25288,33,,,1,100,,25284,33,,,1
11401,'8',654,,25299,33,,,1,100,,25298,33,,,1,100,,25301,33,,,1,100,,25292,33,,,1,100,,25295,33,,,1,100,,25294,33,,,1,100,,25302,33,,,1,100,,25300,33,,,1,100,,25291,33,,,1,100,,25296,33,,,1,100,,25297,33,,,1,100,,25293,33,,,1
11401,'9',654,,25312,33,,,1,100,,25308,33,,,1,100,,25305,33,,,1,100,,25314,33,,,1,100,,25310,33,,,1,100,,25307,33,,,1,100,,25304,33,,,1,100,,25306,33,,,1,100,,25309,33,,,1,100,,25311,33,,,1,100,,25303,33,,,1,100,,25313,33,,,1
20901,'1',1820,,28175,9,,,1,100,,28178,9,,,1,100,,28182,9,,,1,100,,28179,9,,,1,100,,28180,9,,,1
20901,'10',720,,28191,9,,,1,100,,28208,9,,,1,100,,28198,9,,,1,100,,28187,9,,,1,100,,28184,9,,,1,100,,28205,9,,,1,100,,28185,9,,,1,100,,28210,9,,,1,100,,28197,9,,,1,100,,28194,9,,,1,100,,28193,9,,,1,100,,28209,9,,,1,100,,28188,9,,,1,100,,28195,9,,,1
20901,'11',720,,28213,9,,,1,100,,28237,9,,,1,100,,28223,9,,,1,100,,28217,9,,,1,100,,28235,9,,,1,100,,28227,9,,,1,100,,28214,9,,,1,100,,28212,9,,,1,100,,28233,9,,,1,100,,28221,9,,,1,100,,28238,9,,,1,100,,28228,9,,,1,100,,28230,9,,,1,100,,28220,9,,,1
20901,'2',1820,,28246,9,,,1,100,,28241,9,,,1,100,,28245,9,,,1,100,,28240,9,,,1,100,,28248,9,,,1
20901,'3',1820,,28258,9,,,1,100,,28253,9,,,1,100,,28254,9,,,1,100,,28252,9,,,1,100,,28251,9,,,1
20901,'4',1820,,28266,9,,,1,100,,28267,9,,,1,100,,28260,9,,,1,100,,28268,9,,,1,100,,28261,9,,,1
20901,'5',1820,,28274,9,,,1,100,,28277,9,,,1,100,,28271,9,,,1,100,,28269,9,,,1,100,,28270,9,,,1
20901,'6',720,,28300,9,,,1,100,,28293,9,,,1,100,,28291,9,,,1,100,,28279,9,,,1,100,,28306,9,,,1,100,,28303,9,,,1,100,,28288,9,,,1,100,,28298,9,,,1,100,,28285,9,,,1,100,,28294,9,,,1,100,,28287,9,,,1,100,,28304,9,,,1,100,,28289,9,,,1,100,,28281,9,,,1
20901,'7',1820,,28311,9,,,1,100,,28314,9,,,1,100,,28307,9,,,1,100,,28312,9,,,1,100,,28309,9,,,1
20901,'8',1820,,28318,9,,,1,100,,28325,9,,,1,100,,28320,9,,,1,100,,28319,9,,,1,100,,28324,9,,,1
20901,'9',1820,,28330,9,,,1,100,,28333,9,,,1,100,,28331,9,,,1,100,,28336,9,,,1,100,,28334,9,,,1
21401,'1',1853,,29314,39,,,1,100,,29315,39,,,1,100,,29313,39,,,1,100,,29312,39,,,1,100,,29311,39,,,1
21401,'10',753,,29324,39,,,1,100,,29323,39,,,1,100,,29327,39,,,1,100,,29322,39,,,1,100,,29325,39,,,1,100,,29316,39,,,1,100,,29326,39,,,1,100,,29319,39,,,1,100,,29320,39,,,1,100,,17231,39,,,1,100,,29317,39,,,1,100,,29318,39,,,1,100,,29321,39,,,1
21401,'11',753,,29335,39,,,1,100,,29331,39,,,1,100,,29334,39,,,1,100,,29328,39,,,1,100,,29329,39,,,1,100,,29336,39,,,1,100,,29330,39,,,1,100,,29338,39,,,1,100,,29339,39,,,1,100,,29332,39,,,1,100,,29337,39,,,1,100,,29340,39,,,1,100,,29333,39,,,1
21401,'2',1853,,29344,39,,,1,100,,29343,39,,,1,100,,29342,39,,,1,100,,29341,39,,,1,100,,29345,39,,,1
21401,'3',1853,,29347,39,,,1,100,,29350,39,,,1,100,,29348,39,,,1,100,,29346,39,,,1,100,,29349,39,,,1
21401,'4',1853,,29354,39,,,1,100,,29352,39,,,1,100,,29355,39,,,1,100,,29353,39,,,1,100,,29351,39,,,1
21401,'5',1853,,29360,39,,,1,100,,29358,39,,,1,100,,29357,39,,,1,100,,29356,39,,,1,100,,29359,39,,,1
21401,'6',753,,29373,39,,,1,100,,29365,39,,,1,100,,29368,39,,,1,100,,29367,39,,,1,100,,29370,39,,,1,100,,29366,39,,,1,100,,29361,39,,,1,100,,29364,39,,,1,100,,29372,39,,,1,100,,29369,39,,,1,100,,29363,39,,,1,100,,29371,39,,,1,100,,29362,39,,,1
21401,'7',1853,,29377,39,,,1,100,,29374,39,,,1,100,,29375,39,,,1,100,,29378,39,,,1,100,,29376,39,,,1
21401,'8',1853,,29382,39,,,1,100,,29379,39,,,1,100,,29380,39,,,1,100,,29381,39,,,1,100,,29383,39,,,1
21401,'9',1853,,29388,39,,,1,100,,29386,39,,,1,100,,29387,39,,,1,100,,29385,39,,,1,100,,29384,39,,,1
