10800,'1',706,,22568,11,,,1,30,,22559,11,,,1,70,,22555,11,,,1,30,,17782,11,,,1,70,,22563,11,,,1,30,,22545,11,,,1,100,,22540,11,,,1,100,,22561,11,,,1,100,,22566,11,,,1,100,,22565,11,,,1,100,,22552,11,,,1,70,,22549,11,,,1,30,,22550,11,,,1,70,,22562,11,,,1,30,,22542,11,,,1,70,,22564,11,,,1,30,,22557,11,,,1
10800,'2',706,,22587,11,,,1,30,,22583,11,,,1,70,,22579,11,,,1,30,,22573,11,,,1,70,,22572,11,,,1,30,,22584,11,,,1,100,,22570,11,,,1,100,,22601,11,,,1,100,,22590,11,,,1,100,,22586,11,,,1,100,,22588,11,,,1,70,,22598,11,,,1,30,,22571,11,,,1,70,,22578,11,,,1,30,,22575,11,,,1,70,,22574,11,,,1,30,,22589,11,,,1
10800,'3',706,,22630,11,,,1,30,,22629,11,,,1,70,,22608,11,,,1,30,,22612,11,,,1,70,,22623,11,,,1,30,,22634,11,,,1,100,,22624,11,,,1,100,,22633,11,,,1,100,,22606,11,,,1,100,,22609,11,,,1,100,,22621,11,,,1,70,,22619,11,,,1,30,,22631,11,,,1,70,,22615,11,,,1,30,,22617,11,,,1,70,,22622,11,,,1,30,,22610,11,,,1
10800,'4',706,,22656,11,,,1,30,,22644,11,,,1,70,,22665,11,,,1,30,,22658,11,,,1,70,,22668,11,,,1,30,,22652,11,,,1,100,,22663,11,,,1,100,,22637,11,,,1,100,,22661,11,,,1,100,,22642,11,,,1,100,,22641,11,,,1,70,,22651,11,,,1,30,,22660,11,,,1,70,,22655,11,,,1,30,,22646,11,,,1,70,,22654,11,,,1,30,,22645,11,,,1
10800,'5',706,,22681,11,,,1,30,,22700,11,,,1,70,,22698,11,,,1,30,,22676,11,,,1,70,,22703,11,,,1,30,,22694,11,,,1,100,,22702,11,,,1,100,,22693,11,,,1,100,,22682,11,,,1,100,,22689,11,,,1,100,,22699,11,,,1,70,,22685,11,,,1,30,,22686,11,,,1,70,,22704,11,,,1,30,,22690,11,,,1,70,,22675,11,,,1,30,,22678,11,,,1
10800,'7',706,,22729,11,,,1,30,,22715,11,,,1,70,,22725,11,,,1,30,,22719,11,,,1,70,,22730,11,,,1,30,,22733,11,,,1,100,,22738,11,,,1,100,,22721,11,,,1,100,,22736,11,,,1,100,,22722,11,,,1,100,,22720,11,,,1,70,,22734,11,,,1,30,,22706,11,,,1,70,,22712,11,,,1,30,,22705,11,,,1,70,,22710,11,,,1,30,,22728,11,,,1
10800,'8',706,,22740,11,,,1,30,,22772,11,,,1,70,,22752,11,,,1,30,,22756,11,,,1,70,,22739,11,,,1,30,,22764,11,,,1,100,,22744,11,,,1,100,,22758,11,,,1,100,,22751,11,,,1,100,,22768,11,,,1,100,,22762,11,,,1,70,,22745,11,,,1,30,,22747,11,,,1,70,,22761,11,,,1,30,,22755,11,,,1,70,,22759,11,,,1,30,,22748,11,,,1
10800,'9',706,,22773,11,,,1,30,,22782,11,,,1,70,,22786,11,,,1,30,,22780,11,,,1,70,,22796,11,,,1,30,,22799,11,,,1,100,,22800,11,,,1,100,,22783,11,,,1,100,,22806,11,,,1,100,,22804,11,,,1,100,,22792,11,,,1,70,,22793,11,,,1,30,,22777,11,,,1,70,,22788,11,,,1,30,,22784,11,,,1,70,,22778,11,,,1,30,,22791,11,,,1
11401,'1',645,,25223,20,,,1,100,,25228,20,,,1,100,,25220,20,,,1,100,,25219,20,,,1,100,,25230,20,,,1,100,,25227,20,,,1,100,,25226,20,,,1,100,,25225,20,,,1,100,,25229,20,,,1,100,,25222,20,,,1,100,,25224,20,,,1,100,,25221,20,,,1
11401,'2',645,,25242,20,,,1,100,,25234,20,,,1,100,,25240,20,,,1,100,,25232,20,,,1,100,,25238,20,,,1,100,,25239,20,,,1,100,,25233,20,,,1,100,,25236,20,,,1,100,,25231,20,,,1,100,,25235,20,,,1,100,,25237,20,,,1,100,,25241,20,,,1
11401,'3',645,,25245,20,,,1,100,,25247,20,,,1,100,,25243,20,,,1,100,,25248,20,,,1,100,,25251,20,,,1,100,,25254,20,,,1,100,,25250,20,,,1,100,,25252,20,,,1,100,,25253,20,,,1,100,,25244,20,,,1,100,,25246,20,,,1,100,,25249,20,,,1
11401,'4',645,,25256,20,,,1,100,,25257,20,,,1,100,,25261,20,,,1,100,,25258,20,,,1,100,,25255,20,,,1,100,,25263,20,,,1,100,,25264,20,,,1,100,,25262,20,,,1,100,,25260,20,,,1,100,,25265,20,,,1,100,,25259,20,,,1,100,,25266,20,,,1
11401,'5',645,,25270,20,,,1,100,,25273,20,,,1,100,,25271,20,,,1,100,,25275,20,,,1,100,,25277,20,,,1,100,,25272,20,,,1,100,,25274,20,,,1,100,,25268,20,,,1,100,,25278,20,,,1,100,,25267,20,,,1,100,,25276,20,,,1,100,,25269,20,,,1
11401,'7',645,,25280,20,,,1,100,,25283,20,,,1,100,,25286,20,,,1,100,,25290,20,,,1,100,,25289,20,,,1,100,,25287,20,,,1,100,,25282,20,,,1,100,,25285,20,,,1,100,,25281,20,,,1,100,,25279,20,,,1,100,,25288,20,,,1,100,,25284,20,,,1
11401,'8',645,,25299,20,,,1,100,,25298,20,,,1,100,,25301,20,,,1,100,,25292,20,,,1,100,,25295,20,,,1,100,,25294,20,,,1,100,,25302,20,,,1,100,,25300,20,,,1,100,,25291,20,,,1,100,,25296,20,,,1,100,,25297,20,,,1,100,,25293,20,,,1
11401,'9',645,,25312,20,,,1,100,,25308,20,,,1,100,,25305,20,,,1,100,,25314,20,,,1,100,,25310,20,,,1,100,,25307,20,,,1,100,,25304,20,,,1,100,,25306,20,,,1,100,,25309,20,,,1,100,,25311,20,,,1,100,,25303,20,,,1,100,,25313,20,,,1
21401,'1',1846,,29314,26,,,1,100,,29315,26,,,1,100,,29313,26,,,1,100,,29312,26,,,1,100,,29311,26,,,1
21401,'10',746,,29324,26,,,1,100,,29323,26,,,1,100,,29327,26,,,1,100,,29322,26,,,1,100,,29325,26,,,1,100,,29316,26,,,1,100,,29326,26,,,1,100,,29319,26,,,1,100,,29320,26,,,1,100,,17231,26,,,1,100,,29317,26,,,1,100,,29318,26,,,1,100,,29321,26,,,1
21401,'11',746,,29335,26,,,1,100,,29331,26,,,1,100,,29334,26,,,1,100,,29328,26,,,1,100,,29329,26,,,1,100,,29336,26,,,1,100,,29330,26,,,1,100,,29338,26,,,1,100,,29339,26,,,1,100,,29332,26,,,1,100,,29337,26,,,1,100,,29340,26,,,1,100,,29333,26,,,1
21401,'2',1846,,29344,26,,,1,100,,29343,26,,,1,100,,29342,26,,,1,100,,29341,26,,,1,100,,29345,26,,,1
21401,'3',1846,,29347,26,,,1,100,,29350,26,,,1,100,,29348,26,,,1,100,,29346,26,,,1,100,,29349,26,,,1
21401,'4',1846,,29354,26,,,1,100,,29352,26,,,1,100,,29355,26,,,1,100,,29353,26,,,1,100,,29351,26,,,1
21401,'5',1846,,29360,26,,,1,100,,29358,26,,,1,100,,29357,26,,,1,100,,29356,26,,,1,100,,29359,26,,,1
21401,'6',746,,29373,26,,,1,100,,29365,26,,,1,100,,29368,26,,,1,100,,29367,26,,,1,100,,29370,26,,,1,100,,29366,26,,,1,100,,29361,26,,,1,100,,29364,26,,,1,100,,29372,26,,,1,100,,29369,26,,,1,100,,29363,26,,,1,100,,29371,26,,,1,100,,29362,26,,,1
21401,'7',1846,,29377,26,,,1,100,,29374,26,,,1,100,,29375,26,,,1,100,,29378,26,,,1,100,,29376,26,,,1
21401,'8',1846,,29382,26,,,1,100,,29379,26,,,1,100,,29380,26,,,1,100,,29381,26,,,1,100,,29383,26,,,1
21401,'9',1846,,29388,26,,,1,100,,29386,26,,,1,100,,29387,26,,,1,100,,29385,26,,,1,100,,29384,26,,,1
