10600,'1',645,,21619,15,,,1,100,,21625,15,,,1,70,,21632,15,,,1,30,,21627,15,,,1,70,,21621,15,,,1,30,,21626,15,,,1,100,,21629,15,,,1,100,,21631,15,,,1,100,,21618,15,,,1,100,,16062,15,,,1,100,,21633,15,,,1,70,,21620,15,,,1,30,,21623,15,,,1,70,,21622,15,,,1,23,,21630,15,,,1,77,,21628,15,,,1,23,,21624,15,,,1
10600,'2',645,,21646,15,,,1,100,,21649,15,,,1,70,,17440,15,,,1,30,,21643,15,,,1,70,,21645,15,,,1,30,,21634,15,,,1,100,,21638,15,,,1,100,,21647,15,,,1,100,,21636,15,,,1,100,,21642,15,,,1,100,,21637,15,,,1,70,,21641,15,,,1,30,,21635,15,,,1,70,,21644,15,,,1,23,,21648,15,,,1,77,,21639,15,,,1,23,,21640,15,,,1
10600,'3',645,,21666,15,,,1,100,,21664,15,,,1,70,,21655,15,,,1,30,,21661,15,,,1,70,,21656,15,,,1,30,,21653,15,,,1,100,,21651,15,,,1,100,,21665,15,,,1,100,,21663,15,,,1,100,,21657,15,,,1,100,,21654,15,,,1,70,,21662,15,,,1,30,,21650,15,,,1,70,,21658,15,,,1,23,,21659,15,,,1,77,,21660,15,,,1,23,,21652,15,,,1
10600,'4',645,,21682,15,,,1,100,,21676,15,,,1,70,,21674,15,,,1,30,,21681,15,,,1,70,,21675,15,,,1,30,,21680,15,,,1,100,,21671,15,,,1,100,,21678,15,,,1,100,,21673,15,,,1,100,,21668,15,,,1,100,,21667,15,,,1,70,,21683,15,,,1,30,,21670,15,,,1,70,,21679,15,,,1,23,,21669,15,,,1,77,,21677,15,,,1,23,,21672,15,,,1
10600,'5',645,,21697,15,,,1,100,,21693,15,,,1,70,,21684,15,,,1,30,,21696,15,,,1,70,,21686,15,,,1,30,,21690,15,,,1,100,,21692,15,,,1,100,,21685,15,,,1,100,,21691,15,,,1,100,,21699,15,,,1,100,,21694,15,,,1,70,,21698,15,,,1,30,,21695,15,,,1,70,,21700,15,,,1,23,,21688,15,,,1,77,,21689,15,,,1,23,,21687,15,,,1
10600,'7',645,,21713,15,,,1,100,,21716,15,,,1,70,,21703,15,,,1,30,,21705,15,,,1,70,,21702,15,,,1,30,,21701,15,,,1,100,,21708,15,,,1,100,,21710,15,,,1,100,,21706,15,,,1,100,,21717,15,,,1,100,,21712,15,,,1,70,,21704,15,,,1,30,,21715,15,,,1,70,,21714,15,,,1,23,,21707,15,,,1,77,,21711,15,,,1,23,,21709,15,,,1
10600,'8',645,,21727,15,,,1,100,,21721,15,,,1,70,,21723,15,,,1,30,,21730,15,,,1,70,,21734,15,,,1,30,,21729,15,,,1,100,,21726,15,,,1,100,,21718,15,,,1,100,,21732,15,,,1,100,,21720,15,,,1,100,,21725,15,,,1,70,,21731,15,,,1,30,,21722,15,,,1,70,,21724,15,,,1,23,,21728,15,,,1,77,,21719,15,,,1,23,,21733,15,,,1
10600,'9',645,,21739,15,,,1,100,,21749,15,,,1,70,,21746,15,,,1,30,,21751,15,,,1,70,,21743,15,,,1,30,,21737,15,,,1,100,,21750,15,,,1,100,,21744,15,,,1,100,,21745,15,,,1,100,,21740,15,,,1,100,,21742,15,,,1,70,,21736,15,,,1,30,,21748,15,,,1,70,,21747,15,,,1,23,,21738,15,,,1,77,,21741,15,,,1,23,,21735,15,,,1
10601,'1',610,,21756,21,,,1,100,,21766,21,,,1,30,,21752,21,,,1,70,,21767,21,,,1,30,,21760,21,,,1,70,,21758,21,,,1,100,,21755,21,,,1,100,,21757,21,,,1,100,,21764,21,,,1,100,,18489,21,,,1,100,,21759,21,,,1,30,,21765,21,,,1,70,,21763,21,,,1,30,,21753,21,,,1,70,,21770,21,,,1,30,,21769,21,,,1,70,,21761,21,,,1,30,,21762,21,,,1,70,,21768,21,,,1
10601,'2',610,,21775,21,,,1,100,,21776,21,,,1,30,,21790,21,,,1,70,,21780,21,,,1,30,,21788,21,,,1,70,,21784,21,,,1,100,,21782,21,,,1,100,,21787,21,,,1,100,,21786,21,,,1,100,,21771,21,,,1,100,,21779,21,,,1,30,,21773,21,,,1,70,,21772,21,,,1,30,,21785,21,,,1,70,,21777,21,,,1,30,,21781,21,,,1,70,,21783,21,,,1,30,,21789,21,,,1,70,,21774,21,,,1
10601,'3',610,,21802,21,,,1,100,,21803,21,,,1,30,,21799,21,,,1,70,,21797,21,,,1,30,,21795,21,,,1,70,,21798,21,,,1,100,,21793,21,,,1,100,,21808,21,,,1,100,,21805,21,,,1,100,,21810,21,,,1,100,,21792,21,,,1,30,,21807,21,,,1,70,,21800,21,,,1,30,,21791,21,,,1,70,,21794,21,,,1,30,,21806,21,,,1,70,,21796,21,,,1,30,,21809,21,,,1,70,,21801,21,,,1
10601,'4',610,,21812,21,,,1,100,,21818,21,,,1,30,,21822,21,,,1,70,,21820,21,,,1,30,,21828,21,,,1,70,,21830,21,,,1,100,,21815,21,,,1,100,,21821,21,,,1,100,,21814,21,,,1,100,,21816,21,,,1,100,,21826,21,,,1,30,,21825,21,,,1,70,,21823,21,,,1,30,,21813,21,,,1,70,,21829,21,,,1,30,,21824,21,,,1,70,,21811,21,,,1,30,,21817,21,,,1,70,,21827,21,,,1
10601,'5',610,,21840,21,,,1,100,,21834,21,,,1,30,,21835,21,,,1,70,,21833,21,,,1,30,,21838,21,,,1,70,,21843,21,,,1,100,,21845,21,,,1,100,,21839,21,,,1,100,,21848,21,,,1,100,,21842,21,,,1,100,,21832,21,,,1,30,,21846,21,,,1,70,,21844,21,,,1,30,,21837,21,,,1,70,,21841,21,,,1,30,,21850,21,,,1,70,,21831,21,,,1,30,,21836,21,,,1,70,,21847,21,,,1
10601,'7',610,,21851,21,,,1,100,,21868,21,,,1,30,,21853,21,,,1,70,,21865,21,,,1,30,,21863,21,,,1,70,,21857,21,,,1,100,,21867,21,,,1,100,,21861,21,,,1,100,,21866,21,,,1,100,,21860,21,,,1,100,,21856,21,,,1,30,,21854,21,,,1,70,,21859,21,,,1,30,,21862,21,,,1,70,,21855,21,,,1,30,,21870,21,,,1,70,,21858,21,,,1,30,,21869,21,,,1,70,,21852,21,,,1
10601,'8',610,,21882,21,,,1,100,,21875,21,,,1,30,,21888,21,,,1,70,,21877,21,,,1,30,,21879,21,,,1,70,,21881,21,,,1,100,,21886,21,,,1,100,,21885,21,,,1,100,,21874,21,,,1,100,,21889,21,,,1,100,,21880,21,,,1,30,,21872,21,,,1,70,,21883,21,,,1,30,,21878,21,,,1,70,,21884,21,,,1,30,,21887,21,,,1,70,,21876,21,,,1,30,,21873,21,,,1,70,,21871,21,,,1
10601,'9',610,,21902,21,,,1,100,,21895,21,,,1,30,,21903,21,,,1,70,,21893,21,,,1,30,,21904,21,,,1,70,,21910,21,,,1,100,,21900,21,,,1,100,,21897,21,,,1,100,,21898,21,,,1,100,,21909,21,,,1,100,,21896,21,,,1,30,,21899,21,,,1,70,,21907,21,,,1,30,,21908,21,,,1,70,,21905,21,,,1,30,,21894,21,,,1,70,,21891,21,,,1,30,,21892,21,,,1,70,,21906,21,,,1
20600,'1',1821,,27467,20,,,1,30,,27459,20,,,1,70,,27463,20,,,1,30,,27464,20,,,1,70,,27458,20,,,1,30,,27460,20,,,1,70,,27466,20,,,1,30,,27462,20,,,1,70,,27465,20,,,1,30,,27461,20,,,1
20600,'10',744,,18923,20,,,1,70,,27477,20,,,1,30,,27486,20,,,1,70,,27470,20,,,1,30,,27482,20,,,1,70,,27488,20,,,1,30,,27491,20,,,1,70,,27492,20,,,1,30,,27474,20,,,1,70,,27473,20,,,1,30,,27484,20,,,1,70,,27479,20,,,1,30,,27472,20,,,1,70,,27468,20,,,1,30,,27480,20,,,1,70,,27489,20,,,1,30,,27485,20,,,1,70,,27476,20,,,1,30,,27475,20,,,1,70,,27481,20,,,1,30,,27478,20,,,1,70,,27487,20,,,1,30,,27471,20,,,1,71,,27483,20,,,1,30,,27490,20,,,1,70,,27469,20,,,1
20600,'11',744,,27493,20,,,1,70,,27515,20,,,1,30,,27512,20,,,1,70,,27506,20,,,1,30,,27495,20,,,1,70,,27504,20,,,1,30,,27507,20,,,1,70,,27518,20,,,1,30,,27496,20,,,1,70,,27498,20,,,1,30,,27508,20,,,1,70,,27509,20,,,1,30,,27502,20,,,1,70,,27511,20,,,1,30,,27510,20,,,1,70,,27497,20,,,1,30,,27494,20,,,1,70,,27513,20,,,1,30,,27500,20,,,1,70,,27516,20,,,1,30,,27503,20,,,1,70,,27514,20,,,1,30,,27505,20,,,1,71,,27501,20,,,1,30,,27499,20,,,1,70,,27517,20,,,1
20600,'2',1821,,27521,20,,,1,30,,27528,20,,,1,70,,27526,20,,,1,30,,27522,20,,,1,70,,27519,20,,,1,30,,27525,20,,,1,70,,27520,20,,,1,30,,27527,20,,,1,70,,27524,20,,,1,30,,27523,20,,,1
20600,'3',1821,,27532,20,,,1,30,,27530,20,,,1,70,,27533,20,,,1,30,,27535,20,,,1,70,,27531,20,,,1,30,,27537,20,,,1,70,,27536,20,,,1,30,,27529,20,,,1,70,,27534,20,,,1,30,,27538,20,,,1
20600,'4',1821,,27539,20,,,1,30,,27547,20,,,1,70,,27541,20,,,1,30,,27544,20,,,1,70,,27543,20,,,1,30,,27546,20,,,1,70,,27545,20,,,1,30,,27548,20,,,1,70,,27540,20,,,1,30,,27542,20,,,1
20600,'5',1821,,27550,20,,,1,30,,27555,20,,,1,70,,27558,20,,,1,30,,27549,20,,,1,70,,27551,20,,,1,30,,27556,20,,,1,70,,27554,20,,,1,30,,27552,20,,,1,70,,27557,20,,,1,30,,27553,20,,,1
20600,'6',744,,27575,20,,,1,70,,27571,20,,,1,30,,27579,20,,,1,70,,27584,20,,,1,30,,27562,20,,,1,70,,27578,20,,,1,30,,27566,20,,,1,70,,27570,20,,,1,30,,27563,20,,,1,70,,27559,20,,,1,30,,27582,20,,,1,70,,27560,20,,,1,30,,27567,20,,,1,70,,27577,20,,,1,30,,27561,20,,,1,70,,27583,20,,,1,30,,27574,20,,,1,70,,27573,20,,,1,30,,27564,20,,,1,70,,27581,20,,,1,30,,27572,20,,,1,70,,27565,20,,,1,30,,27569,20,,,1,71,,27568,20,,,1,30,,27580,20,,,1,70,,27576,20,,,1
20600,'7',1821,,27586,20,,,1,30,,27589,20,,,1,70,,27591,20,,,1,30,,27593,20,,,1,70,,27592,20,,,1,30,,27588,20,,,1,70,,27585,20,,,1,30,,27590,20,,,1,70,,27594,20,,,1,30,,27587,20,,,1
20600,'8',1821,,27601,20,,,1,30,,27596,20,,,1,70,,27600,20,,,1,30,,27595,20,,,1,70,,27604,20,,,1,30,,27598,20,,,1,70,,27603,20,,,1,30,,27599,20,,,1,70,,27602,20,,,1,30,,27597,20,,,1
20600,'9',1821,,27608,20,,,1,30,,27611,20,,,1,70,,27614,20,,,1,30,,27607,20,,,1,70,,27609,20,,,1,30,,27613,20,,,1,70,,27610,20,,,1,30,,27605,20,,,1,70,,27612,20,,,1,30,,27606,20,,,1
20601,'1',1844,,27627,11,,,1,70,,27616,11,,,1,30,,27620,11,,,1,70,,27617,11,,,1,30,,27619,11,,,1,70,,27618,11,,,1,30,,27632,11,,,1,70,,27634,11,,,1,30,,27621,11,,,1,70,,27622,11,,,1
20601,'10',711,,27674,11,,,1,30,,16663,11,,,1,70,,27664,11,,,1,30,,27670,11,,,1,70,,27659,11,,,1,30,,27678,11,,,1,70,,27666,11,,,1,30,,27667,11,,,1,70,,27683,11,,,1,30,,27648,11,,,1,70,,27655,11,,,1,30,,27677,11,,,1,70,,27662,11,,,1,30,,27658,11,,,1,70,,27669,11,,,1,30,,27637,11,,,1,70,,27685,11,,,1,30,,27660,11,,,1,70,,27649,11,,,1,30,,27641,11,,,1,70,,27686,11,,,1,30,,27676,11,,,1,70,,27645,11,,,1,30,,27663,11,,,1,72,,27643,11,,,1,28,,27654,11,,,1,70,,27687,11,,,1,30,,27652,11,,,1
20601,'11',711,,27696,11,,,1,30,,27718,11,,,1,70,,27710,11,,,1,30,,27720,11,,,1,70,,27716,11,,,1,30,,27693,11,,,1,70,,27730,11,,,1,30,,27731,11,,,1,70,,27715,11,,,1,30,,27721,11,,,1,70,,27708,11,,,1,30,,27728,11,,,1,70,,27738,11,,,1,30,,27691,11,,,1,70,,27722,11,,,1,30,,27697,11,,,1,70,,27689,11,,,1,30,,27732,11,,,1,70,,27706,11,,,1,30,,27740,11,,,1,70,,27734,11,,,1,30,,27703,11,,,1,70,,27714,11,,,1,30,,27700,11,,,1,72,,27724,11,,,1,28,,27726,11,,,1,70,,27702,11,,,1,30,,27733,11,,,1
20601,'2',1844,,27746,11,,,1,70,,27750,11,,,1,30,,27752,11,,,1,70,,27753,11,,,1,30,,27763,11,,,1,70,,27755,11,,,1,30,,27761,11,,,1,70,,27758,11,,,1,30,,27745,11,,,1,70,,27748,11,,,1
20601,'3',1844,,27766,11,,,1,70,,27783,11,,,1,30,,27776,11,,,1,70,,27779,11,,,1,30,,27765,11,,,1,70,,27768,11,,,1,30,,27771,11,,,1,70,,27778,11,,,1,30,,27773,11,,,1,70,,27770,11,,,1
20601,'4',1844,,27791,11,,,1,70,,27795,11,,,1,30,,27789,11,,,1,70,,27793,11,,,1,30,,27796,11,,,1,70,,27803,11,,,1,30,,27785,11,,,1,70,,27799,11,,,1,30,,27794,11,,,1,70,,27788,11,,,1
20601,'5',1844,,27808,11,,,1,70,,27820,11,,,1,30,,27816,11,,,1,70,,27804,11,,,1,30,,27822,11,,,1,70,,27815,11,,,1,30,,27810,11,,,1,70,,27812,11,,,1,30,,27819,11,,,1,70,,27814,11,,,1
20601,'6',711,,27854,11,,,1,30,,27858,11,,,1,70,,27855,11,,,1,30,,27838,11,,,1,70,,27824,11,,,1,30,,27843,11,,,1,70,,27875,11,,,1,30,,27850,11,,,1,70,,27851,11,,,1,30,,27833,11,,,1,70,,27866,11,,,1,30,,27841,11,,,1,70,,27870,11,,,1,30,,27849,11,,,1,70,,27846,11,,,1,30,,27836,11,,,1,70,,27852,11,,,1,30,,27848,11,,,1,70,,27845,11,,,1,30,,27859,11,,,1,70,,27830,11,,,1,30,,27840,11,,,1,70,,27861,11,,,1,30,,27832,11,,,1,72,,27877,11,,,1,28,,27826,11,,,1,70,,27864,11,,,1,30,,27853,11,,,1
20601,'7',1844,,27881,11,,,1,70,,27884,11,,,1,30,,27889,11,,,1,70,,27892,11,,,1,30,,27894,11,,,1,70,,27883,11,,,1,30,,27880,11,,,1,70,,27891,11,,,1,30,,27887,11,,,1,70,,27899,11,,,1
20601,'8',1844,,27912,11,,,1,70,,27916,11,,,1,30,,27910,11,,,1,70,,27904,11,,,1,30,,27914,11,,,1,70,,27919,11,,,1,30,,27908,11,,,1,70,,27911,11,,,1,30,,27915,11,,,1,70,,27903,11,,,1
20601,'9',1844,,27929,11,,,1,70,,27932,11,,,1,30,,27922,11,,,1,70,,27938,11,,,1,30,,27927,11,,,1,70,,27924,11,,,1,30,,27926,11,,,1,70,,27933,11,,,1,30,,27934,11,,,1,70,,27921,11,,,1
