10200,'1',647,,20030,3,,,1,70,,20042,3,,,1,30,,20040,3,,,1,70,,20039,3,,,1,30,,20031,3,,,1,70,,20035,3,,,1,30,,20041,3,,,1,100,,20029,3,,,1,100,,20038,3,,,1,100,,20044,3,,,1,100,,20046,3,,,1,100,,20036,3,,,1,70,,20034,3,,,1,30,,20043,3,,,1,70,,20037,3,,,1,30,,20032,3,,,1,70,,20033,3,,,1,30,,20045,3,,,1
10200,'2',647,,20063,3,,,1,70,,20064,3,,,1,30,,20059,3,,,1,70,,20048,3,,,1,30,,20054,3,,,1,70,,20053,3,,,1,30,,20057,3,,,1,100,,20058,3,,,1,100,,20051,3,,,1,100,,20056,3,,,1,100,,20047,3,,,1,100,,20049,3,,,1,70,,20060,3,,,1,30,,20052,3,,,1,70,,20062,3,,,1,30,,20050,3,,,1,70,,20055,3,,,1,30,,20061,3,,,1
10200,'3',647,,20071,3,,,1,70,,20073,3,,,1,30,,20065,3,,,1,70,,20078,3,,,1,30,,20067,3,,,1,70,,20077,3,,,1,30,,20066,3,,,1,100,,20079,3,,,1,100,,20072,3,,,1,100,,20069,3,,,1,100,,20068,3,,,1,100,,20080,3,,,1,70,,20076,3,,,1,30,,20081,3,,,1,70,,20082,3,,,1,30,,20074,3,,,1,70,,20070,3,,,1,30,,20075,3,,,1
10200,'4',647,,20097,3,,,1,70,,20086,3,,,1,30,,20085,3,,,1,70,,20083,3,,,1,30,,20088,3,,,1,70,,20094,3,,,1,30,,20099,3,,,1,100,,20095,3,,,1,100,,20093,3,,,1,100,,20089,3,,,1,100,,20091,3,,,1,100,,20092,3,,,1,70,,20087,3,,,1,30,,20100,3,,,1,70,,20096,3,,,1,30,,20098,3,,,1,70,,20090,3,,,1,30,,20084,3,,,1
10200,'5',647,,20118,3,,,1,70,,20109,3,,,1,30,,20108,3,,,1,70,,20111,3,,,1,30,,20104,3,,,1,70,,20106,3,,,1,30,,20105,3,,,1,100,,20103,3,,,1,100,,20114,3,,,1,100,,20112,3,,,1,100,,20110,3,,,1,100,,20115,3,,,1,70,,20101,3,,,1,30,,20113,3,,,1,70,,20102,3,,,1,30,,20107,3,,,1,70,,20117,3,,,1,30,,20116,3,,,1
10200,'7',647,,20119,3,,,1,70,,20131,3,,,1,30,,20133,3,,,1,70,,20125,3,,,1,30,,20130,3,,,1,70,,20134,3,,,1,30,,20129,3,,,1,100,,20120,3,,,1,100,,20128,3,,,1,100,,20132,3,,,1,100,,20136,3,,,1,100,,20122,3,,,1,70,,20126,3,,,1,30,,20121,3,,,1,70,,20124,3,,,1,30,,20135,3,,,1,70,,20127,3,,,1,30,,20123,3,,,1
10200,'8',647,,20139,3,,,1,70,,20137,3,,,1,30,,20148,3,,,1,70,,20153,3,,,1,30,,20138,3,,,1,70,,20150,3,,,1,30,,20145,3,,,1,100,,20142,3,,,1,100,,20152,3,,,1,100,,20154,3,,,1,100,,20144,3,,,1,100,,20143,3,,,1,70,,20147,3,,,1,30,,20149,3,,,1,70,,20140,3,,,1,30,,20146,3,,,1,70,,20151,3,,,1,30,,20141,3,,,1
10200,'9',647,,20165,3,,,1,70,,20164,3,,,1,30,,20166,3,,,1,70,,20163,3,,,1,30,,20171,3,,,1,70,,20168,3,,,1,30,,20156,3,,,1,100,,20169,3,,,1,100,,20160,3,,,1,100,,20159,3,,,1,100,,20161,3,,,1,100,,20157,3,,,1,70,,20158,3,,,1,30,,20162,3,,,1,70,,20170,3,,,1,30,,20172,3,,,1,70,,20155,3,,,1,30,,20167,3,,,1
11001,'1',617,,23642,3,,,1,30,,23654,3,,,1,70,,23643,3,,,1,30,,23650,3,,,1,70,,23633,3,,,1,30,,23638,3,,,1,70,,23640,3,,,1,30,,23632,3,,,1,70,,23637,3,,,1,30,,23653,3,,,1,70,,23652,3,,,1,30,,23645,3,,,1,70,,23656,3,,,1,30,,23647,3,,,1,70,,23646,3,,,1,30,,23634,3,,,1,70,,23636,3,,,1,30,,23639,3,,,1,70,,23648,3,,,1,30,,23644,3,,,1,70,,23649,3,,,1,30,,23641,3,,,1,70,,23655,3,,,1,30,,23651,3,,,1,70,,23635,3,,,1
11001,'2',617,,23671,3,,,1,30,,23670,3,,,1,70,,23673,3,,,1,30,,23667,3,,,1,70,,23675,3,,,1,30,,23665,3,,,1,70,,23678,3,,,1,30,,23657,3,,,1,70,,23674,3,,,1,30,,23669,3,,,1,70,,23659,3,,,1,30,,23661,3,,,1,70,,23672,3,,,1,30,,18124,3,,,1,70,,23664,3,,,1,30,,23660,3,,,1,70,,23666,3,,,1,30,,18251,3,,,1,70,,23677,3,,,1,30,,23676,3,,,1,70,,23679,3,,,1,30,,23668,3,,,1,70,,23662,3,,,1,30,,23663,3,,,1,70,,23658,3,,,1
11001,'3',617,,23696,3,,,1,30,,23701,3,,,1,70,,23693,3,,,1,30,,23702,3,,,1,70,,23681,3,,,1,30,,23695,3,,,1,70,,23704,3,,,1,30,,23682,3,,,1,70,,23698,3,,,1,30,,23692,3,,,1,70,,23688,3,,,1,30,,23689,3,,,1,70,,23683,3,,,1,30,,23687,3,,,1,70,,23691,3,,,1,30,,23680,3,,,1,70,,23699,3,,,1,30,,23690,3,,,1,70,,23694,3,,,1,30,,23700,3,,,1,70,,23685,3,,,1,30,,23686,3,,,1,70,,23703,3,,,1,30,,23684,3,,,1,70,,23697,3,,,1
11001,'4',617,,23708,3,,,1,30,,23706,3,,,1,70,,23712,3,,,1,30,,23724,3,,,1,70,,23718,3,,,1,30,,23728,3,,,1,70,,23719,3,,,1,30,,23723,3,,,1,70,,23729,3,,,1,30,,23725,3,,,1,70,,23705,3,,,1,30,,23720,3,,,1,70,,23709,3,,,1,30,,23714,3,,,1,70,,23711,3,,,1,30,,23727,3,,,1,70,,23721,3,,,1,30,,23722,3,,,1,70,,23707,3,,,1,30,,23713,3,,,1,70,,23726,3,,,1,30,,23716,3,,,1,70,,23715,3,,,1,30,,23710,3,,,1,70,,23717,3,,,1
11001,'5',617,,23730,3,,,1,30,,23748,3,,,1,70,,23741,3,,,1,30,,23740,3,,,1,70,,23745,3,,,1,30,,23750,3,,,1,70,,23737,3,,,1,30,,23731,3,,,1,70,,23752,3,,,1,30,,23746,3,,,1,70,,23744,3,,,1,30,,23742,3,,,1,70,,23738,3,,,1,30,,23732,3,,,1,70,,23747,3,,,1,30,,23743,3,,,1,70,,23739,3,,,1,30,,23733,3,,,1,70,,23736,3,,,1,30,,23749,3,,,1,70,,23753,3,,,1,30,,23735,3,,,1,70,,23734,3,,,1,30,,23751,3,,,1,70,,23754,3,,,1
11001,'7',617,,23763,3,,,1,30,,23777,3,,,1,70,,23776,3,,,1,30,,23768,3,,,1,70,,23767,3,,,1,30,,23769,3,,,1,70,,23775,3,,,1,30,,23766,3,,,1,70,,23765,3,,,1,30,,23774,3,,,1,70,,23779,3,,,1,30,,23773,3,,,1,70,,23764,3,,,1,30,,23761,3,,,1,70,,23771,3,,,1,30,,23758,3,,,1,70,,23770,3,,,1,30,,23755,3,,,1,70,,23772,3,,,1,30,,23757,3,,,1,70,,23778,3,,,1,30,,23759,3,,,1,70,,23756,3,,,1,30,,23762,3,,,1,70,,23760,3,,,1
11001,'8',617,,23789,3,,,1,30,,23790,3,,,1,70,,23792,3,,,1,30,,23794,3,,,1,70,,23801,3,,,1,30,,23788,3,,,1,70,,23781,3,,,1,30,,23797,3,,,1,70,,23795,3,,,1,30,,23787,3,,,1,70,,23804,3,,,1,30,,23784,3,,,1,70,,23800,3,,,1,30,,23783,3,,,1,70,,23786,3,,,1,30,,23803,3,,,1,70,,23799,3,,,1,30,,23796,3,,,1,70,,23802,3,,,1,30,,23793,3,,,1,70,,23782,3,,,1,30,,23798,3,,,1,70,,23780,3,,,1,30,,23791,3,,,1,70,,23785,3,,,1
11001,'9',617,,23827,3,,,1,30,,23829,3,,,1,70,,23808,3,,,1,30,,23819,3,,,1,70,,23811,3,,,1,30,,23813,3,,,1,70,,23805,3,,,1,30,,23814,3,,,1,70,,23826,3,,,1,30,,23820,3,,,1,70,,23817,3,,,1,30,,23810,3,,,1,70,,23828,3,,,1,30,,23807,3,,,1,70,,23825,3,,,1,30,,23809,3,,,1,70,,23812,3,,,1,30,,23815,3,,,1,70,,23816,3,,,1,30,,23821,3,,,1,70,,23806,3,,,1,30,,23818,3,,,1,70,,23822,3,,,1,30,,23823,3,,,1,70,,23824,3,,,1
11501,'1',717,,25465,3,,,1,30,,25492,3,,,1,70,,18790,3,,,1,30,,25476,3,,,1,70,,25460,3,,,1,30,,25483,3,,,1,70,,25473,3,,,1,100,,25487,3,,,1,100,,25466,3,,,1,100,,25488,3,,,1,100,,25475,3,,,1,100,,25478,3,,,1,30,,25489,3,,,1,70,,25480,3,,,1,30,,25463,3,,,1,70,,25472,3,,,1,30,,25495,3,,,1,70,,25482,3,,,1
11501,'2',717,,25515,3,,,1,30,,25528,3,,,1,70,,16761,3,,,1,30,,25532,3,,,1,70,,25526,3,,,1,30,,25503,3,,,1,70,,25512,3,,,1,100,,25521,3,,,1,100,,25529,3,,,1,100,,18354,3,,,1,100,,25505,3,,,1,100,,25498,3,,,1,30,,25497,3,,,1,70,,25525,3,,,1,30,,25507,3,,,1,70,,25517,3,,,1,30,,25520,3,,,1,70,,25506,3,,,1
11501,'3',717,,25548,3,,,1,30,,25536,3,,,1,70,,25542,3,,,1,30,,25549,3,,,1,70,,25571,3,,,1,30,,25535,3,,,1,70,,25555,3,,,1,100,,25538,3,,,1,100,,25550,3,,,1,100,,25554,3,,,1,100,,25566,3,,,1,100,,25539,3,,,1,30,,25559,3,,,1,70,,25540,3,,,1,30,,25561,3,,,1,70,,25551,3,,,1,30,,25543,3,,,1,70,,25537,3,,,1
11501,'4',717,,25604,3,,,1,30,,25611,3,,,1,70,,25582,3,,,1,30,,25578,3,,,1,70,,25596,3,,,1,30,,25580,3,,,1,70,,25591,3,,,1,100,,25585,3,,,1,100,,25601,3,,,1,100,,25593,3,,,1,100,,25586,3,,,1,100,,25605,3,,,1,30,,25603,3,,,1,70,,25589,3,,,1,30,,25576,3,,,1,70,,25606,3,,,1,30,,25583,3,,,1,70,,25581,3,,,1
11501,'5',717,,25623,3,,,1,30,,25614,3,,,1,70,,25616,3,,,1,30,,25632,3,,,1,70,,25631,3,,,1,30,,25627,3,,,1,70,,25621,3,,,1,100,,25641,3,,,1,100,,25620,3,,,1,100,,25635,3,,,1,100,,25650,3,,,1,100,,25626,3,,,1,30,,25642,3,,,1,70,,25648,3,,,1,30,,25640,3,,,1,70,,25617,3,,,1,30,,25646,3,,,1,70,,25639,3,,,1
11501,'7',717,,25656,3,,,1,30,,25672,3,,,1,70,,25683,3,,,1,30,,25665,3,,,1,70,,25668,3,,,1,30,,25669,3,,,1,70,,25651,3,,,1,100,,25686,3,,,1,100,,25653,3,,,1,100,,25688,3,,,1,100,,25657,3,,,1,100,,25685,3,,,1,30,,25684,3,,,1,70,,25662,3,,,1,30,,25687,3,,,1,70,,25673,3,,,1,30,,25664,3,,,1,70,,25655,3,,,1
11501,'8',717,,25712,3,,,1,30,,25716,3,,,1,70,,25708,3,,,1,30,,25698,3,,,1,70,,25694,3,,,1,30,,25728,3,,,1,70,,25693,3,,,1,100,,25720,3,,,1,100,,25722,3,,,1,100,,25703,3,,,1,100,,25714,3,,,1,100,,25707,3,,,1,30,,25697,3,,,1,70,,25699,3,,,1,30,,25727,3,,,1,70,,25719,3,,,1,30,,25724,3,,,1,70,,25691,3,,,1
11501,'9',717,,25736,3,,,1,30,,25732,3,,,1,70,,25752,3,,,1,30,,25748,3,,,1,70,,25746,3,,,1,30,,25737,3,,,1,70,,25733,3,,,1,100,,25767,3,,,1,100,,25747,3,,,1,100,,25750,3,,,1,100,,25743,3,,,1,100,,25734,3,,,1,30,,25744,3,,,1,70,,25739,3,,,1,30,,25763,3,,,1,70,,25757,3,,,1,30,,25754,3,,,1,70,,25766,3,,,1
21001,'1',1847,,28496,3,,,1,70,,28488,3,,,1,30,,28495,3,,,1,70,,28490,3,,,1,30,,28491,3,,,1,70,,28489,3,,,1,30,,28497,3,,,1,70,,28493,3,,,1,30,,28492,3,,,1,70,,28494,3,,,1
21001,'10',717,,28506,3,,,1,30,,28522,3,,,1,70,,28503,3,,,1,30,,28518,3,,,1,70,,28514,3,,,1,30,,28507,3,,,1,70,,28510,3,,,1,30,,28512,3,,,1,70,,28498,3,,,1,30,,28521,3,,,1,70,,28523,3,,,1,30,,28513,3,,,1,70,,28517,3,,,1,30,,28500,3,,,1,70,,28515,3,,,1,30,,28516,3,,,1,70,,28520,3,,,1,30,,28505,3,,,1,70,,28501,3,,,1,30,,28508,3,,,1,70,,28504,3,,,1,30,,28519,3,,,1,70,,28524,3,,,1,30,,28499,3,,,1,70,,28511,3,,,1,30,,28509,3,,,1,70,,28502,3,,,1,30,,19132,3,,,1
21001,'11',717,,28539,3,,,1,30,,28530,3,,,1,70,,28537,3,,,1,30,,28540,3,,,1,70,,28527,3,,,1,30,,28532,3,,,1,70,,28552,3,,,1,30,,28542,3,,,1,70,,28546,3,,,1,30,,28534,3,,,1,70,,28525,3,,,1,30,,28549,3,,,1,70,,28538,3,,,1,30,,28544,3,,,1,70,,28541,3,,,1,30,,28551,3,,,1,70,,28543,3,,,1,30,,28550,3,,,1,70,,28547,3,,,1,30,,28533,3,,,1,70,,28529,3,,,1,30,,28526,3,,,1,70,,28545,3,,,1,30,,28536,3,,,1,70,,28528,3,,,1,30,,28535,3,,,1,70,,28548,3,,,1,30,,28531,3,,,1
21001,'2',1847,,28557,3,,,1,70,,28553,3,,,1,30,,28559,3,,,1,70,,28562,3,,,1,30,,28556,3,,,1,70,,28555,3,,,1,30,,28560,3,,,1,70,,28558,3,,,1,30,,28554,3,,,1,70,,28561,3,,,1
21001,'3',1847,,28563,3,,,1,70,,28566,3,,,1,30,,28571,3,,,1,70,,28569,3,,,1,30,,28567,3,,,1,70,,28565,3,,,1,30,,28572,3,,,1,70,,28570,3,,,1,30,,28564,3,,,1,70,,28568,3,,,1
21001,'4',1847,,28577,3,,,1,70,,28574,3,,,1,30,,28573,3,,,1,70,,28581,3,,,1,30,,28576,3,,,1,70,,28579,3,,,1,30,,28582,3,,,1,70,,28578,3,,,1,30,,28575,3,,,1,70,,28580,3,,,1
21001,'5',1847,,28590,3,,,1,70,,28584,3,,,1,30,,28591,3,,,1,70,,28583,3,,,1,30,,28587,3,,,1,70,,28586,3,,,1,30,,28589,3,,,1,70,,28588,3,,,1,30,,28592,3,,,1,70,,28585,3,,,1
21001,'6',717,,28596,3,,,1,30,,28620,3,,,1,70,,28594,3,,,1,30,,28595,3,,,1,70,,28614,3,,,1,30,,28603,3,,,1,70,,28605,3,,,1,30,,28598,3,,,1,70,,28609,3,,,1,30,,28617,3,,,1,70,,28613,3,,,1,30,,28597,3,,,1,70,,28612,3,,,1,30,,28607,3,,,1,70,,28606,3,,,1,30,,28602,3,,,1,70,,28610,3,,,1,30,,28608,3,,,1,70,,28616,3,,,1,30,,28599,3,,,1,70,,28593,3,,,1,30,,28600,3,,,1,70,,28618,3,,,1,30,,28611,3,,,1,70,,28601,3,,,1,30,,28615,3,,,1,70,,28619,3,,,1,30,,28604,3,,,1
21001,'7',1847,,28623,3,,,1,70,,28628,3,,,1,30,,28625,3,,,1,70,,28629,3,,,1,30,,28630,3,,,1,70,,28621,3,,,1,30,,28627,3,,,1,70,,28622,3,,,1,30,,28626,3,,,1,70,,28624,3,,,1
21001,'8',1847,,28640,3,,,1,70,,28631,3,,,1,30,,28639,3,,,1,70,,28632,3,,,1,30,,28635,3,,,1,70,,28633,3,,,1,30,,28637,3,,,1,70,,28634,3,,,1,30,,28638,3,,,1,70,,28636,3,,,1
21001,'9',1847,,28648,3,,,1,70,,28645,3,,,1,30,,28643,3,,,1,70,,28646,3,,,1,30,,28641,3,,,1,70,,28650,3,,,1,30,,28644,3,,,1,70,,28647,3,,,1,30,,28642,3,,,1,70,,28649,3,,,1
