101,10100,'10',17233,17234,17235,17236,17237,17238,17239,17240,17241,17242,17243,17244,17245,17246,17247,17248,17249,17250
101,10100,'7',17251,17252,17253,17254,17255,17256,17257,17258,17259,17260,17153,17261,17262,17263,17264,17265,17266,17267
101,10101,'10',17268,17269,17270,17271,17272,17273,17274,17275,17276,17277,17278,17279,17280,17281,17282,14659,17283,17284
101,10101,'7',17285,17286,17287,17288,17289,17290,17291,17292,14830,17293,17294,17295,17296,15501,17297,14642,17298,15664
102,10201,'10',17299,15907,17300,17301,17302,17303,17304,17305,17306,16093,17307,17308,17309,17310,14846,17311,17312,17313,17314,17315,17316,17317,17318,17319,15310,17320,17321,17322,17323,12531,17324,17325,17326,17327,17328,17329,17330,17331,17332,17333,17334,17335,15225,17336,15642,17337,17338,15198,17339,17340,17341,17342,17343,17344,17345,17346,17347
102,10201,'7',17348,17349,17350,17351,17352,17353,17354,17355,12625,17356,17357,17358,16053,17359,17360,14827,17361,17362,17363,17364,17365,17366,17367,17368,17369,15252,17370,17371,12515,17372,17373,17374,17375,17376,17377,17378,17379,17380,15740,17381,15211,17382,17383,17384,17385,15181,17386,17387,17388,17389,17390,17391,17392,17393,17394,17395,17396
103,10300,'10',14645,17397,17398,17399,17400,17401,17402,17403,17404,15047,17405,14899,17406,17407,17408,17409,17410,16894,17411
103,10300,'7',17412,17413,17414,17415,17416,17417,17418,17419,17420,17421,17422,17423,17424,17425,17426,17427,17428,17429,16885
103,10301,'10',15037,14958,17430,17431,17432,17433,17434,17435,17436,17437,17438,14559,17439,17440,17441,17442,15324,17443,17444,17445
103,10301,'7',17446,17447,17448,17449,17450,17451,17452,17453,17454,17455,15656,17456,17457,17458,15266,17459,17460,17461,17462,17463
104,10400,'10',17464,17465,17466,17467,17468,16687,17469,16098,17470,17471,17472,17473,17474,17475,16110,17476,17477,17478,17479,14781,17480,17481,17482,17483,17484
104,10400,'7',17485,17486,15009,17487,17488,15807,16669,17489,16058,17490,17491,17492,17493,17494,17495,17496,17497,17498,17499,13190,17500,17501,17502,17503,17504
104,10401,'10',17505,17506,17507,17508,17509,17510,17511,17512,17513,17514,17515,17516,17517,17518,17519,17520,17521,17522,17523,17524,17525,17526,17527,17528,17007,14772,17529,17530,17531,15224,17532,17533,17534,17535,17536,17537,17538,17539,17540,17541,17542,17543,16389,17544,17545,17546,17547,17548,17549,17550
104,10401,'7',17551,17552,17553,15799,17554,17555,17556,17557,17558,17559,17560,17561,17562,17563,17564,17565,17566,17567,17568,17569,17570,17571,17572,16267,16484,17573,17574,17575,17576,17577,17578,14721,17579,17580,17581,17582,17583,15895,17584,17585,16371,17586,17587,17588,17589,17590,17591,17592,17593,17594
105,10500,'10',17595,17596,17597,17598,17599,17600,17601,17602,17603,17604,17605,17606,17607,17608,17609,17610,17611,17612,17613,17614,17615,17616,17617,17618,16115,17619,14822,17620,17621,17622,17623,16211,17624,17625,17626,17627,17628,17629
105,10500,'7',17630,17631,17632,17633,17634,17635,17636,15470,17637,17638,17639,17640,17641,17642,17643,17644,17645,17646,17647,17648,17649,16072,16074,17650,14939,17651,17652,17653,17654,17655,17656,17657,17658,17659,17660,14807,17661,17662
105,10501,'10',17663,17664,12123,17665,17666,17667,17668,17669,17670,17671,17672,14676,17673,17674,17675,17676,17677,17678,17679,17680,17681,17682,17683,15680,16119,17684,17685,17686,17687,17688,17689,16761,17690,17691,17692,17693,14905,17694
105,10501,'7',17695,14438,12070,17696,17697,17698,17699,17700,17701,17702,17703,15871,17704,14663,17705,17706,17707,17708,17709,17710,17711,17712,17713,17714,17715,17716,17717,16078,17718,17719,17720,17721,15280,16754,17722,17723,14737,14882
106,10600,'10',17724,15777,17725,15043,17726,17727,17728,17729,17730,17731,17732,17733,17734,17735,17736,17737,17738
106,10600,'7',17739,17740,15758,17741,17742,15011,17743,17744,17745,15653,17746,17747,17748,17749,15703,17750,17751
106,10601,'10',17752,17753,17754,17755,17756,17757,17758,17759,17760,17761,14683,17762,17763,17764,17765,17766,17767,17768,17769,15734
106,10601,'7',17770,17771,17772,17773,17774,17775,17776,17777,17778,17779,17780,17781,17782,14670,17783,17784,17785,17786,17787,15711
107,10700,'10',17788,17789,17790,17791,17792,17793,17794,14678,17795,15221,17796,17797,17798,17799,17800,17801,17802,17803,17804
107,10700,'7',17805,17806,17807,17808,17809,17810,17811,14665,17812,15207,17813,17814,17815,17816,17817,17818,14729,17819,17820
107,10701,'10',15624,17821,17822,17823,17824,12126,17825,17826,17827,17828,17829,13286,17830,17831,17832,17833,17834,17835,17836,17837,17838,15520,17839,17840,17841,17842,17843,17844,16036,17845,16103,17846,17847,17848,17849,17850,17851,17852,17853,17854,15399,17855,14854,17856,17857,17858,17859,17860,17861,17862,17863,14080,17864,17865,17866,17867,17868,17869,17870,17871
107,10701,'7',15602,17872,17873,17874,17875,17876,12073,17877,17878,17879,14916,17880,15695,17881,17882,17883,17884,17885,16880,17886,17887,17888,17889,17890,17891,17892,17893,17894,17895,16062,17896,17897,17898,17899,17900,17901,17902,15368,17903,17904,17905,14835,17906,17907,17908,17909,17910,17911,17912,17913,17914,14063,17915,17916,17917,17918,17919,17920,17921,17922
108,10800,'10',17923,17924,15154,17925,17926,17927,17928,14649,17929,17930,17931,17932,17933,17934,17935,17936,17937,17938,17939,17940,17941,17942,17943,17944,17945,17946,17947,17948,17949,17950,16388,17951,17952,17953
108,10800,'7',17954,17955,17956,17957,17958,17959,17960,17961,17962,17963,17964,17965,15564,17966,17967,17968,17969,16222,17970,17971,17972,17973,17974,17975,17976,17977,17978,17979,12938,16370,17980,17981,17982,17983
108,10801,'10',17984,17985,17986,14744,17987,17988,17989,16031,17990,17991,17992,17993,17994,17995,17996,17997,17998,13332,17999
108,10801,'7',18000,18001,18002,14693,15072,18003,15995,15998,18004,18005,18006,18007,18008,18009,18010,18011,18012,18013,15745
109,10900,'10',18014,15778,18015,18016,18017,18018,18019,14471,18020,18021,18022,16763
109,10900,'7',18023,15759,18024,18025,18026,16671,18027,14449,18028,18029,18030,16756
109,10901,'10',18031,18032,18033,18034,18035,18036,17073,15040,18037,18038,18039,18040,18041,18042,18043,18044,18045,18046,18047,18048,18049,18050,18051,18052,18053,18054,18055,18056,18057,18058,16326,16116,18059,18060,12345,18061,16040,16586,18062,18063,18064,18065,18066,18067,18068,18069,18070,18071
109,10901,'7',18072,18073,18074,18075,18076,18077,17050,15008,18078,18079,12542,18080,18081,18082,18083,18084,18085,18086,18087,18088,18089,18090,18091,18092,18093,18094,18095,18096,18097,18098,16316,16075,18099,18100,12302,18101,16007,16567,18102,18103,18104,18105,18106,18107,18108,18109,18110,18111
110,11000,'10',18112,18113,18114,15511,18115,18116,18117,18118,18119,18120,14677,18121,18122,18123,15462,18124,18125,18126,18127,18128,18129,18130,18131,14906,18132
110,11000,'7',18133,18134,15987,18135,18136,15467,18137,18138,18139,18140,18141,18142,18143,18144,18145,18146,18147,18148,18149,18150,15372,18151,18152,18153,14883
110,11001,'10',18154,18155,18156,18157,18158,18159,18160,18161,18162,18163,18164,18165,18166,18167,18168,18169,18170,14776,16123,16694,18171,18172,18173,18174,18175
110,11001,'7',18176,18177,18178,18179,18180,18181,14701,18182,18183,18184,18185,18186,18187,18188,18189,18190,14725,18191,18192,16082,18193,18194,18195,18196,18197
111,11100,'10',18198,18199,18200,18201,18202,18203,18204,16096,18205,18206,18207,18208,18209,18210,18211,18212,18213,18214,18215,18216,18217,18218,18219,18220,18221,18222
111,11100,'7',18223,18224,18225,18226,18227,18228,18229,18230,18231,18232,18233,18234,15487,18235,18236,18237,18238,18239,18240,18241,18242,18243,18244,13744,18245,18246
111,11101,'10',18247,18248,18249,18250,18251,18252,18253,15584,18254,18255,18256,18257,18258,18259,18260,18261,18262,18263,18264,18265,18266,18267,18268,18269,18270
111,11101,'7',18271,18272,18273,18274,8868,18275,18276,18277,15560,18278,18279,18280,18281,18282,18283,18284,18285,18286,18287,18288,18289,18290,18291,18292,18293
112,11200,'10',18294,18295,18296,18297,18298,18299,18300,18301,18302,18303,18304
112,11200,'7',18305,18306,18307,18308,18309,18310,18311,18312,18313,18314,18315
112,11201,'10',18316,18317,15831,18318,18319,18320,12687,18321,18322,15784,18323,18324,18325,18326,18327,18328,18329,15729,18330,18331,17177,18332
112,11201,'7',18333,18334,18335,18336,18337,18338,18339,18340,18341,18342,18343,15767,18344,18345,18346,18347,18348,18349,18350,18351,18352,17162
113,11300,'10',18353,18354,18355,18356,18357,18358,18359,18360,18361,18362,18363,18364,18365,18366,18367,18368,18369,18370,18371,18372,18373,18374,18375,18376,18377,18378,18379,18380,18381,18382,18383,18384,18385,18386,18387,18388,18389,18390,18391
113,11300,'7',18392,18393,18394,18395,18396,18397,18398,15692,18399,16878,18400,18401,18402,18403,18404,18405,18406,17000,18407,18408,18409,18410,15491,18411,18412,18413,18414,18415,18416,18417,18418,18419,18420,18421,18422,15425,18423,18424,18425
113,11301,'10',18426,18427,18428,18429,18430,16924,18431,15386,18432,18433,18434,18435,18436,15631,18437,18438,18439,18440,18441,18442,18443,16386,14773,18444,18445,18446,18447,18448,18449,18450,18451,18452,18453,18454,18455,18456,16125,18457,18458,15200,18459
113,11301,'7',18460,18461,18462,18463,18464,16920,18465,18466,18467,15354,18468,18469,15874,18470,18471,18472,18473,18474,18475,18476,18477,15415,18478,18479,12299,16368,14722,18480,15891,18481,18482,18483,18484,18485,18486,18487,18488,15183,18489,18490,18491
114,11400,'10',18492,18493,18494,18495,18496,18497,18498,15532,18499,18500,18501,18502
114,11400,'7',18503,18504,18505,18506,18507,18508,18509,15488,18510,18511,18512,18513
114,11401,'10',18514,18515,18516,18517,18518,15309,18519,18520,18521,18522,18523,18524
114,11401,'7',18525,18526,18527,18528,18529,15251,18530,18531,18532,18533,18534,18535
115,11501,'10',18536,18537,18538,18539,18540,14964,18541,18542,18543,18544,15671,18545,18546,14892,18547,18548,18549,18550,18551,17079,18552,18553,18554,18555,18556,18557,18558,17086,18559,18560,18561,18562,18563,18564,15962,18565
115,11501,'7',18566,18567,18568,18569,18570,18571,18572,18573,14918,18574,18575,18576,14869,18577,18578,18579,18580,18581,18582,18583,18584,18585,18586,17063,18587,18588,18589,15268,18590,18591,18592,18593,18594,15952,18595,18596
116,11600,'10',14808,18597,18598,18599,18600,18601,16179,18602,18603,18604,18605,18606,15518,18607,18608,16189,18609,18610,16230,16890,18611,18612,18613,18614,18615,18616,18617,18618,18619,14153,18620,18621,18622,18623,18624,18625,18626,18627,18628,18629,18630,16926,18631,18632,18633,18634
116,11600,'7',14791,18635,18636,18637,18638,18639,16135,18640,18641,18642,18643,18644,15474,18645,18646,16145,18647,15811,16220,16881,18648,18649,18650,18651,18652,18653,18654,18655,18656,14144,18657,18658,18659,18660,18661,18662,18663,18664,18665,18666,18667,16922,18668,18669,18670,18671
116,11601,'10',18672,18673,15905,18674,15103,18675,18676,18677,14749,18678,18679,18680,18681,18682,18683,18684,18685,18686,18687,18688,18689,18690,18691,18692,18693,14970,14971,18694,18695,18696,18697,18698,18699,18700,18701,18702,18703,16805,18704,18705,18706,18707,18708,18709,15133,18710,18711,18712
116,11601,'7',18713,18714,18715,18716,15067,18717,18718,18719,14698,18720,18721,15693,18722,18723,18724,18725,18726,18727,18728,18729,18730,18731,18732,18733,18734,14924,14925,18735,18736,18737,18738,18739,18740,18741,18742,18743,18744,16795,18745,18746,18747,18748,18749,18750,15097,18751,18752,18753
203,20300,'10',18754,18755,18756,18757,18758,18759,18760,18761,18762
203,20300,'5',18763,18764,18765,18766,18767,18768,16403,18769,18770,16464,18771,18772,18773,18774,18775,18776,18777,18778,18779,18780,18781,16915,18782,18783,18784,18785,18786
203,20300,'7',18787,18788,18789,18790,18791,18792,18793,18794,15742
203,20301,'10',18795,18796,18797,15385,18798,18799,18800,15316,18801,18802,16215
203,20301,'5',18803,18804,18805,18806,18807,18808,18809,18810,18811,18812,18813,16412,18814,18815,18816,18817,18818,18819,18820,18821,18822,18823,18824,18825,17231,16996,18826,18827
203,20301,'7',18828,16131,18829,18830,18831,18832,18833,18834,18835,18836,18837
204,20400,'10',15911,18838,18839,18840,18841,18842,18843,15600,18844,18845
204,20400,'5',18846,18847,18848,18849,18850,18851,18852,18853,18854,18855,18856,18857,18858,18859,18860,18861,18862,18863,18864,18865,18866,18867,18868,18869,18870,18871,18872,18873
204,20400,'7',18874,18875,18876,18877,18878,18879,18880,15576,18881,18882
204,20401,'10',18883,18884,18885,18886,18887,18888,18889,18890,18891,18892,18893,18894,18895,15843,18896,18897,16891,18898,18899,18900
204,20401,'5',18901,18902,18903,18904,18905,18906,18907,18908,18909,18910,18911,18912,18913,18914,18915,18916,18917,18918,18919,18920,18921,18922,18923,18924,18925,18926,18927,18928,18929,18930,18931,18932,18933,18934,18935,18936,16480,17219,18937,18938,18939,18940,18941,18942,16549,18943,16918,18944,18945,18946,18947,18948,18949,18950,18951,18952
204,20401,'7',18953,18954,18955,18956,18957,18958,18959,18960,18961,18962,18963,18964,18965,15813,18966,18967,16882,18968,18969,18970
205,20500,'10',18971,15111,18972,18973,18974,18975,18976,18977
205,20500,'5',18978,13774,18979,18980,17182,18981,18982,18983,18984,18985,18986,18987,16614,18988,18989,18990,18991,18992,16732,16736,18993,18994,18995,18996,18997,18998,18999,19000
205,20500,'7',19001,15075,19002,19003,19004,19005,19006,19007
205,20501,'10',16377,19008,19009,19010,19011,19012,13612,19013
205,20501,'5',19014,19015,19016,19017,19018,19019,19020,19021,19022,19023,16976,19024,19025,19026,19027,19028,17123,19029,14174,19030,19031,19032,19033,19034,19035,19036,19037,19038
205,20501,'7',16359,19039,19040,19041,19042,19043,13603,19044
206,20600,'10',19045,19046,16490,19047,19048,19049,15053,19050,19051,19052
206,20600,'5',19053,19054,16814,19055,19056,19057,19058,19059,19060,19061,19062,19063,19064,19065,19066,19067,19068,19069,19070,19071,19072,19073,19074,19075,19076,19077
206,20600,'7',19078,19079,16483,19080,19081,19082,15365,15020,19083,19084
206,20601,'10',19085,19086,19087,19088,19089,19090,19091,19092,19093,19094,19095,16925,19096,15401,19097,16282,19098,19099,19100,19101
206,20601,'5',19102,19103,19104,19105,19106,19107,19108,19109,19110,19111,19112,19113,19114,19115,19116,19117,19118,19119,17192,19120,19121,19122,19123,19124,19125,19126,19127,17117,19128,19129,19130,19131,17125,19132,19133,19134,19135,19136,19137,19138,19139,19140,19141,19142,19143,19144,19145,19146,16993,19147,19148,19149,19150,19151,19152,19153
206,20601,'7',19154,19155,19156,19157,19158,19159,19160,19161,19162,19163,19164,19165,19166,19167,19168,19169,15370,16014,19170,19171
209,20900,'10',19172,19173,19174,19175
209,20900,'5',19176,19177,19178,19179,16416,19180,19181,19182,19183,19184,19185,19186,19187
209,20900,'7',19188,19189,19190,19191
209,20901,'10',19192,19193,14743,14647,14960,16682,19194,19195,17167,19196,19197,19198,14976,15849,19199,19200,19201,19202,19203,19204
209,20901,'5',19205,19206,19207,19208,19209,19210,19211,16857,19212,19213,19214,19215,19216,19217,19218,19219,17110,19220,19221,19222,19223,19224,19225,19226,19227,19228,19229,19230,19231,16294,19232,19233,19234,19235,19236,19237,19238,19239,19240,19241,19242,16635,19243,19244,19245,19246,19247,19248,19249,19250,19251,19252,19253,19254,19255,19256
209,20901,'7',19257,19258,19259,19260,19261,14692,19262,19263,15819,19264,19265,19266,19267,19268,15774,16570,19269,19270,19271,19272
210,21000,'10',19273,19274,19275,19276,19277,19278,19279,19280,19281
210,21000,'5',19282,19283,19284,16599,19285,19286,19287,19288,19289,19290,19291,19292,19293,19294,19295,19296,19297,19298,19299,19300,19301,19302,19303,16512,19304,19305,16519
210,21000,'7',19306,19307,19308,19309,19310,19311,19312,19313,19314
210,21001,'10',19315,19316,19317,19318,19319,19320,19321,19322,19323,19324
210,21001,'5',19325,19326,19327,19328,19329,19330,19331,19332,16902,19333,19334,19335,19336,19337,19338,19339,19340,19341,19342,16831,19343,19344,19345,19346,19347,19348,19349,19350
210,21001,'7',19351,19352,19353,19354,19355,19356,19357,19358,19359,19360
211,21100,'10',19361,19362,19363,19364,19365,14978,19366,19367,19368
211,21100,'5',19369,16594,16856,19370,19371,19372,19373,19374,19375,19376,19377,19378,19379,19380,19381,19382,19383,19384,19385,19386,19387,19388,19389,19390,19391,19392,19393
211,21100,'7',19394,19395,19396,19397,19398,19399,14798,19400,14932
211,21101,'10',19401,19402,19403,19404,19405,19406,19407,19408,19409
211,21101,'5',19410,19411,17190,19412,19413,19414,19415,19416,19417,19418,19419,19420,19421,19422,19423,19424,19425,19426,19427,19428,19429,19430,19431,19432,19433,16663,19434
211,21101,'7',19435,19436,19437,19438,15883,19439,19440,19441,19442
213,21300,'10',19443,19444,19445,19446
213,21300,'5',19447,19448,19449,19450,19451,19452,19453,19454,19455,19456,19457,19458,19459
213,21300,'7',19460,19461,19462,19463
213,21301,'10',19464,19465,19466,19467,19468,19469,19470,19471,19472,19473,19474
213,21301,'5',19475,19476,19477,19478,19479,19480,16929,19481,19482,19483,19484,19485,19486,19487,19488,19489,19490,19491,19492,17119,19493,19494,19495,16727,19496,19497,19498,19499,19500,19501,19502,19503,19504,19505,19506,19507,19508,19509,19510,19511
213,21301,'7',19512,19513,19514,19515,19516,19517,19518,19519,19520,19521,19522
214,21400,'10',19523,19524,19525,16587,15131
214,21400,'5',19526,19527,19528,19529,19530,19531,19532,19533,19534,16300,19535,19536,19537
214,21400,'7',19538,19539,19540,15095,19541
214,21401,'10',19542,19543,19544,19545,19546
214,21401,'5',19547,19548,19549,19550,19551,19552,19553,19554,19555,19556,16437,19557,19558
214,21401,'7',19559,19560,19561,19562,19563
216,21600,'10',19564,19565,15105,19566,14889,19567,10122,19568,15461,19569,19570,19571,19572,19573,19574,19575,19576,19577,19578,19579,19580,19581,19582,19583
216,21600,'5',19584,19585,19586,19587,19588,16810,19589,19590,19591,19592,19593,19594,19595,16901,19596,19597,19598,19599,19600,19601,16716,19602,19603,19604,19605,19606,19607,16610,19608,19609,19610,19611,19612,19613,19614,19615,19616,19617,19618,19619,19620,19621,19622,19623,19624,19625,19626,14176,19627,16350,19628,19629,19630,19631,19632,19633,19634,19635
216,21600,'7',19636,19637,15069,19638,14866,19639,12931,19640,15449,19641,19642,19643,19644,19645,19646,19647,19648,19649,19650,19651,19652,15897,19653,19654
216,21601,'10',19655,19656,19657,19658,16180,19659,19660,19661,19662,19663,15749,19664,16201,19665,19666,19667,19668,19669,19670,15063,19671,19672
216,21601,'5',19673,19674,19675,19676,16812,19677,19678,19679,19680,19681,19682,19683,19684,19685,19686,19687,19688,19689,19690,19691,19692,19693,19694,19695,19696,16293,19697,19698,16250,19699,19700,19701,19702,19703,19704,19705,19706,19707,19708,19709,16620,19710,19711,19712,19713,16429,16346,19714,19715,19716,19717,19718,19719,19720,19721,19722,19723,19724
216,21601,'7',19725,19726,15868,19727,16136,19728,19729,19730,19731,19732,15738,19733,16157,19734,19735,19736,19737,19738,19739,15030,19740,19741
