10500,'1',603,,21036,15,,,1,100,,21031,15,,,1,30,,21040,15,,,1,70,,21023,15,,,1,30,,21041,15,,,1,70,,21042,15,,,1,30,,21032,15,,,1,70,,21035,15,,,1,100,,21047,15,,,1,100,,21054,15,,,1,100,,21046,15,,,1,100,,21020,15,,,1,100,,21045,15,,,1,30,,21051,15,,,1,70,,21034,15,,,1,30,,21053,15,,,1,70,,21033,15,,,1,30,,21022,15,,,1,70,,21048,15,,,1
10500,'2',603,,21091,15,,,1,100,,21080,15,,,1,30,,21079,15,,,1,70,,21060,15,,,1,30,,21076,15,,,1,70,,17837,15,,,1,30,,17669,15,,,1,70,,21071,15,,,1,100,,21087,15,,,1,100,,21061,15,,,1,100,,21077,15,,,1,100,,21066,15,,,1,100,,21073,15,,,1,30,,21082,15,,,1,70,,21089,15,,,1,30,,21081,15,,,1,70,,21067,15,,,1,30,,21065,15,,,1,70,,21090,15,,,1
10500,'3',603,,21104,15,,,1,100,,21125,15,,,1,30,,21118,15,,,1,70,,21107,15,,,1,30,,21117,15,,,1,70,,21098,15,,,1,30,,21102,15,,,1,70,,21116,15,,,1,100,,21105,15,,,1,100,,21099,15,,,1,100,,21124,15,,,1,100,,21108,15,,,1,100,,21127,15,,,1,30,,21115,15,,,1,70,,21130,15,,,1,30,,21121,15,,,1,70,,21103,15,,,1,30,,21106,15,,,1,70,,21128,15,,,1
10500,'4',603,,21154,15,,,1,100,,21135,15,,,1,30,,21162,15,,,1,70,,21150,15,,,1,30,,21155,15,,,1,70,,21134,15,,,1,30,,21137,15,,,1,70,,21165,15,,,1,100,,21145,15,,,1,100,,21152,15,,,1,100,,21159,15,,,1,100,,21158,15,,,1,100,,21168,15,,,1,30,,21139,15,,,1,70,,21131,15,,,1,30,,21160,15,,,1,70,,21157,15,,,1,30,,21153,15,,,1,70,,21143,15,,,1
10500,'5',603,,21198,15,,,1,100,,21196,15,,,1,30,,21180,15,,,1,70,,21190,15,,,1,30,,21187,15,,,1,70,,21184,15,,,1,30,,21194,15,,,1,70,,21205,15,,,1,100,,21171,15,,,1,100,,21172,15,,,1,100,,21200,15,,,1,100,,21174,15,,,1,100,,21173,15,,,1,30,,21176,15,,,1,70,,21204,15,,,1,30,,21178,15,,,1,70,,21201,15,,,1,30,,21193,15,,,1,70,,21185,15,,,1
10500,'7',603,,21244,15,,,1,100,,21237,15,,,1,30,,21235,15,,,1,70,,21209,15,,,1,30,,21225,15,,,1,70,,21210,15,,,1,30,,21207,15,,,1,70,,21234,15,,,1,100,,21213,15,,,1,100,,21227,15,,,1,100,,21222,15,,,1,100,,21236,15,,,1,100,,21243,15,,,1,30,,21208,15,,,1,70,,21229,15,,,1,30,,21211,15,,,1,70,,21220,15,,,1,30,,21223,15,,,1,70,,21218,15,,,1
10500,'8',603,,21250,15,,,1,100,,21255,15,,,1,30,,21279,15,,,1,70,,21268,15,,,1,30,,21261,15,,,1,70,,21262,15,,,1,30,,21267,15,,,1,70,,21260,15,,,1,100,,21247,15,,,1,100,,21257,15,,,1,100,,21282,15,,,1,100,,21252,15,,,1,100,,21253,15,,,1,30,,21272,15,,,1,70,,21256,15,,,1,30,,21278,15,,,1,70,,21249,15,,,1,30,,21254,15,,,1,70,,21275,15,,,1
10500,'9',603,,21307,15,,,1,100,,21311,15,,,1,30,,21291,15,,,1,70,,21292,15,,,1,30,,21319,15,,,1,70,,21304,15,,,1,30,,21301,15,,,1,70,,21295,15,,,1,100,,21312,15,,,1,100,,21315,15,,,1,100,,21303,15,,,1,100,,21310,15,,,1,100,,21309,15,,,1,30,,21317,15,,,1,70,,21293,15,,,1,30,,21294,15,,,1,70,,21299,15,,,1,30,,21314,15,,,1,70,,21300,15,,,1
20500,'1',1902,,27170,12,,,1,100,,27164,12,,,1,100,,27171,12,,,1,100,,27165,12,,,1
20500,'10',702,,27182,12,,,1,100,,27187,12,,,1,100,,19499,12,,,1,100,,27177,12,,,1,100,,27176,12,,,1,100,,27175,12,,,1,100,,27185,12,,,1,100,,27196,12,,,1,100,,27180,12,,,1,100,,27195,12,,,1,100,,27183,12,,,1,100,,27190,12,,,1,100,,27178,12,,,1,100,,27198,12,,,1
20500,'11',702,,27200,12,,,1,100,,27216,12,,,1,100,,27201,12,,,1,100,,27224,12,,,1,100,,27215,12,,,1,100,,27220,12,,,1,100,,27223,12,,,1,100,,27213,12,,,1,100,,27210,12,,,1,100,,27221,12,,,1,100,,27226,12,,,1,100,,27214,12,,,1,100,,27209,12,,,1,100,,27218,12,,,1
20500,'2',1902,,27230,12,,,1,100,,27227,12,,,1,100,,27234,12,,,1,100,,27233,12,,,1
20500,'3',1902,,27237,12,,,1,100,,27235,12,,,1,100,,27240,12,,,1,100,,27241,12,,,1
20500,'4',1902,,27243,12,,,1,100,,27246,12,,,1,100,,27247,12,,,1,100,,27248,12,,,1
20500,'5',1902,,27256,12,,,1,100,,27253,12,,,1,100,,27251,12,,,1,100,,27254,12,,,1
20500,'6',702,,27284,12,,,1,100,,27277,12,,,1,100,,27286,12,,,1,100,,27283,12,,,1,100,,27281,12,,,1,100,,27279,12,,,1,100,,27261,12,,,1,100,,27268,12,,,1,100,,27272,12,,,1,100,,27275,12,,,1,100,,27280,12,,,1,100,,27263,12,,,1,100,,27285,12,,,1,100,,27262,12,,,1
20500,'7',1902,,27288,12,,,1,100,,27291,12,,,1,100,,27287,12,,,1,100,,27292,12,,,1
20500,'8',1902,,27299,12,,,1,100,,27297,12,,,1,100,,27302,12,,,1,100,,27298,12,,,1
20500,'9',1902,,27305,12,,,1,100,,27309,12,,,1,100,,27308,12,,,1,100,,27307,12,,,1
