11401,'1',649,,25223,25,,,1,100,,25228,25,,,1,100,,25220,25,,,1,100,,25219,25,,,1,100,,25230,25,,,1,100,,25227,25,,,1,100,,25226,25,,,1,100,,25225,25,,,1,100,,25229,25,,,1,100,,25222,25,,,1,100,,25224,25,,,1,100,,25221,25,,,1
11401,'2',649,,25242,25,,,1,100,,25234,25,,,1,100,,25240,25,,,1,100,,25232,25,,,1,100,,25238,25,,,1,100,,25239,25,,,1,100,,25233,25,,,1,100,,25236,25,,,1,100,,25231,25,,,1,100,,25235,25,,,1,100,,25237,25,,,1,100,,25241,25,,,1
11401,'3',649,,25245,25,,,1,100,,25247,25,,,1,100,,25243,25,,,1,100,,25248,25,,,1,100,,25251,25,,,1,100,,25254,25,,,1,100,,25250,25,,,1,100,,25252,25,,,1,100,,25253,25,,,1,100,,25244,25,,,1,100,,25246,25,,,1,100,,25249,25,,,1
11401,'4',649,,25256,25,,,1,100,,25257,25,,,1,100,,25261,25,,,1,100,,25258,25,,,1,100,,25255,25,,,1,100,,25263,25,,,1,100,,25264,25,,,1,100,,25262,25,,,1,100,,25260,25,,,1,100,,25265,25,,,1,100,,25259,25,,,1,100,,25266,25,,,1
11401,'5',649,,25270,25,,,1,100,,25273,25,,,1,100,,25271,25,,,1,100,,25275,25,,,1,100,,25277,25,,,1,100,,25272,25,,,1,100,,25274,25,,,1,100,,25268,25,,,1,100,,25278,25,,,1,100,,25267,25,,,1,100,,25276,25,,,1,100,,25269,25,,,1
11401,'7',649,,25280,25,,,1,100,,25283,25,,,1,100,,25286,25,,,1,100,,25290,25,,,1,100,,25289,25,,,1,100,,25287,25,,,1,100,,25282,25,,,1,100,,25285,25,,,1,100,,25281,25,,,1,100,,25279,25,,,1,100,,25288,25,,,1,100,,25284,25,,,1
11401,'8',649,,25299,25,,,1,100,,25298,25,,,1,100,,25301,25,,,1,100,,25292,25,,,1,100,,25295,25,,,1,100,,25294,25,,,1,100,,25302,25,,,1,100,,25300,25,,,1,100,,25291,25,,,1,100,,25296,25,,,1,100,,25297,25,,,1,100,,25293,25,,,1
11401,'9',649,,25312,25,,,1,100,,25308,25,,,1,100,,25305,25,,,1,100,,25314,25,,,1,100,,25310,25,,,1,100,,25307,25,,,1,100,,25304,25,,,1,100,,25306,25,,,1,100,,25309,25,,,1,100,,25311,25,,,1,100,,25303,25,,,1,100,,25313,25,,,1
21401,'1',1849,,29314,31,,,1,100,,29315,31,,,1,100,,29313,31,,,1,100,,29312,31,,,1,100,,29311,31,,,1
21401,'10',749,,29324,31,,,1,100,,29323,31,,,1,100,,29327,31,,,1,100,,29322,31,,,1,100,,29325,31,,,1,100,,29316,31,,,1,100,,29326,31,,,1,100,,29319,31,,,1,100,,29320,31,,,1,100,,17231,31,,,1,100,,29317,31,,,1,100,,29318,31,,,1,100,,29321,31,,,1
21401,'11',749,,29335,31,,,1,100,,29331,31,,,1,100,,29334,31,,,1,100,,29328,31,,,1,100,,29329,31,,,1,100,,29336,31,,,1,100,,29330,31,,,1,100,,29338,31,,,1,100,,29339,31,,,1,100,,29332,31,,,1,100,,29337,31,,,1,100,,29340,31,,,1,100,,29333,31,,,1
21401,'2',1849,,29344,31,,,1,100,,29343,31,,,1,100,,29342,31,,,1,100,,29341,31,,,1,100,,29345,31,,,1
21401,'3',1849,,29347,31,,,1,100,,29350,31,,,1,100,,29348,31,,,1,100,,29346,31,,,1,100,,29349,31,,,1
21401,'4',1849,,29354,31,,,1,100,,29352,31,,,1,100,,29355,31,,,1,100,,29353,31,,,1,100,,29351,31,,,1
21401,'5',1849,,29360,31,,,1,100,,29358,31,,,1,100,,29357,31,,,1,100,,29356,31,,,1,100,,29359,31,,,1
21401,'6',749,,29373,31,,,1,100,,29365,31,,,1,100,,29368,31,,,1,100,,29367,31,,,1,100,,29370,31,,,1,100,,29366,31,,,1,100,,29361,31,,,1,100,,29364,31,,,1,100,,29372,31,,,1,100,,29369,31,,,1,100,,29363,31,,,1,100,,29371,31,,,1,100,,29362,31,,,1
21401,'7',1849,,29377,31,,,1,100,,29374,31,,,1,100,,29375,31,,,1,100,,29378,31,,,1,100,,29376,31,,,1
21401,'8',1849,,29382,31,,,1,100,,29379,31,,,1,100,,29380,31,,,1,100,,29381,31,,,1,100,,29383,31,,,1
21401,'9',1849,,29388,31,,,1,100,,29386,31,,,1,100,,29387,31,,,1,100,,29385,31,,,1,100,,29384,31,,,1
