11101,'1',624,,24046,12,,,1,30,,24048,12,,,1,70,,24058,12,,,1,30,,24040,12,,,1,70,,24052,12,,,1,30,,24047,12,,,1,70,,24049,12,,,1,30,,24057,12,,,1,70,,24055,12,,,1,30,,24034,12,,,1,70,,24043,12,,,1,30,,24050,12,,,1,70,,24051,12,,,1,30,,24041,12,,,1,70,,24036,12,,,1,30,,24037,12,,,1,71,,24056,12,,,1,30,,24045,12,,,1,70,,24042,12,,,1,30,,24035,12,,,1,70,,24044,12,,,1,30,,24054,12,,,1,70,,24053,12,,,1,30,,24038,12,,,1,70,,24039,12,,,1
11101,'2',624,,24081,12,,,1,30,,24070,12,,,1,70,,24083,12,,,1,30,,24073,12,,,1,70,,24076,12,,,1,30,,24079,12,,,1,70,,24066,12,,,1,30,,24063,12,,,1,70,,24082,12,,,1,30,,24059,12,,,1,70,,24064,12,,,1,30,,24069,12,,,1,70,,24071,12,,,1,30,,24067,12,,,1,70,,24061,12,,,1,30,,24060,12,,,1,71,,24072,12,,,1,30,,24077,12,,,1,70,,24080,12,,,1,30,,24065,12,,,1,70,,24062,12,,,1,30,,24074,12,,,1,70,,24075,12,,,1,30,,24078,12,,,1,70,,24068,12,,,1
11101,'3',624,,24108,12,,,1,30,,24096,12,,,1,70,,24094,12,,,1,30,,24095,12,,,1,70,,24087,12,,,1,30,,24091,12,,,1,70,,24106,12,,,1,30,,24100,12,,,1,70,,24102,12,,,1,30,,24105,12,,,1,70,,24099,12,,,1,30,,24088,12,,,1,70,,24098,12,,,1,30,,24092,12,,,1,70,,24089,12,,,1,30,,24097,12,,,1,71,,24104,12,,,1,30,,24103,12,,,1,70,,24101,12,,,1,30,,24093,12,,,1,70,,24085,12,,,1,30,,24107,12,,,1,70,,24084,12,,,1,30,,24086,12,,,1,70,,24090,12,,,1
11101,'4',624,,24111,12,,,1,30,,24122,12,,,1,70,,24132,12,,,1,30,,24116,12,,,1,70,,24123,12,,,1,30,,24128,12,,,1,70,,24119,12,,,1,30,,24125,12,,,1,70,,24133,12,,,1,30,,24127,12,,,1,70,,24113,12,,,1,30,,24121,12,,,1,70,,24124,12,,,1,30,,24130,12,,,1,70,,24129,12,,,1,30,,24114,12,,,1,71,,24118,12,,,1,30,,24112,12,,,1,70,,24115,12,,,1,30,,24126,12,,,1,70,,24109,12,,,1,30,,24120,12,,,1,70,,24110,12,,,1,30,,24117,12,,,1,70,,24131,12,,,1
11101,'5',624,,24134,12,,,1,30,,24140,12,,,1,70,,24141,12,,,1,30,,24137,12,,,1,70,,24155,12,,,1,30,,24142,12,,,1,70,,24138,12,,,1,30,,24154,12,,,1,70,,24151,12,,,1,30,,24156,12,,,1,70,,24149,12,,,1,30,,24143,12,,,1,70,,24146,12,,,1,30,,24158,12,,,1,70,,24153,12,,,1,30,,24145,12,,,1,71,,24147,12,,,1,30,,24135,12,,,1,70,,24148,12,,,1,30,,24136,12,,,1,70,,24139,12,,,1,30,,24152,12,,,1,70,,24157,12,,,1,30,,24150,12,,,1,70,,24144,12,,,1
11101,'7',624,,24182,12,,,1,30,,24176,12,,,1,70,,24161,12,,,1,30,,24171,12,,,1,70,,24165,12,,,1,30,,24180,12,,,1,70,,24172,12,,,1,30,,24175,12,,,1,70,,24179,12,,,1,30,,24160,12,,,1,70,,24181,12,,,1,30,,24164,12,,,1,70,,24173,12,,,1,30,,24170,12,,,1,70,,24178,12,,,1,30,,24177,12,,,1,71,,24166,12,,,1,30,,24163,12,,,1,70,,24174,12,,,1,30,,24162,12,,,1,70,,24159,12,,,1,30,,24169,12,,,1,70,,24168,12,,,1,30,,24167,12,,,1,70,,24183,12,,,1
11101,'8',624,,24203,12,,,1,30,,24197,12,,,1,70,,24185,12,,,1,30,,24201,12,,,1,70,,24190,12,,,1,30,,24188,12,,,1,70,,24192,12,,,1,30,,24198,12,,,1,70,,24202,12,,,1,30,,24193,12,,,1,70,,24184,12,,,1,30,,24196,12,,,1,70,,24208,12,,,1,30,,24207,12,,,1,70,,24205,12,,,1,30,,24206,12,,,1,71,,24187,12,,,1,30,,24200,12,,,1,70,,24194,12,,,1,30,,24186,12,,,1,70,,24195,12,,,1,30,,24204,12,,,1,70,,24191,12,,,1,30,,24189,12,,,1,70,,24199,12,,,1
11101,'9',624,,24209,12,,,1,30,,24223,12,,,1,70,,24225,12,,,1,30,,24224,12,,,1,70,,24230,12,,,1,30,,24210,12,,,1,70,,24212,12,,,1,30,,24218,12,,,1,70,,24215,12,,,1,30,,24221,12,,,1,70,,24231,12,,,1,30,,24227,12,,,1,70,,24226,12,,,1,30,,24211,12,,,1,70,,24220,12,,,1,30,,24216,12,,,1,71,,24219,12,,,1,30,,24213,12,,,1,70,,24222,12,,,1,30,,24217,12,,,1,70,,24233,12,,,1,30,,24228,12,,,1,70,,24232,12,,,1,30,,24229,12,,,1,70,,24214,12,,,1
21101,'1',1854,,28806,12,,,1,70,,28803,12,,,1,30,,28805,12,,,1,70,,28804,12,,,1,30,,28808,12,,,1,70,,28802,12,,,1,30,,28801,12,,,1,70,,28809,12,,,1,30,,28807,12,,,1
21101,'10',724,,28819,12,,,1,30,,28825,12,,,1,70,,28829,12,,,1,30,,28828,12,,,1,70,,28826,12,,,1,30,,28817,12,,,1,70,,28836,12,,,1,30,,28813,12,,,1,70,,28822,12,,,1,30,,28823,12,,,1,70,,28827,12,,,1,30,,28833,12,,,1,70,,28811,12,,,1,30,,28815,12,,,1,70,,28824,12,,,1,30,,28835,12,,,1,70,,28816,12,,,1,30,,28810,12,,,1,70,,28812,12,,,1,30,,28814,12,,,1,70,,28832,12,,,1,30,,28821,12,,,1,70,,28831,12,,,1,30,,28818,12,,,1,70,,28830,12,,,1,30,,28834,12,,,1,70,,28820,12,,,1
21101,'11',724,,28853,12,,,1,30,,28854,12,,,1,70,,28845,12,,,1,30,,28838,12,,,1,70,,28837,12,,,1,30,,28861,12,,,1,70,,28841,12,,,1,30,,28843,12,,,1,70,,28860,12,,,1,30,,28863,12,,,1,70,,28840,12,,,1,30,,28852,12,,,1,70,,28848,12,,,1,30,,28839,12,,,1,70,,28858,12,,,1,30,,28857,12,,,1,70,,28850,12,,,1,30,,28846,12,,,1,70,,28851,12,,,1,30,,28842,12,,,1,70,,28859,12,,,1,30,,28856,12,,,1,70,,28844,12,,,1,30,,28855,12,,,1,70,,28862,12,,,1,30,,28847,12,,,1,70,,28849,12,,,1
21101,'2',1854,,28870,12,,,1,70,,28866,12,,,1,30,,28868,12,,,1,70,,28871,12,,,1,30,,28864,12,,,1,70,,28865,12,,,1,30,,28867,12,,,1,70,,28869,12,,,1,30,,28872,12,,,1
21101,'3',1854,,28880,12,,,1,70,,28873,12,,,1,30,,28881,12,,,1,70,,28877,12,,,1,30,,28878,12,,,1,70,,28874,12,,,1,30,,28875,12,,,1,70,,28876,12,,,1,30,,28879,12,,,1
21101,'4',1854,,28885,12,,,1,70,,28886,12,,,1,30,,28884,12,,,1,70,,28887,12,,,1,30,,28883,12,,,1,70,,28882,12,,,1,30,,28888,12,,,1,70,,28889,12,,,1,30,,28890,12,,,1
21101,'5',1854,,28893,12,,,1,70,,28891,12,,,1,30,,28894,12,,,1,70,,28896,12,,,1,30,,28892,12,,,1,70,,28899,12,,,1,30,,28895,12,,,1,70,,28898,12,,,1,30,,28897,12,,,1
21101,'6',724,,28919,12,,,1,30,,28913,12,,,1,70,,28903,12,,,1,30,,28909,12,,,1,70,,28900,12,,,1,30,,28905,12,,,1,70,,28926,12,,,1,30,,28904,12,,,1,70,,28901,12,,,1,30,,28915,12,,,1,70,,28923,12,,,1,30,,28916,12,,,1,70,,28920,12,,,1,30,,28924,12,,,1,70,,28911,12,,,1,30,,28918,12,,,1,70,,28907,12,,,1,30,,28921,12,,,1,70,,28914,12,,,1,30,,28902,12,,,1,70,,28925,12,,,1,30,,28922,12,,,1,70,,28910,12,,,1,30,,28917,12,,,1,70,,28908,12,,,1,30,,28912,12,,,1,70,,28906,12,,,1
21101,'7',1854,,28933,12,,,1,70,,28934,12,,,1,30,,28930,12,,,1,70,,28928,12,,,1,30,,28932,12,,,1,70,,28935,12,,,1,30,,28931,12,,,1,70,,28929,12,,,1,30,,28927,12,,,1
21101,'8',1854,,28940,12,,,1,70,,28937,12,,,1,30,,28941,12,,,1,70,,28943,12,,,1,30,,28939,12,,,1,70,,28938,12,,,1,30,,28944,12,,,1,70,,28936,12,,,1,30,,28942,12,,,1
21101,'9',1854,,28946,12,,,1,70,,28953,12,,,1,30,,28952,12,,,1,70,,28950,12,,,1,30,,28948,12,,,1,70,,28947,12,,,1,30,,28951,12,,,1,70,,28949,12,,,1,30,,28945,12,,,1
