11300,'1',631,,24507,17,,,1,100,,24518,17,,,1,100,,24513,17,,,1,100,,24510,17,,,1,100,,24522,17,,,1,100,,19261,17,,,1,100,,24521,17,,,1,100,,24506,17,,,1,100,,24525,17,,,1,100,,24532,17,,,1,100,,24523,17,,,1,100,,24528,17,,,1,100,,24527,17,,,1
11300,'2',631,,24538,17,,,1,100,,24542,17,,,1,100,,24556,17,,,1,100,,24552,17,,,1,100,,24548,17,,,1,100,,24534,17,,,1,100,,24546,17,,,1,100,,24533,17,,,1,100,,24563,17,,,1,100,,24570,17,,,1,100,,24541,17,,,1,100,,24566,17,,,1,100,,24557,17,,,1
11300,'3',631,,24609,17,,,1,100,,24582,17,,,1,100,,24573,17,,,1,100,,24586,17,,,1,100,,24575,17,,,1,100,,24606,17,,,1,100,,24580,17,,,1,100,,24594,17,,,1,100,,24592,17,,,1,100,,24591,17,,,1,100,,24576,17,,,1,100,,24598,17,,,1,100,,24574,17,,,1
11300,'4',631,,24637,17,,,1,100,,24647,17,,,1,100,,24642,17,,,1,100,,24634,17,,,1,100,,24619,17,,,1,100,,24628,17,,,1,100,,24630,17,,,1,100,,24618,17,,,1,100,,24617,17,,,1,100,,24629,17,,,1,100,,24633,17,,,1,100,,24632,17,,,1,100,,24643,17,,,1
11300,'5',631,,24671,17,,,1,100,,24668,17,,,1,100,,24653,17,,,1,100,,24652,17,,,1,100,,24674,17,,,1,100,,24667,17,,,1,100,,24686,17,,,1,100,,24658,17,,,1,100,,24650,17,,,1,100,,24682,17,,,1,100,,24679,17,,,1,100,,24675,17,,,1,100,,24677,17,,,1
11300,'7',631,,24711,17,,,1,100,,24719,17,,,1,100,,24724,17,,,1,100,,24700,17,,,1,100,,24716,17,,,1,100,,24718,17,,,1,100,,24726,17,,,1,100,,24720,17,,,1,100,,24709,17,,,1,100,,24703,17,,,1,100,,24696,17,,,1,100,,24704,17,,,1,100,,24722,17,,,1
11300,'8',631,,24759,17,,,1,100,,24727,17,,,1,100,,24758,17,,,1,100,,24755,17,,,1,100,,24764,17,,,1,100,,24730,17,,,1,100,,24751,17,,,1,100,,24754,17,,,1,100,,24752,17,,,1,100,,24765,17,,,1,100,,24729,17,,,1,100,,24756,17,,,1,100,,24744,17,,,1
11300,'9',631,,24778,17,,,1,100,,24797,17,,,1,100,,24795,17,,,1,100,,24766,17,,,1,100,,24772,17,,,1,100,,24801,17,,,1,100,,24803,17,,,1,100,,24773,17,,,1,100,,24770,17,,,1,100,,24787,17,,,1,100,,24798,17,,,1,100,,24768,17,,,1,100,,24780,17,,,1
21300,'1',1930,,28956,17,,,1,100,,28955,17,,,1,100,,28957,17,,,1,100,,28954,17,,,1
21300,'10',730,,28959,17,,,1,100,,28970,17,,,1,100,,28966,17,,,1,100,,28964,17,,,1,100,,28962,17,,,1,100,,28961,17,,,1,100,,28969,17,,,1,100,,28960,17,,,1,100,,28965,17,,,1,100,,28958,17,,,1,100,,28963,17,,,1,100,,28968,17,,,1,100,,28967,17,,,1
21300,'11',730,,28980,17,,,1,100,,28978,17,,,1,100,,28974,17,,,1,100,,28983,17,,,1,100,,28982,17,,,1,100,,28972,17,,,1,100,,28981,17,,,1,100,,28973,17,,,1,100,,28979,17,,,1,100,,28977,17,,,1,100,,28971,17,,,1,100,,28976,17,,,1,100,,28975,17,,,1
21300,'2',1930,,28985,17,,,1,100,,28987,17,,,1,100,,28986,17,,,1,100,,28984,17,,,1
21300,'3',1930,,28989,17,,,1,100,,28988,17,,,1,100,,28990,17,,,1,100,,28991,17,,,1
21300,'4',1930,,28992,17,,,1,100,,28993,17,,,1,100,,28994,17,,,1,100,,28995,17,,,1
21300,'5',1930,,28998,17,,,1,100,,28996,17,,,1,100,,28999,17,,,1,100,,28997,17,,,1
21300,'6',730,,29009,17,,,1,100,,29010,17,,,1,100,,29003,17,,,1,100,,29002,17,,,1,100,,29000,17,,,1,100,,29005,17,,,1,100,,29001,17,,,1,100,,29008,17,,,1,100,,29006,17,,,1,100,,29011,17,,,1,100,,29004,17,,,1,100,,29007,17,,,1,100,,29012,17,,,1
21300,'7',1930,,29015,17,,,1,100,,29016,17,,,1,100,,29014,17,,,1,100,,29013,17,,,1
21300,'8',1930,,29018,17,,,1,100,,29020,17,,,1,100,,29019,17,,,1,100,,29017,17,,,1
21300,'9',1930,,29023,17,,,1,100,,29021,17,,,1,100,,29024,17,,,1,100,,29022,17,,,1
