10200,'1',647,,20030,4,,,1,70,,20042,4,,,1,30,,20040,4,,,1,70,,20039,4,,,1,30,,20031,4,,,1,70,,20035,4,,,1,30,,20041,4,,,1,100,,20029,4,,,1,100,,20038,4,,,1,100,,20044,4,,,1,100,,20046,4,,,1,100,,20036,4,,,1,70,,20034,4,,,1,30,,20043,4,,,1,70,,20037,4,,,1,30,,20032,4,,,1,70,,20033,4,,,1,30,,20045,4,,,1
10200,'2',647,,20063,4,,,1,70,,20064,4,,,1,30,,20059,4,,,1,70,,20048,4,,,1,30,,20054,4,,,1,70,,20053,4,,,1,30,,20057,4,,,1,100,,20058,4,,,1,100,,20051,4,,,1,100,,20056,4,,,1,100,,20047,4,,,1,100,,20049,4,,,1,70,,20060,4,,,1,30,,20052,4,,,1,70,,20062,4,,,1,30,,20050,4,,,1,70,,20055,4,,,1,30,,20061,4,,,1
10200,'3',647,,20071,4,,,1,70,,20073,4,,,1,30,,20065,4,,,1,70,,20078,4,,,1,30,,20067,4,,,1,70,,20077,4,,,1,30,,20066,4,,,1,100,,20079,4,,,1,100,,20072,4,,,1,100,,20069,4,,,1,100,,20068,4,,,1,100,,20080,4,,,1,70,,20076,4,,,1,30,,20081,4,,,1,70,,20082,4,,,1,30,,20074,4,,,1,70,,20070,4,,,1,30,,20075,4,,,1
10200,'4',647,,20097,4,,,1,70,,20086,4,,,1,30,,20085,4,,,1,70,,20083,4,,,1,30,,20088,4,,,1,70,,20094,4,,,1,30,,20099,4,,,1,100,,20095,4,,,1,100,,20093,4,,,1,100,,20089,4,,,1,100,,20091,4,,,1,100,,20092,4,,,1,70,,20087,4,,,1,30,,20100,4,,,1,70,,20096,4,,,1,30,,20098,4,,,1,70,,20090,4,,,1,30,,20084,4,,,1
10200,'5',647,,20118,4,,,1,70,,20109,4,,,1,30,,20108,4,,,1,70,,20111,4,,,1,30,,20104,4,,,1,70,,20106,4,,,1,30,,20105,4,,,1,100,,20103,4,,,1,100,,20114,4,,,1,100,,20112,4,,,1,100,,20110,4,,,1,100,,20115,4,,,1,70,,20101,4,,,1,30,,20113,4,,,1,70,,20102,4,,,1,30,,20107,4,,,1,70,,20117,4,,,1,30,,20116,4,,,1
10200,'7',647,,20119,4,,,1,70,,20131,4,,,1,30,,20133,4,,,1,70,,20125,4,,,1,30,,20130,4,,,1,70,,20134,4,,,1,30,,20129,4,,,1,100,,20120,4,,,1,100,,20128,4,,,1,100,,20132,4,,,1,100,,20136,4,,,1,100,,20122,4,,,1,70,,20126,4,,,1,30,,20121,4,,,1,70,,20124,4,,,1,30,,20135,4,,,1,70,,20127,4,,,1,30,,20123,4,,,1
10200,'8',647,,20139,4,,,1,70,,20137,4,,,1,30,,20148,4,,,1,70,,20153,4,,,1,30,,20138,4,,,1,70,,20150,4,,,1,30,,20145,4,,,1,100,,20142,4,,,1,100,,20152,4,,,1,100,,20154,4,,,1,100,,20144,4,,,1,100,,20143,4,,,1,70,,20147,4,,,1,30,,20149,4,,,1,70,,20140,4,,,1,30,,20146,4,,,1,70,,20151,4,,,1,30,,20141,4,,,1
10200,'9',647,,20165,4,,,1,70,,20164,4,,,1,30,,20166,4,,,1,70,,20163,4,,,1,30,,20171,4,,,1,70,,20168,4,,,1,30,,20156,4,,,1,100,,20169,4,,,1,100,,20160,4,,,1,100,,20159,4,,,1,100,,20161,4,,,1,100,,20157,4,,,1,70,,20158,4,,,1,30,,20162,4,,,1,70,,20170,4,,,1,30,,20172,4,,,1,70,,20155,4,,,1,30,,20167,4,,,1
11001,'1',618,,23642,4,,,1,30,,23654,4,,,1,70,,23643,4,,,1,30,,23650,4,,,1,70,,23633,4,,,1,30,,23638,4,,,1,70,,23640,4,,,1,30,,23632,4,,,1,70,,23637,4,,,1,30,,23653,4,,,1,70,,23652,4,,,1,30,,23645,4,,,1,70,,23656,4,,,1,30,,23647,4,,,1,70,,23646,4,,,1,30,,23634,4,,,1,70,,23636,4,,,1,30,,23639,4,,,1,70,,23648,4,,,1,30,,23644,4,,,1,70,,23649,4,,,1,30,,23641,4,,,1,70,,23655,4,,,1,30,,23651,4,,,1,70,,23635,4,,,1
11001,'2',618,,23671,4,,,1,30,,23670,4,,,1,70,,23673,4,,,1,30,,23667,4,,,1,70,,23675,4,,,1,30,,23665,4,,,1,70,,23678,4,,,1,30,,23657,4,,,1,70,,23674,4,,,1,30,,23669,4,,,1,70,,23659,4,,,1,30,,23661,4,,,1,70,,23672,4,,,1,30,,18124,4,,,1,70,,23664,4,,,1,30,,23660,4,,,1,70,,23666,4,,,1,30,,18251,4,,,1,70,,23677,4,,,1,30,,23676,4,,,1,70,,23679,4,,,1,30,,23668,4,,,1,70,,23662,4,,,1,30,,23663,4,,,1,70,,23658,4,,,1
11001,'3',618,,23696,4,,,1,30,,23701,4,,,1,70,,23693,4,,,1,30,,23702,4,,,1,70,,23681,4,,,1,30,,23695,4,,,1,70,,23704,4,,,1,30,,23682,4,,,1,70,,23698,4,,,1,30,,23692,4,,,1,70,,23688,4,,,1,30,,23689,4,,,1,70,,23683,4,,,1,30,,23687,4,,,1,70,,23691,4,,,1,30,,23680,4,,,1,70,,23699,4,,,1,30,,23690,4,,,1,70,,23694,4,,,1,30,,23700,4,,,1,70,,23685,4,,,1,30,,23686,4,,,1,70,,23703,4,,,1,30,,23684,4,,,1,70,,23697,4,,,1
11001,'4',618,,23708,4,,,1,30,,23706,4,,,1,70,,23712,4,,,1,30,,23724,4,,,1,70,,23718,4,,,1,30,,23728,4,,,1,70,,23719,4,,,1,30,,23723,4,,,1,70,,23729,4,,,1,30,,23725,4,,,1,70,,23705,4,,,1,30,,23720,4,,,1,70,,23709,4,,,1,30,,23714,4,,,1,70,,23711,4,,,1,30,,23727,4,,,1,70,,23721,4,,,1,30,,23722,4,,,1,70,,23707,4,,,1,30,,23713,4,,,1,70,,23726,4,,,1,30,,23716,4,,,1,70,,23715,4,,,1,30,,23710,4,,,1,70,,23717,4,,,1
11001,'5',618,,23730,4,,,1,30,,23748,4,,,1,70,,23741,4,,,1,30,,23740,4,,,1,70,,23745,4,,,1,30,,23750,4,,,1,70,,23737,4,,,1,30,,23731,4,,,1,70,,23752,4,,,1,30,,23746,4,,,1,70,,23744,4,,,1,30,,23742,4,,,1,70,,23738,4,,,1,30,,23732,4,,,1,70,,23747,4,,,1,30,,23743,4,,,1,70,,23739,4,,,1,30,,23733,4,,,1,70,,23736,4,,,1,30,,23749,4,,,1,70,,23753,4,,,1,30,,23735,4,,,1,70,,23734,4,,,1,30,,23751,4,,,1,70,,23754,4,,,1
11001,'7',618,,23763,4,,,1,30,,23777,4,,,1,70,,23776,4,,,1,30,,23768,4,,,1,70,,23767,4,,,1,30,,23769,4,,,1,70,,23775,4,,,1,30,,23766,4,,,1,70,,23765,4,,,1,30,,23774,4,,,1,70,,23779,4,,,1,30,,23773,4,,,1,70,,23764,4,,,1,30,,23761,4,,,1,70,,23771,4,,,1,30,,23758,4,,,1,70,,23770,4,,,1,30,,23755,4,,,1,70,,23772,4,,,1,30,,23757,4,,,1,70,,23778,4,,,1,30,,23759,4,,,1,70,,23756,4,,,1,30,,23762,4,,,1,70,,23760,4,,,1
11001,'8',618,,23789,4,,,1,30,,23790,4,,,1,70,,23792,4,,,1,30,,23794,4,,,1,70,,23801,4,,,1,30,,23788,4,,,1,70,,23781,4,,,1,30,,23797,4,,,1,70,,23795,4,,,1,30,,23787,4,,,1,70,,23804,4,,,1,30,,23784,4,,,1,70,,23800,4,,,1,30,,23783,4,,,1,70,,23786,4,,,1,30,,23803,4,,,1,70,,23799,4,,,1,30,,23796,4,,,1,70,,23802,4,,,1,30,,23793,4,,,1,70,,23782,4,,,1,30,,23798,4,,,1,70,,23780,4,,,1,30,,23791,4,,,1,70,,23785,4,,,1
11001,'9',618,,23827,4,,,1,30,,23829,4,,,1,70,,23808,4,,,1,30,,23819,4,,,1,70,,23811,4,,,1,30,,23813,4,,,1,70,,23805,4,,,1,30,,23814,4,,,1,70,,23826,4,,,1,30,,23820,4,,,1,70,,23817,4,,,1,30,,23810,4,,,1,70,,23828,4,,,1,30,,23807,4,,,1,70,,23825,4,,,1,30,,23809,4,,,1,70,,23812,4,,,1,30,,23815,4,,,1,70,,23816,4,,,1,30,,23821,4,,,1,70,,23806,4,,,1,30,,23818,4,,,1,70,,23822,4,,,1,30,,23823,4,,,1,70,,23824,4,,,1
11501,'1',717,,25465,4,,,1,30,,25492,4,,,1,70,,18790,4,,,1,30,,25476,4,,,1,70,,25460,4,,,1,30,,25483,4,,,1,70,,25473,4,,,1,100,,25487,4,,,1,100,,25466,4,,,1,100,,25488,4,,,1,100,,25475,4,,,1,100,,25478,4,,,1,30,,25489,4,,,1,70,,25480,4,,,1,30,,25463,4,,,1,70,,25472,4,,,1,30,,25495,4,,,1,70,,25482,4,,,1
11501,'2',717,,25515,4,,,1,30,,25528,4,,,1,70,,16761,4,,,1,30,,25532,4,,,1,70,,25526,4,,,1,30,,25503,4,,,1,70,,25512,4,,,1,100,,25521,4,,,1,100,,25529,4,,,1,100,,18354,4,,,1,100,,25505,4,,,1,100,,25498,4,,,1,30,,25497,4,,,1,70,,25525,4,,,1,30,,25507,4,,,1,70,,25517,4,,,1,30,,25520,4,,,1,70,,25506,4,,,1
11501,'3',717,,25548,4,,,1,30,,25536,4,,,1,70,,25542,4,,,1,30,,25549,4,,,1,70,,25571,4,,,1,30,,25535,4,,,1,70,,25555,4,,,1,100,,25538,4,,,1,100,,25550,4,,,1,100,,25554,4,,,1,100,,25566,4,,,1,100,,25539,4,,,1,30,,25559,4,,,1,70,,25540,4,,,1,30,,25561,4,,,1,70,,25551,4,,,1,30,,25543,4,,,1,70,,25537,4,,,1
11501,'4',717,,25604,4,,,1,30,,25611,4,,,1,70,,25582,4,,,1,30,,25578,4,,,1,70,,25596,4,,,1,30,,25580,4,,,1,70,,25591,4,,,1,100,,25585,4,,,1,100,,25601,4,,,1,100,,25593,4,,,1,100,,25586,4,,,1,100,,25605,4,,,1,30,,25603,4,,,1,70,,25589,4,,,1,30,,25576,4,,,1,70,,25606,4,,,1,30,,25583,4,,,1,70,,25581,4,,,1
11501,'5',717,,25623,4,,,1,30,,25614,4,,,1,70,,25616,4,,,1,30,,25632,4,,,1,70,,25631,4,,,1,30,,25627,4,,,1,70,,25621,4,,,1,100,,25641,4,,,1,100,,25620,4,,,1,100,,25635,4,,,1,100,,25650,4,,,1,100,,25626,4,,,1,30,,25642,4,,,1,70,,25648,4,,,1,30,,25640,4,,,1,70,,25617,4,,,1,30,,25646,4,,,1,70,,25639,4,,,1
11501,'7',717,,25656,4,,,1,30,,25672,4,,,1,70,,25683,4,,,1,30,,25665,4,,,1,70,,25668,4,,,1,30,,25669,4,,,1,70,,25651,4,,,1,100,,25686,4,,,1,100,,25653,4,,,1,100,,25688,4,,,1,100,,25657,4,,,1,100,,25685,4,,,1,30,,25684,4,,,1,70,,25662,4,,,1,30,,25687,4,,,1,70,,25673,4,,,1,30,,25664,4,,,1,70,,25655,4,,,1
11501,'8',717,,25712,4,,,1,30,,25716,4,,,1,70,,25708,4,,,1,30,,25698,4,,,1,70,,25694,4,,,1,30,,25728,4,,,1,70,,25693,4,,,1,100,,25720,4,,,1,100,,25722,4,,,1,100,,25703,4,,,1,100,,25714,4,,,1,100,,25707,4,,,1,30,,25697,4,,,1,70,,25699,4,,,1,30,,25727,4,,,1,70,,25719,4,,,1,30,,25724,4,,,1,70,,25691,4,,,1
11501,'9',717,,25736,4,,,1,30,,25732,4,,,1,70,,25752,4,,,1,30,,25748,4,,,1,70,,25746,4,,,1,30,,25737,4,,,1,70,,25733,4,,,1,100,,25767,4,,,1,100,,25747,4,,,1,100,,25750,4,,,1,100,,25743,4,,,1,100,,25734,4,,,1,30,,25744,4,,,1,70,,25739,4,,,1,30,,25763,4,,,1,70,,25757,4,,,1,30,,25754,4,,,1,70,,25766,4,,,1
21001,'1',1848,,28496,4,,,1,70,,28488,4,,,1,30,,28495,4,,,1,70,,28490,4,,,1,30,,28491,4,,,1,70,,28489,4,,,1,30,,28497,4,,,1,70,,28493,4,,,1,30,,28492,4,,,1,70,,28494,4,,,1
21001,'10',718,,28506,4,,,1,30,,28522,4,,,1,70,,28503,4,,,1,30,,28518,4,,,1,70,,28514,4,,,1,30,,28507,4,,,1,70,,28510,4,,,1,30,,28512,4,,,1,70,,28498,4,,,1,30,,28521,4,,,1,70,,28523,4,,,1,30,,28513,4,,,1,70,,28517,4,,,1,30,,28500,4,,,1,70,,28515,4,,,1,30,,28516,4,,,1,70,,28520,4,,,1,30,,28505,4,,,1,70,,28501,4,,,1,30,,28508,4,,,1,70,,28504,4,,,1,30,,28519,4,,,1,70,,28524,4,,,1,30,,28499,4,,,1,70,,28511,4,,,1,30,,28509,4,,,1,70,,28502,4,,,1,30,,19132,4,,,1
21001,'11',718,,28539,4,,,1,30,,28530,4,,,1,70,,28537,4,,,1,30,,28540,4,,,1,70,,28527,4,,,1,30,,28532,4,,,1,70,,28552,4,,,1,30,,28542,4,,,1,70,,28546,4,,,1,30,,28534,4,,,1,70,,28525,4,,,1,30,,28549,4,,,1,70,,28538,4,,,1,30,,28544,4,,,1,70,,28541,4,,,1,30,,28551,4,,,1,70,,28543,4,,,1,30,,28550,4,,,1,70,,28547,4,,,1,30,,28533,4,,,1,70,,28529,4,,,1,30,,28526,4,,,1,70,,28545,4,,,1,30,,28536,4,,,1,70,,28528,4,,,1,30,,28535,4,,,1,70,,28548,4,,,1,30,,28531,4,,,1
21001,'2',1848,,28557,4,,,1,70,,28553,4,,,1,30,,28559,4,,,1,70,,28562,4,,,1,30,,28556,4,,,1,70,,28555,4,,,1,30,,28560,4,,,1,70,,28558,4,,,1,30,,28554,4,,,1,70,,28561,4,,,1
21001,'3',1848,,28563,4,,,1,70,,28566,4,,,1,30,,28571,4,,,1,70,,28569,4,,,1,30,,28567,4,,,1,70,,28565,4,,,1,30,,28572,4,,,1,70,,28570,4,,,1,30,,28564,4,,,1,70,,28568,4,,,1
21001,'4',1848,,28577,4,,,1,70,,28574,4,,,1,30,,28573,4,,,1,70,,28581,4,,,1,30,,28576,4,,,1,70,,28579,4,,,1,30,,28582,4,,,1,70,,28578,4,,,1,30,,28575,4,,,1,70,,28580,4,,,1
21001,'5',1848,,28590,4,,,1,70,,28584,4,,,1,30,,28591,4,,,1,70,,28583,4,,,1,30,,28587,4,,,1,70,,28586,4,,,1,30,,28589,4,,,1,70,,28588,4,,,1,30,,28592,4,,,1,70,,28585,4,,,1
21001,'6',718,,28596,4,,,1,30,,28620,4,,,1,70,,28594,4,,,1,30,,28595,4,,,1,70,,28614,4,,,1,30,,28603,4,,,1,70,,28605,4,,,1,30,,28598,4,,,1,70,,28609,4,,,1,30,,28617,4,,,1,70,,28613,4,,,1,30,,28597,4,,,1,70,,28612,4,,,1,30,,28607,4,,,1,70,,28606,4,,,1,30,,28602,4,,,1,70,,28610,4,,,1,30,,28608,4,,,1,70,,28616,4,,,1,30,,28599,4,,,1,70,,28593,4,,,1,30,,28600,4,,,1,70,,28618,4,,,1,30,,28611,4,,,1,70,,28601,4,,,1,30,,28615,4,,,1,70,,28619,4,,,1,30,,28604,4,,,1
21001,'7',1848,,28623,4,,,1,70,,28628,4,,,1,30,,28625,4,,,1,70,,28629,4,,,1,30,,28630,4,,,1,70,,28621,4,,,1,30,,28627,4,,,1,70,,28622,4,,,1,30,,28626,4,,,1,70,,28624,4,,,1
21001,'8',1848,,28640,4,,,1,70,,28631,4,,,1,30,,28639,4,,,1,70,,28632,4,,,1,30,,28635,4,,,1,70,,28633,4,,,1,30,,28637,4,,,1,70,,28634,4,,,1,30,,28638,4,,,1,70,,28636,4,,,1
21001,'9',1848,,28648,4,,,1,70,,28645,4,,,1,30,,28643,4,,,1,70,,28646,4,,,1,30,,28641,4,,,1,70,,28650,4,,,1,30,,28644,4,,,1,70,,28647,4,,,1,30,,28642,4,,,1,70,,28649,4,,,1
