10300,'1',640,,20317,18,,,1,100,,20326,18,,,1,70,,20325,18,,,1,30,,20323,18,,,1,70,,20320,18,,,1,30,,20330,18,,,1,70,,20334,18,,,1,30,,20329,18,,,1,100,,20327,18,,,1,100,,20318,18,,,1,100,,20324,18,,,1,100,,20322,18,,,1,100,,20319,18,,,1,70,,20316,18,,,1,30,,20321,18,,,1,70,,20332,18,,,1,30,,20328,18,,,1,70,,20333,18,,,1,30,,20331,18,,,1
10300,'2',640,,20347,18,,,1,100,,20349,18,,,1,70,,20345,18,,,1,30,,20338,18,,,1,70,,20351,18,,,1,30,,20335,18,,,1,70,,20340,18,,,1,30,,20339,18,,,1,100,,18114,18,,,1,100,,20336,18,,,1,100,,20342,18,,,1,100,,20337,18,,,1,100,,20343,18,,,1,70,,20346,18,,,1,30,,20350,18,,,1,70,,20348,18,,,1,30,,20352,18,,,1,70,,20344,18,,,1,30,,20341,18,,,1
10300,'3',640,,20353,18,,,1,100,,20362,18,,,1,70,,20369,18,,,1,30,,20358,18,,,1,70,,20363,18,,,1,30,,20354,18,,,1,70,,20364,18,,,1,30,,20367,18,,,1,100,,20370,18,,,1,100,,20371,18,,,1,100,,20355,18,,,1,100,,20356,18,,,1,100,,20359,18,,,1,70,,20365,18,,,1,30,,20361,18,,,1,70,,20357,18,,,1,30,,20366,18,,,1,70,,20360,18,,,1,30,,20368,18,,,1
10300,'4',640,,20390,18,,,1,100,,20388,18,,,1,70,,20376,18,,,1,30,,20377,18,,,1,70,,20389,18,,,1,30,,20387,18,,,1,70,,20382,18,,,1,30,,20378,18,,,1,100,,20374,18,,,1,100,,20372,18,,,1,100,,20375,18,,,1,100,,20383,18,,,1,100,,20381,18,,,1,70,,20373,18,,,1,30,,20386,18,,,1,70,,20385,18,,,1,30,,20380,18,,,1,70,,20379,18,,,1,30,,20384,18,,,1
10300,'5',640,,20400,18,,,1,100,,20403,18,,,1,70,,20395,18,,,1,30,,20397,18,,,1,70,,20405,18,,,1,30,,20407,18,,,1,70,,20409,18,,,1,30,,20394,18,,,1,100,,20404,18,,,1,100,,20401,18,,,1,100,,20396,18,,,1,100,,20398,18,,,1,100,,20406,18,,,1,70,,20399,18,,,1,30,,20393,18,,,1,70,,20402,18,,,1,30,,20392,18,,,1,70,,20408,18,,,1,30,,20391,18,,,1
10300,'7',640,,20423,18,,,1,100,,20419,18,,,1,70,,20417,18,,,1,30,,20428,18,,,1,70,,20427,18,,,1,30,,20421,18,,,1,70,,20422,18,,,1,30,,20413,18,,,1,100,,20411,18,,,1,100,,20414,18,,,1,100,,20426,18,,,1,100,,20412,18,,,1,100,,20420,18,,,1,70,,20415,18,,,1,30,,20424,18,,,1,70,,20425,18,,,1,30,,20418,18,,,1,70,,20410,18,,,1,30,,20416,18,,,1
10300,'8',640,,20442,18,,,1,100,,20439,18,,,1,70,,20432,18,,,1,30,,20444,18,,,1,70,,20433,18,,,1,30,,20435,18,,,1,70,,20441,18,,,1,30,,20434,18,,,1,100,,20429,18,,,1,100,,20436,18,,,1,100,,20447,18,,,1,100,,20438,18,,,1,100,,20445,18,,,1,70,,20437,18,,,1,30,,20443,18,,,1,70,,20446,18,,,1,30,,20430,18,,,1,70,,20431,18,,,1,30,,20440,18,,,1
10300,'9',640,,20448,18,,,1,100,,20458,18,,,1,70,,20457,18,,,1,30,,20464,18,,,1,70,,20452,18,,,1,30,,20462,18,,,1,70,,20453,18,,,1,30,,20461,18,,,1,100,,20460,18,,,1,100,,20449,18,,,1,100,,20450,18,,,1,100,,20459,18,,,1,100,,20465,18,,,1,70,,20463,18,,,1,30,,20454,18,,,1,70,,20455,18,,,1,30,,20451,18,,,1,70,,20466,18,,,1,30,,20456,18,,,1
10301,'1',611,,20467,8,,,1,100,,20476,8,,,1,30,,20474,8,,,1,70,,20481,8,,,1,30,,20479,8,,,1,70,,20483,8,,,1,30,,20471,8,,,1,70,,20478,8,,,1,100,,20473,8,,,1,100,,20469,8,,,1,100,,20480,8,,,1,100,,20470,8,,,1,100,,20485,8,,,1,30,,17632,8,,,1,70,,20477,8,,,1,30,,20475,8,,,1,70,,20484,8,,,1,30,,20472,8,,,1,70,,20482,8,,,1,30,,20468,8,,,1
10301,'2',611,,20487,8,,,1,100,,20493,8,,,1,30,,20491,8,,,1,70,,20488,8,,,1,30,,20486,8,,,1,70,,20498,8,,,1,30,,20503,8,,,1,70,,20495,8,,,1,100,,20504,8,,,1,100,,20499,8,,,1,100,,20494,8,,,1,100,,20490,8,,,1,100,,20505,8,,,1,30,,20489,8,,,1,70,,20497,8,,,1,30,,20496,8,,,1,70,,20500,8,,,1,30,,20492,8,,,1,70,,20501,8,,,1,30,,20502,8,,,1
10301,'3',611,,20511,8,,,1,100,,20521,8,,,1,30,,20509,8,,,1,70,,20515,8,,,1,30,,20512,8,,,1,70,,20507,8,,,1,30,,20506,8,,,1,70,,20518,8,,,1,100,,20508,8,,,1,100,,20522,8,,,1,100,,20516,8,,,1,100,,20523,8,,,1,100,,20513,8,,,1,30,,20510,8,,,1,70,,20524,8,,,1,30,,20517,8,,,1,70,,20520,8,,,1,30,,20514,8,,,1,70,,20519,8,,,1,30,,20525,8,,,1
10301,'4',611,,20534,8,,,1,100,,20531,8,,,1,30,,20529,8,,,1,70,,20533,8,,,1,30,,20537,8,,,1,70,,20532,8,,,1,30,,20538,8,,,1,70,,20527,8,,,1,100,,20535,8,,,1,100,,20528,8,,,1,100,,20543,8,,,1,100,,20540,8,,,1,100,,20530,8,,,1,30,,20542,8,,,1,70,,20536,8,,,1,30,,20539,8,,,1,70,,20544,8,,,1,30,,20545,8,,,1,70,,20541,8,,,1,30,,20526,8,,,1
10301,'5',611,,20562,8,,,1,100,,20547,8,,,1,30,,20550,8,,,1,70,,20558,8,,,1,30,,20549,8,,,1,70,,20560,8,,,1,30,,20565,8,,,1,70,,20564,8,,,1,100,,20554,8,,,1,100,,20548,8,,,1,100,,20546,8,,,1,100,,20561,8,,,1,100,,20559,8,,,1,30,,20556,8,,,1,70,,20555,8,,,1,30,,20551,8,,,1,70,,20563,8,,,1,30,,20557,8,,,1,70,,20553,8,,,1,30,,20552,8,,,1
10301,'7',611,,20583,8,,,1,100,,20579,8,,,1,30,,20568,8,,,1,70,,20570,8,,,1,30,,20574,8,,,1,70,,20580,8,,,1,30,,20566,8,,,1,70,,20576,8,,,1,100,,20585,8,,,1,100,,20573,8,,,1,100,,20571,8,,,1,100,,20575,8,,,1,100,,20578,8,,,1,30,,20567,8,,,1,70,,20577,8,,,1,30,,20584,8,,,1,70,,20582,8,,,1,30,,20581,8,,,1,70,,20569,8,,,1,30,,20572,8,,,1
10301,'8',611,,20594,8,,,1,100,,20588,8,,,1,30,,20596,8,,,1,70,,20602,8,,,1,30,,20598,8,,,1,70,,20600,8,,,1,30,,20592,8,,,1,70,,20593,8,,,1,100,,20595,8,,,1,100,,20591,8,,,1,100,,20586,8,,,1,100,,20590,8,,,1,100,,20605,8,,,1,30,,20597,8,,,1,70,,20603,8,,,1,30,,20601,8,,,1,70,,20604,8,,,1,30,,20599,8,,,1,70,,20587,8,,,1,30,,20589,8,,,1
10301,'9',611,,20611,8,,,1,100,,20607,8,,,1,30,,20610,8,,,1,70,,20612,8,,,1,30,,20614,8,,,1,70,,20625,8,,,1,30,,20618,8,,,1,70,,20623,8,,,1,100,,20609,8,,,1,100,,20622,8,,,1,100,,20621,8,,,1,100,,20615,8,,,1,100,,20613,8,,,1,30,,20620,8,,,1,70,,20617,8,,,1,30,,20619,8,,,1,70,,20608,8,,,1,30,,20616,8,,,1,70,,20624,8,,,1,30,,20606,8,,,1
