10601,'1',558,,21756,6,,,1,100,,21766,6,,,1,70,,21752,6,,,1,30,,21767,6,,,1,70,,21760,6,,,1,30,,21758,6,,,1,70,,21754,6,0,17,1,30,,21755,6,,,1,100,,21757,6,,,1,100,,21764,6,,,1,100,,18489,6,,,1,100,,21759,6,,,1,70,,21765,6,,,1,30,,21763,6,,,1,70,,21753,6,,,1,30,,21770,6,,,1,70,,21769,6,,,1,30,,21761,6,,,1,70,,21762,6,,,1,30,,21768,6,,,1
10601,'2',558,,21775,6,,,1,100,,21776,6,,,1,70,,21790,6,,,1,30,,21780,6,,,1,70,,21788,6,,,1,30,,21784,6,,,1,70,,21778,6,0,17,1,30,,21782,6,,,1,100,,21787,6,,,1,100,,21786,6,,,1,100,,21771,6,,,1,100,,21779,6,,,1,70,,21773,6,,,1,30,,21772,6,,,1,70,,21785,6,,,1,30,,21777,6,,,1,70,,21781,6,,,1,30,,21783,6,,,1,70,,21789,6,,,1,30,,21774,6,,,1
10601,'3',558,,21802,6,,,1,100,,21803,6,,,1,70,,21799,6,,,1,30,,21797,6,,,1,70,,21795,6,,,1,30,,21798,6,,,1,70,,21804,6,0,17,1,30,,21793,6,,,1,100,,21808,6,,,1,100,,21805,6,,,1,100,,21810,6,,,1,100,,21792,6,,,1,70,,21807,6,,,1,30,,21800,6,,,1,70,,21791,6,,,1,30,,21794,6,,,1,70,,21806,6,,,1,30,,21796,6,,,1,70,,21809,6,,,1,30,,21801,6,,,1
10601,'4',558,,21812,6,,,1,100,,21818,6,,,1,70,,21822,6,,,1,30,,21820,6,,,1,70,,21828,6,,,1,30,,21830,6,,,1,70,,21819,6,0,17,1,30,,21815,6,,,1,100,,21821,6,,,1,100,,21814,6,,,1,100,,21816,6,,,1,100,,21826,6,,,1,70,,21825,6,,,1,30,,21823,6,,,1,70,,21813,6,,,1,30,,21829,6,,,1,70,,21824,6,,,1,30,,21811,6,,,1,70,,21817,6,,,1,30,,21827,6,,,1
10601,'5',558,,21840,6,,,1,100,,21834,6,,,1,70,,21835,6,,,1,30,,21833,6,,,1,70,,21838,6,,,1,30,,21843,6,,,1,70,,21849,6,0,17,1,30,,21845,6,,,1,100,,21839,6,,,1,100,,21848,6,,,1,100,,21842,6,,,1,100,,21832,6,,,1,70,,21846,6,,,1,30,,21844,6,,,1,70,,21837,6,,,1,30,,21841,6,,,1,70,,21850,6,,,1,30,,21831,6,,,1,70,,21836,6,,,1,30,,21847,6,,,1
10601,'7',558,,21851,6,,,1,100,,21868,6,,,1,70,,21853,6,,,1,30,,21865,6,,,1,70,,21863,6,,,1,30,,21857,6,,,1,70,,21864,6,0,17,1,30,,21867,6,,,1,100,,21861,6,,,1,100,,21866,6,,,1,100,,21860,6,,,1,100,,21856,6,,,1,70,,21854,6,,,1,30,,21859,6,,,1,70,,21862,6,,,1,30,,21855,6,,,1,70,,21870,6,,,1,30,,21858,6,,,1,70,,21869,6,,,1,30,,21852,6,,,1
10601,'8',558,,21882,6,,,1,100,,21875,6,,,1,70,,21888,6,,,1,30,,21877,6,,,1,70,,21879,6,,,1,30,,21881,6,,,1,70,,21890,6,0,17,1,30,,21886,6,,,1,100,,21885,6,,,1,100,,21874,6,,,1,100,,21889,6,,,1,100,,21880,6,,,1,70,,21872,6,,,1,30,,21883,6,,,1,70,,21878,6,,,1,30,,21884,6,,,1,70,,21887,6,,,1,30,,21876,6,,,1,70,,21873,6,,,1,30,,21871,6,,,1
10601,'9',558,,21902,6,,,1,100,,21895,6,,,1,70,,21903,6,,,1,30,,21893,6,,,1,70,,21904,6,,,1,30,,21910,6,,,1,70,,21901,6,0,17,1,30,,21900,6,,,1,100,,21897,6,,,1,100,,21898,6,,,1,100,,21909,6,,,1,100,,21896,6,,,1,70,,21899,6,,,1,30,,21907,6,,,1,70,,21908,6,,,1,30,,21905,6,,,1,70,,21894,6,,,1,30,,21891,6,,,1,70,,21892,6,,,1,30,,21906,6,,,1
11201,'1',712,,24332,8,,,1,100,,24338,8,,,1,100,,24328,8,,,1,100,,24335,8,,,1,100,,24329,8,,,1,100,,24325,8,,,1,100,,24326,8,,,1,100,,24340,8,,,1,100,,17429,8,,,1,100,,24327,8,,,1,100,,24342,8,,,1
11201,'2',712,,24350,8,,,1,100,,24361,8,,,1,100,,24344,8,,,1,100,,24349,8,,,1,100,,24343,8,,,1,100,,24357,8,,,1,100,,24363,8,,,1,100,,24362,8,,,1,100,,24355,8,,,1,100,,24358,8,,,1,100,,24351,8,,,1
11201,'3',712,,24376,8,,,1,100,,24381,8,,,1,100,,24379,8,,,1,100,,24370,8,,,1,100,,24369,8,,,1,100,,24384,8,,,1,100,,24373,8,,,1,100,,24372,8,,,1,100,,24377,8,,,1,100,,24368,8,,,1,100,,24375,8,,,1
11201,'4',712,,24388,8,,,1,100,,24400,8,,,1,100,,24398,8,,,1,100,,24389,8,,,1,100,,24386,8,,,1,100,,24397,8,,,1,100,,24395,8,,,1,100,,24399,8,,,1,100,,24396,8,,,1,100,,24390,8,,,1,100,,24402,8,,,1
11201,'5',712,,24416,8,,,1,100,,24410,8,,,1,100,,24409,8,,,1,100,,24420,8,,,1,100,,24411,8,,,1,100,,24425,8,,,1,100,,24424,8,,,1,100,,24422,8,,,1,100,,24414,8,,,1,100,,24415,8,,,1,100,,24421,8,,,1
11201,'7',712,,24434,8,,,1,100,,24436,8,,,1,100,,24445,8,,,1,100,,24433,8,,,1,100,,24439,8,,,1,100,,24443,8,,,1,100,,24446,8,,,1,100,,24444,8,,,1,100,,24450,8,,,1,100,,24437,8,,,1,100,,24430,8,,,1
11201,'8',712,,24455,8,,,1,100,,24462,8,,,1,100,,24453,8,,,1,100,,24457,8,,,1,100,,24458,8,,,1,100,,24465,8,,,1,100,,24464,8,,,1,100,,24463,8,,,1,100,,24471,8,,,1,100,,24460,8,,,1,100,,24470,8,,,1
11201,'9',712,,24475,8,,,1,100,,24489,8,,,1,100,,24492,8,,,1,100,,24483,8,,,1,100,,24495,8,,,1,100,,24493,8,,,1,100,,24486,8,,,1,100,,24476,8,,,1,100,,24490,8,,,1,100,,24491,8,,,1,100,,24480,8,,,1
20601,'1',1832,,27629,6,,,1,70,,27630,6,,,1,30,,27615,6,,,1,70,,27624,6,,,1,30,,27625,6,,,1,70,,27633,6,,,1,30,,27623,6,,,1,70,,27626,6,,,1,30,,27628,6,,,1,70,,27631,6,,,1
20601,'10',659,,27668,6,,,1,70,,27673,6,,,1,30,,27638,6,,,1,70,,27680,6,,,1,30,,27657,6,,,1,70,,27635,6,,,1,30,,27672,6,,,1,70,,27642,6,,,1,30,,27650,6,,,1,70,,27653,6,,,1,30,,27656,6,,,1,70,,27675,6,,,1,30,,27682,6,,,1,70,,27647,6,,,1,30,,27665,6,,,1,70,,27688,6,,,1,30,,27640,6,,,1,70,,27684,6,,,1,30,,27636,6,,,1,70,,27644,6,,,1,30,,27681,6,,,1,70,,27671,6,,,1,30,,19502,6,,,1,70,,27679,6,,,1,30,,27639,6,,,1,70,,27646,6,,,1,30,,27651,6,,,1,70,,27661,6,,,1
20601,'11',659,,27723,6,,,1,70,,27699,6,,,1,30,,27707,6,,,1,70,,27727,6,,,1,30,,27744,6,,,1,70,,27736,6,,,1,30,,27717,6,,,1,70,,27742,6,,,1,30,,27712,6,,,1,70,,27701,6,,,1,30,,27719,6,,,1,70,,27713,6,,,1,30,,27694,6,,,1,70,,27725,6,,,1,30,,27709,6,,,1,70,,27704,6,,,1,30,,27695,6,,,1,70,,27690,6,,,1,30,,27692,6,,,1,70,,27739,6,,,1,30,,27737,6,,,1,70,,27735,6,,,1,30,,27711,6,,,1,70,,27729,6,,,1,30,,27705,6,,,1,70,,27743,6,,,1,30,,27698,6,,,1,70,,27741,6,,,1
20601,'2',1832,,27754,6,,,1,70,,27751,6,,,1,30,,18171,6,,,1,70,,27760,6,,,1,30,,27756,6,,,1,70,,27762,6,,,1,30,,27759,6,,,1,70,,27747,6,,,1,30,,27757,6,,,1,70,,27749,6,,,1
20601,'3',1832,,27774,6,,,1,70,,27769,6,,,1,30,,27767,6,,,1,70,,27764,6,,,1,30,,27777,6,,,1,70,,27782,6,,,1,30,,27781,6,,,1,70,,27772,6,,,1,30,,27780,6,,,1,70,,27775,6,,,1
20601,'4',1832,,27787,6,,,1,70,,27798,6,,,1,30,,27800,6,,,1,70,,27797,6,,,1,30,,27792,6,,,1,70,,27786,6,,,1,30,,27801,6,,,1,70,,27784,6,,,1,30,,27790,6,,,1,70,,27802,6,,,1
20601,'5',1832,,27805,6,,,1,70,,27823,6,,,1,30,,27811,6,,,1,70,,27809,6,,,1,30,,27806,6,,,1,70,,27818,6,,,1,30,,27817,6,,,1,70,,27821,6,,,1,30,,27807,6,,,1,70,,27813,6,,,1
20601,'6',659,,27869,6,,,1,70,,27865,6,,,1,30,,27863,6,,,1,70,,27827,6,,,1,30,,27844,6,,,1,70,,27842,6,,,1,30,,27873,6,,,1,70,,27828,6,,,1,30,,27874,6,,,1,70,,27829,6,,,1,30,,27868,6,,,1,70,,27847,6,,,1,30,,27839,6,,,1,70,,27879,6,,,1,30,,27867,6,,,1,70,,27825,6,,,1,30,,27862,6,,,1,70,,27860,6,,,1,30,,27871,6,,,1,70,,27831,6,,,1,30,,27857,6,,,1,70,,27872,6,,,1,30,,27856,6,,,1,70,,27878,6,,,1,30,,27834,6,,,1,70,,27835,6,,,1,30,,27837,6,,,1,70,,27876,6,,,1
20601,'7',1832,,27888,6,,,1,70,,27885,6,,,1,30,,27897,6,,,1,70,,27890,6,,,1,30,,27896,6,,,1,70,,27886,6,,,1,30,,27882,6,,,1,70,,27895,6,,,1,30,,27893,6,,,1,70,,27898,6,,,1
20601,'8',1832,,27901,6,,,1,70,,27909,6,,,1,30,,27905,6,,,1,70,,27913,6,,,1,30,,27906,6,,,1,70,,27917,6,,,1,30,,27918,6,,,1,70,,27902,6,,,1,30,,27900,6,,,1,70,,27907,6,,,1
20601,'9',1832,,27920,6,,,1,70,,27936,6,,,1,30,,27928,6,,,1,70,,27939,6,,,1,30,,27937,6,,,1,70,,27923,6,,,1,30,,27925,6,,,1,70,,27935,6,,,1,30,,27931,6,,,1,70,,27930,6,,,1
