10501,'1',624,,17262,15,,,1,100,,21325,15,,,1,30,,18349,15,,,1,70,,21334,15,,,1,30,,21348,15,,,1,70,,15602,15,,,1,30,,21341,15,,,1,70,,21337,15,,,1,100,,21330,15,,,1,100,,21347,15,,,1,100,,21331,15,,,1,100,,21332,15,,,1,100,,21350,15,,,1,30,,18105,15,,,1,70,,21343,15,,,1,30,,21354,15,,,1,70,,21339,15,,,1,30,,21346,15,,,1,70,,21328,15,,,1
10501,'2',624,,21388,15,,,1,100,,21355,15,,,1,30,,21364,15,,,1,70,,21358,15,,,1,30,,21360,15,,,1,70,,21361,15,,,1,30,,21375,15,,,1,70,,21362,15,,,1,100,,21365,15,,,1,100,,21381,15,,,1,100,,21380,15,,,1,100,,21385,15,,,1,100,,21363,15,,,1,30,,14153,15,,,1,70,,21384,15,,,1,30,,21371,15,,,1,70,,21370,15,,,1,30,,21356,15,,,1,70,,21366,15,,,1
10501,'3',624,,21404,15,,,1,100,,21405,15,,,1,30,,21411,15,,,1,70,,21415,15,,,1,30,,21412,15,,,1,70,,21419,15,,,1,30,,21413,15,,,1,70,,21402,15,,,1,100,,21422,15,,,1,100,,21426,15,,,1,100,,21421,15,,,1,100,,21394,15,,,1,100,,21395,15,,,1,30,,21410,15,,,1,70,,21399,15,,,1,30,,21418,15,,,1,70,,21416,15,,,1,30,,21391,15,,,1,70,,21420,15,,,1
10501,'4',624,,21457,15,,,1,100,,21441,15,,,1,30,,21447,15,,,1,70,,21443,15,,,1,30,,21462,15,,,1,70,,21438,15,,,1,30,,21433,15,,,1,70,,21440,15,,,1,100,,21434,15,,,1,100,,21437,15,,,1,100,,21431,15,,,1,100,,21448,15,,,1,100,,21449,15,,,1,30,,21445,15,,,1,70,,21429,15,,,1,30,,21439,15,,,1,70,,21442,15,,,1,30,,21428,15,,,1,70,,21451,15,,,1
10501,'5',624,,21496,15,,,1,100,,21472,15,,,1,30,,21467,15,,,1,70,,21495,15,,,1,30,,21494,15,,,1,70,,21491,15,,,1,30,,21503,15,,,1,70,,21487,15,,,1,100,,21488,15,,,1,100,,21466,15,,,1,100,,21500,15,,,1,100,,21497,15,,,1,100,,21480,15,,,1,30,,21483,15,,,1,70,,21468,15,,,1,30,,21502,15,,,1,70,,21482,15,,,1,30,,21479,15,,,1,70,,21474,15,,,1
10501,'7',624,,21540,15,,,1,100,,21539,15,,,1,30,,21521,15,,,1,70,,21538,15,,,1,30,,21535,15,,,1,70,,21511,15,,,1,30,,21516,15,,,1,70,,21518,15,,,1,100,,21525,15,,,1,100,,21510,15,,,1,100,,21522,15,,,1,100,,21523,15,,,1,100,,21533,15,,,1,30,,21531,15,,,1,70,,21507,15,,,1,30,,21520,15,,,1,70,,21508,15,,,1,30,,21541,15,,,1,70,,21524,15,,,1
10501,'8',624,,21558,15,,,1,100,,21553,15,,,1,30,,21543,15,,,1,70,,21545,15,,,1,30,,21572,15,,,1,70,,21548,15,,,1,30,,21573,15,,,1,70,,21569,15,,,1,100,,21554,15,,,1,100,,21571,15,,,1,100,,21568,15,,,1,100,,21577,15,,,1,100,,21564,15,,,1,30,,21574,15,,,1,70,,21578,15,,,1,30,,21579,15,,,1,70,,21565,15,,,1,30,,21570,15,,,1,70,,21567,15,,,1
10501,'9',624,,21605,15,,,1,100,,21585,15,,,1,30,,21580,15,,,1,70,,21583,15,,,1,30,,21584,15,,,1,70,,21587,15,,,1,30,,21608,15,,,1,70,,21595,15,,,1,100,,21602,15,,,1,100,,21604,15,,,1,100,,21609,15,,,1,100,,21613,15,,,1,100,,21616,15,,,1,30,,21599,15,,,1,70,,21589,15,,,1,30,,21593,15,,,1,70,,21588,15,,,1,30,,21612,15,,,1,70,,21582,15,,,1
20501,'1',1923,,27313,13,,,1,100,,27312,13,,,1,100,,27315,13,,,1,100,,27317,13,,,1
20501,'10',723,,27318,13,,,1,100,,27345,13,,,1,100,,27321,13,,,1,100,,27330,13,,,1,100,,27323,13,,,1,100,,27331,13,,,1,100,,27342,13,,,1,100,,27329,13,,,1,100,,27343,13,,,1,100,,27336,13,,,1,100,,27337,13,,,1,100,,27319,13,,,1,100,,27328,13,,,1,100,,27332,13,,,1
20501,'11',723,,27370,13,,,1,100,,27349,13,,,1,100,,27363,13,,,1,100,,27352,13,,,1,100,,27365,13,,,1,100,,27348,13,,,1,100,,27361,13,,,1,100,,27358,13,,,1,100,,27346,13,,,1,100,,27367,13,,,1,100,,27351,13,,,1,100,,27360,13,,,1,100,,27368,13,,,1,100,,27366,13,,,1
20501,'2',1923,,27381,13,,,1,100,,27380,13,,,1,100,,27375,13,,,1,100,,27374,13,,,1
20501,'3',1923,,27388,13,,,1,100,,27384,13,,,1,100,,27386,13,,,1,100,,27385,13,,,1
20501,'4',1923,,27396,13,,,1,100,,27397,13,,,1,100,,27390,13,,,1,100,,27391,13,,,1
20501,'5',1923,,27398,13,,,1,100,,27403,13,,,1,100,,27400,13,,,1,100,,27404,13,,,1
20501,'6',723,,27431,13,,,1,100,,27422,13,,,1,100,,27421,13,,,1,100,,27423,13,,,1,100,,27414,13,,,1,100,,27415,13,,,1,100,,27419,13,,,1,100,,27407,13,,,1,100,,27428,13,,,1,100,,27413,13,,,1,100,,27427,13,,,1,100,,27425,13,,,1,100,,27418,13,,,1,100,,27416,13,,,1
20501,'7',1923,,27435,13,,,1,100,,27434,13,,,1,100,,27436,13,,,1,100,,27440,13,,,1
20501,'8',1923,,27448,13,,,1,100,,27444,13,,,1,100,,27442,13,,,1,100,,27446,13,,,1
20501,'9',1923,,27455,13,,,1,100,,27456,13,,,1,100,,27454,13,,,1,100,,27451,13,,,1
