10701,'1',600,,17499,3,,,1,100,,22095,3,,,1,30,,22085,3,,,1,70,,22078,3,,,1,30,,22106,3,,,1,70,,22102,3,,,1,100,,22094,3,,,1,100,,22109,3,,,1,100,,22081,3,,,1,100,,22089,3,,,1,100,,22068,3,,,1,30,,22088,3,,,1,70,,22093,3,,,1,30,,22069,3,,,1,70,,22110,3,,,1,30,,22083,3,,,1,70,,22098,3,,,1,30,,22114,3,,,1,70,,22076,3,,,1,100,,22059,3,,,1
10701,'2',600,,22128,3,,,1,100,,22160,3,,,1,30,,22122,3,,,1,70,,22140,3,,,1,30,,22120,3,,,1,70,,22154,3,,,1,100,,22146,3,,,1,100,,22148,3,,,1,100,,22127,3,,,1,100,,22137,3,,,1,100,,22125,3,,,1,30,,22133,3,,,1,70,,22145,3,,,1,30,,22138,3,,,1,70,,22166,3,,,1,30,,22164,3,,,1,70,,22119,3,,,1,30,,22129,3,,,1,70,,22130,3,,,1,100,,22169,3,,,1
10701,'3',600,,22208,3,,,1,100,,22189,3,,,1,30,,22230,3,,,1,70,,22188,3,,,1,30,,22213,3,,,1,70,,22203,3,,,1,100,,22204,3,,,1,100,,22214,3,,,1,100,,22200,3,,,1,100,,22176,3,,,1,100,,22223,3,,,1,30,,22222,3,,,1,70,,22199,3,,,1,30,,22177,3,,,1,70,,22178,3,,,1,30,,22192,3,,,1,70,,22224,3,,,1,30,,22235,3,,,1,70,,22180,3,,,1,100,,22193,3,,,1
10701,'4',600,,22252,3,,,1,100,,22258,3,,,1,30,,22294,3,,,1,70,,22290,3,,,1,30,,22277,3,,,1,70,,22265,3,,,1,100,,22245,3,,,1,100,,22269,3,,,1,100,,22285,3,,,1,100,,22257,3,,,1,100,,22273,3,,,1,30,,22289,3,,,1,70,,22253,3,,,1,30,,22282,3,,,1,70,,22264,3,,,1,30,,22244,3,,,1,70,,22293,3,,,1,30,,22291,3,,,1,70,,22283,3,,,1,100,,22260,3,,,1
10701,'5',600,,22355,3,,,1,100,,22321,3,,,1,30,,22346,3,,,1,70,,22334,3,,,1,30,,22330,3,,,1,70,,22354,3,,,1,100,,22320,3,,,1,100,,22311,3,,,1,100,,22325,3,,,1,100,,22315,3,,,1,100,,22306,3,,,1,30,,22338,3,,,1,70,,22328,3,,,1,30,,22327,3,,,1,70,,22312,3,,,1,30,,22336,3,,,1,70,,22304,3,,,1,30,,22309,3,,,1,70,,22331,3,,,1,100,,22332,3,,,1
10701,'7',600,,22382,3,,,1,100,,22369,3,,,1,30,,22384,3,,,1,70,,22371,3,,,1,30,,22393,3,,,1,70,,22379,3,,,1,100,,22375,3,,,1,100,,22400,3,,,1,100,,22402,3,,,1,100,,22368,3,,,1,100,,22360,3,,,1,30,,22405,3,,,1,70,,22387,3,,,1,30,,22357,3,,,1,70,,22363,3,,,1,30,,22412,3,,,1,70,,22365,3,,,1,30,,22370,3,,,1,70,,22396,3,,,1,100,,22356,3,,,1
10701,'8',600,,22435,3,,,1,100,,22432,3,,,1,30,,22465,3,,,1,70,,22429,3,,,1,30,,22442,3,,,1,70,,22434,3,,,1,100,,22447,3,,,1,100,,22424,3,,,1,100,,22446,3,,,1,100,,22430,3,,,1,100,,22474,3,,,1,30,,22422,3,,,1,70,,22421,3,,,1,30,,22462,3,,,1,70,,22473,3,,,1,30,,22439,3,,,1,70,,22463,3,,,1,30,,22436,3,,,1,70,,22455,3,,,1,100,,22467,3,,,1
10701,'9',600,,22497,3,,,1,100,,22483,3,,,1,30,,22477,3,,,1,70,,22525,3,,,1,30,,22503,3,,,1,70,,22484,3,,,1,100,,22488,3,,,1,100,,22511,3,,,1,100,,22512,3,,,1,100,,22527,3,,,1,100,,22491,3,,,1,30,,22501,3,,,1,70,,22529,3,,,1,30,,22508,3,,,1,70,,22521,3,,,1,30,,22493,3,,,1,70,,22485,3,,,1,30,,22516,3,,,1,70,,22531,3,,,1,100,,22479,3,,,1
21401,'1',1841,,29314,12,,,1,100,,29315,12,,,1,100,,29313,12,,,1,100,,29312,12,,,1,100,,29311,12,,,1
21401,'10',741,,29324,12,,,1,100,,29323,12,,,1,100,,29327,12,,,1,100,,29322,12,,,1,100,,29325,12,,,1,100,,29316,12,,,1,100,,29326,12,,,1,100,,29319,12,,,1,100,,29320,12,,,1,100,,17231,12,,,1,100,,29317,12,,,1,100,,29318,12,,,1,100,,29321,12,,,1
21401,'11',741,,29335,12,,,1,100,,29331,12,,,1,100,,29334,12,,,1,100,,29328,12,,,1,100,,29329,12,,,1,100,,29336,12,,,1,100,,29330,12,,,1,100,,29338,12,,,1,100,,29339,12,,,1,100,,29332,12,,,1,100,,29337,12,,,1,100,,29340,12,,,1,100,,29333,12,,,1
21401,'2',1841,,29344,12,,,1,100,,29343,12,,,1,100,,29342,12,,,1,100,,29341,12,,,1,100,,29345,12,,,1
21401,'3',1841,,29347,12,,,1,100,,29350,12,,,1,100,,29348,12,,,1,100,,29346,12,,,1,100,,29349,12,,,1
21401,'4',1841,,29354,12,,,1,100,,29352,12,,,1,100,,29355,12,,,1,100,,29353,12,,,1,100,,29351,12,,,1
21401,'5',1841,,29360,12,,,1,100,,29358,12,,,1,100,,29357,12,,,1,100,,29356,12,,,1,100,,29359,12,,,1
21401,'6',741,,29373,12,,,1,100,,29365,12,,,1,100,,29368,12,,,1,100,,29367,12,,,1,100,,29370,12,,,1,100,,29366,12,,,1,100,,29361,12,,,1,100,,29364,12,,,1,100,,29372,12,,,1,100,,29369,12,,,1,100,,29363,12,,,1,100,,29371,12,,,1,100,,29362,12,,,1
21401,'7',1841,,29377,12,,,1,100,,29374,12,,,1,100,,29375,12,,,1,100,,29378,12,,,1,100,,29376,12,,,1
21401,'8',1841,,29382,12,,,1,100,,29379,12,,,1,100,,29380,12,,,1,100,,29381,12,,,1,100,,29383,12,,,1
21401,'9',1841,,29388,12,,,1,100,,29386,12,,,1,100,,29387,12,,,1,100,,29385,12,,,1,100,,29384,12,,,1
