10600,'1',650,,21619,18,,,1,100,,21625,18,,,1,70,,21632,18,,,1,30,,21627,18,,,1,70,,21621,18,,,1,30,,21626,18,,,1,100,,21629,18,,,1,100,,21631,18,,,1,100,,21618,18,,,1,100,,16062,18,,,1,100,,21633,18,,,1,70,,21620,18,,,1,30,,21623,18,,,1,70,,21622,18,,,1,23,,21630,18,,,1,77,,21628,18,,,1,23,,21624,18,,,1
10600,'2',650,,21646,18,,,1,100,,21649,18,,,1,70,,17440,18,,,1,30,,21643,18,,,1,70,,21645,18,,,1,30,,21634,18,,,1,100,,21638,18,,,1,100,,21647,18,,,1,100,,21636,18,,,1,100,,21642,18,,,1,100,,21637,18,,,1,70,,21641,18,,,1,30,,21635,18,,,1,70,,21644,18,,,1,23,,21648,18,,,1,77,,21639,18,,,1,23,,21640,18,,,1
10600,'3',650,,21666,18,,,1,100,,21664,18,,,1,70,,21655,18,,,1,30,,21661,18,,,1,70,,21656,18,,,1,30,,21653,18,,,1,100,,21651,18,,,1,100,,21665,18,,,1,100,,21663,18,,,1,100,,21657,18,,,1,100,,21654,18,,,1,70,,21662,18,,,1,30,,21650,18,,,1,70,,21658,18,,,1,23,,21659,18,,,1,77,,21660,18,,,1,23,,21652,18,,,1
10600,'4',650,,21682,18,,,1,100,,21676,18,,,1,70,,21674,18,,,1,30,,21681,18,,,1,70,,21675,18,,,1,30,,21680,18,,,1,100,,21671,18,,,1,100,,21678,18,,,1,100,,21673,18,,,1,100,,21668,18,,,1,100,,21667,18,,,1,70,,21683,18,,,1,30,,21670,18,,,1,70,,21679,18,,,1,23,,21669,18,,,1,77,,21677,18,,,1,23,,21672,18,,,1
10600,'5',650,,21697,18,,,1,100,,21693,18,,,1,70,,21684,18,,,1,30,,21696,18,,,1,70,,21686,18,,,1,30,,21690,18,,,1,100,,21692,18,,,1,100,,21685,18,,,1,100,,21691,18,,,1,100,,21699,18,,,1,100,,21694,18,,,1,70,,21698,18,,,1,30,,21695,18,,,1,70,,21700,18,,,1,23,,21688,18,,,1,77,,21689,18,,,1,23,,21687,18,,,1
10600,'7',650,,21713,18,,,1,100,,21716,18,,,1,70,,21703,18,,,1,30,,21705,18,,,1,70,,21702,18,,,1,30,,21701,18,,,1,100,,21708,18,,,1,100,,21710,18,,,1,100,,21706,18,,,1,100,,21717,18,,,1,100,,21712,18,,,1,70,,21704,18,,,1,30,,21715,18,,,1,70,,21714,18,,,1,23,,21707,18,,,1,77,,21711,18,,,1,23,,21709,18,,,1
10600,'8',650,,21727,18,,,1,100,,21721,18,,,1,70,,21723,18,,,1,30,,21730,18,,,1,70,,21734,18,,,1,30,,21729,18,,,1,100,,21726,18,,,1,100,,21718,18,,,1,100,,21732,18,,,1,100,,21720,18,,,1,100,,21725,18,,,1,70,,21731,18,,,1,30,,21722,18,,,1,70,,21724,18,,,1,23,,21728,18,,,1,77,,21719,18,,,1,23,,21733,18,,,1
10600,'9',650,,21739,18,,,1,100,,21749,18,,,1,70,,21746,18,,,1,30,,21751,18,,,1,70,,21743,18,,,1,30,,21737,18,,,1,100,,21750,18,,,1,100,,21744,18,,,1,100,,21745,18,,,1,100,,21740,18,,,1,100,,21742,18,,,1,70,,21736,18,,,1,30,,21748,18,,,1,70,,21747,18,,,1,23,,21738,18,,,1,77,,21741,18,,,1,23,,21735,18,,,1
11200,'1',702,,24244,25,,,1,100,,24237,25,,,1,100,,24236,25,,,1,100,,24235,25,,,1,100,,24238,25,,,1,100,,24239,25,,,1,100,,24243,25,,,1,100,,24234,25,,,1,100,,24240,25,,,1,100,,24242,25,,,1,100,,24241,25,,,1
11200,'2',702,,24254,25,,,1,100,,24252,25,,,1,100,,24245,25,,,1,100,,24248,25,,,1,100,,24250,25,,,1,100,,24255,25,,,1,100,,24253,25,,,1,100,,24247,25,,,1,100,,24249,25,,,1,100,,24251,25,,,1,100,,24246,25,,,1
11200,'3',702,,24258,25,,,1,100,,24266,25,,,1,100,,24264,25,,,1,100,,24260,25,,,1,100,,24259,25,,,1,100,,24257,25,,,1,100,,24265,25,,,1,100,,24261,25,,,1,100,,24262,25,,,1,100,,24256,25,,,1,100,,24263,25,,,1
11200,'4',702,,24274,25,,,1,100,,24272,25,,,1,100,,24273,25,,,1,100,,24275,25,,,1,100,,24277,25,,,1,100,,24267,25,,,1,100,,24276,25,,,1,100,,24268,25,,,1,100,,24270,25,,,1,100,,24271,25,,,1,100,,24269,25,,,1
11200,'5',702,,24281,25,,,1,100,,24282,25,,,1,100,,24287,25,,,1,100,,24278,25,,,1,100,,24279,25,,,1,100,,24280,25,,,1,100,,24286,25,,,1,100,,24288,25,,,1,100,,24284,25,,,1,100,,24285,25,,,1,100,,24283,25,,,1
11200,'7',702,,24290,25,,,1,100,,24294,25,,,1,100,,24295,25,,,1,100,,24296,25,,,1,100,,24291,25,,,1,100,,24299,25,,,1,100,,24293,25,,,1,100,,24297,25,,,1,100,,24289,25,,,1,100,,24298,25,,,1,100,,24292,25,,,1
11200,'8',702,,24308,25,,,1,100,,24301,25,,,1,100,,24304,25,,,1,100,,24307,25,,,1,100,,24305,25,,,1,100,,24310,25,,,1,100,,24300,25,,,1,100,,24302,25,,,1,100,,24303,25,,,1,100,,24306,25,,,1,100,,24309,25,,,1
11200,'9',702,,24320,25,,,1,100,,24311,25,,,1,100,,24315,25,,,1,100,,24319,25,,,1,100,,24317,25,,,1,100,,24316,25,,,1,100,,24312,25,,,1,100,,24314,25,,,1,100,,24321,25,,,1,100,,24318,25,,,1,100,,24313,25,,,1
20600,'1',1825,,27467,23,,,1,30,,27459,23,,,1,70,,27463,23,,,1,30,,27464,23,,,1,70,,27458,23,,,1,30,,27460,23,,,1,70,,27466,23,,,1,30,,27462,23,,,1,70,,27465,23,,,1,30,,27461,23,,,1
20600,'10',748,,18923,23,,,1,70,,27477,23,,,1,30,,27486,23,,,1,70,,27470,23,,,1,30,,27482,23,,,1,70,,27488,23,,,1,30,,27491,23,,,1,70,,27492,23,,,1,30,,27474,23,,,1,70,,27473,23,,,1,30,,27484,23,,,1,70,,27479,23,,,1,30,,27472,23,,,1,70,,27468,23,,,1,30,,27480,23,,,1,70,,27489,23,,,1,30,,27485,23,,,1,70,,27476,23,,,1,30,,27475,23,,,1,70,,27481,23,,,1,30,,27478,23,,,1,70,,27487,23,,,1,30,,27471,23,,,1,71,,27483,23,,,1,30,,27490,23,,,1,70,,27469,23,,,1
20600,'11',748,,27493,23,,,1,70,,27515,23,,,1,30,,27512,23,,,1,70,,27506,23,,,1,30,,27495,23,,,1,70,,27504,23,,,1,30,,27507,23,,,1,70,,27518,23,,,1,30,,27496,23,,,1,70,,27498,23,,,1,30,,27508,23,,,1,70,,27509,23,,,1,30,,27502,23,,,1,70,,27511,23,,,1,30,,27510,23,,,1,70,,27497,23,,,1,30,,27494,23,,,1,70,,27513,23,,,1,30,,27500,23,,,1,70,,27516,23,,,1,30,,27503,23,,,1,70,,27514,23,,,1,30,,27505,23,,,1,71,,27501,23,,,1,30,,27499,23,,,1,70,,27517,23,,,1
20600,'2',1825,,27521,23,,,1,30,,27528,23,,,1,70,,27526,23,,,1,30,,27522,23,,,1,70,,27519,23,,,1,30,,27525,23,,,1,70,,27520,23,,,1,30,,27527,23,,,1,70,,27524,23,,,1,30,,27523,23,,,1
20600,'3',1825,,27532,23,,,1,30,,27530,23,,,1,70,,27533,23,,,1,30,,27535,23,,,1,70,,27531,23,,,1,30,,27537,23,,,1,70,,27536,23,,,1,30,,27529,23,,,1,70,,27534,23,,,1,30,,27538,23,,,1
20600,'4',1825,,27539,23,,,1,30,,27547,23,,,1,70,,27541,23,,,1,30,,27544,23,,,1,70,,27543,23,,,1,30,,27546,23,,,1,70,,27545,23,,,1,30,,27548,23,,,1,70,,27540,23,,,1,30,,27542,23,,,1
20600,'5',1825,,27550,23,,,1,30,,27555,23,,,1,70,,27558,23,,,1,30,,27549,23,,,1,70,,27551,23,,,1,30,,27556,23,,,1,70,,27554,23,,,1,30,,27552,23,,,1,70,,27557,23,,,1,30,,27553,23,,,1
20600,'6',748,,27575,23,,,1,70,,27571,23,,,1,30,,27579,23,,,1,70,,27584,23,,,1,30,,27562,23,,,1,70,,27578,23,,,1,30,,27566,23,,,1,70,,27570,23,,,1,30,,27563,23,,,1,70,,27559,23,,,1,30,,27582,23,,,1,70,,27560,23,,,1,30,,27567,23,,,1,70,,27577,23,,,1,30,,27561,23,,,1,70,,27583,23,,,1,30,,27574,23,,,1,70,,27573,23,,,1,30,,27564,23,,,1,70,,27581,23,,,1,30,,27572,23,,,1,70,,27565,23,,,1,30,,27569,23,,,1,71,,27568,23,,,1,30,,27580,23,,,1,70,,27576,23,,,1
20600,'7',1825,,27586,23,,,1,30,,27589,23,,,1,70,,27591,23,,,1,30,,27593,23,,,1,70,,27592,23,,,1,30,,27588,23,,,1,70,,27585,23,,,1,30,,27590,23,,,1,70,,27594,23,,,1,30,,27587,23,,,1
20600,'8',1825,,27601,23,,,1,30,,27596,23,,,1,70,,27600,23,,,1,30,,27595,23,,,1,70,,27604,23,,,1,30,,27598,23,,,1,70,,27603,23,,,1,30,,27599,23,,,1,70,,27602,23,,,1,30,,27597,23,,,1
20600,'9',1825,,27608,23,,,1,30,,27611,23,,,1,70,,27614,23,,,1,30,,27607,23,,,1,70,,27609,23,,,1,30,,27613,23,,,1,70,,27610,23,,,1,30,,27605,23,,,1,70,,27612,23,,,1,30,,27606,23,,,1
