10801,'1',649,,22808,31,,,1,70,,22821,31,,,1,30,,22819,31,,,1,70,,22814,31,,,1,30,,22823,31,,,1,70,,22809,31,,,1,100,,22820,31,,,1,100,,22811,31,,,1,100,,22815,31,,,1,100,,22825,31,,,1,100,,22817,31,,,1,30,,22807,31,,,1,70,,22810,31,,,1,30,,22822,31,,,1,70,,22813,31,,,1,30,,22816,31,,,1,70,,22812,31,,,1
10801,'2',649,,22837,31,,,1,70,,22840,31,,,1,30,,22831,31,,,1,70,,22835,31,,,1,30,,22843,31,,,1,70,,22838,31,,,1,100,,22833,31,,,1,100,,22842,31,,,1,100,,22836,31,,,1,100,,22839,31,,,1,100,,22844,31,,,1,30,,22834,31,,,1,70,,22826,31,,,1,30,,22830,31,,,1,70,,22841,31,,,1,30,,22827,31,,,1,70,,22829,31,,,1
10801,'3',649,,22854,31,,,1,70,,22851,31,,,1,30,,22849,31,,,1,70,,22848,31,,,1,30,,22852,31,,,1,70,,22861,31,,,1,100,,22859,31,,,1,100,,22858,31,,,1,100,,22846,31,,,1,100,,22863,31,,,1,100,,22853,31,,,1,30,,22845,31,,,1,70,,22857,31,,,1,30,,22850,31,,,1,70,,22860,31,,,1,30,,22856,31,,,1,70,,22862,31,,,1
10801,'4',649,,22869,31,,,1,70,,22879,31,,,1,30,,22864,31,,,1,70,,22866,31,,,1,30,,22877,31,,,1,70,,22871,31,,,1,100,,22881,31,,,1,100,,22867,31,,,1,100,,22865,31,,,1,100,,22876,31,,,1,100,,22875,31,,,1,30,,22868,31,,,1,70,,22873,31,,,1,30,,22882,31,,,1,70,,22874,31,,,1,30,,22880,31,,,1,70,,22878,31,,,1
10801,'5',649,,22891,31,,,1,70,,22899,31,,,1,30,,22892,31,,,1,70,,22896,31,,,1,30,,22884,31,,,1,70,,22901,31,,,1,100,,22886,31,,,1,100,,22897,31,,,1,100,,22887,31,,,1,100,,22894,31,,,1,100,,22885,31,,,1,30,,22890,31,,,1,70,,22898,31,,,1,30,,22900,31,,,1,70,,22893,31,,,1,30,,22888,31,,,1,70,,22883,31,,,1
10801,'7',649,,22919,31,,,1,70,,22909,31,,,1,30,,22903,31,,,1,70,,22918,31,,,1,30,,22904,31,,,1,70,,22915,31,,,1,100,,22902,31,,,1,100,,22920,31,,,1,100,,22905,31,,,1,100,,22916,31,,,1,100,,22906,31,,,1,30,,22917,31,,,1,70,,22914,31,,,1,30,,22910,31,,,1,70,,22907,31,,,1,30,,22911,31,,,1,70,,22912,31,,,1
10801,'8',649,,22938,31,,,1,70,,22927,31,,,1,30,,22924,31,,,1,70,,22939,31,,,1,30,,22930,31,,,1,70,,22935,31,,,1,100,,22931,31,,,1,100,,22934,31,,,1,100,,22933,31,,,1,100,,22923,31,,,1,100,,22932,31,,,1,30,,22922,31,,,1,70,,22936,31,,,1,30,,22921,31,,,1,70,,22928,31,,,1,30,,22937,31,,,1,70,,22929,31,,,1
10801,'9',649,,22952,31,,,1,70,,22946,31,,,1,30,,22958,31,,,1,70,,22957,31,,,1,30,,22951,31,,,1,70,,22953,31,,,1,100,,22944,31,,,1,100,,22955,31,,,1,100,,22943,31,,,1,100,,22954,31,,,1,100,,22956,31,,,1,30,,22949,31,,,1,70,,22940,31,,,1,30,,22947,31,,,1,70,,22945,31,,,1,30,,22941,31,,,1,70,,22942,31,,,1
10901,'1',619,,23246,6,,,1,100,,23253,6,,,1,100,,23254,6,,,1,100,,23251,6,,,1,100,,23249,6,,,1,100,,23250,6,,,1,100,,23248,6,,,1,100,,23261,6,,,1,100,,23259,6,,,1,100,,17453,6,,,1,100,,23262,6,,,1,100,,23256,6,,,1
10901,'2',619,,23267,6,,,1,100,,23273,6,,,1,100,,23270,6,,,1,100,,23287,6,,,1,100,,23277,6,,,1,100,,23276,6,,,1,100,,23278,6,,,1,100,,23281,6,,,1,100,,23283,6,,,1,100,,23266,6,,,1,100,,23284,6,,,1,100,,23280,6,,,1
10901,'3',619,,23292,6,,,1,100,,23297,6,,,1,100,,23311,6,,,1,100,,23301,6,,,1,100,,23307,6,,,1,100,,23300,6,,,1,100,,23291,6,,,1,100,,23305,6,,,1,100,,23295,6,,,1,100,,23293,6,,,1,100,,23309,6,,,1,100,,23312,6,,,1
10901,'4',619,,23322,6,,,1,100,,23331,6,,,1,100,,23317,6,,,1,100,,23327,6,,,1,100,,23314,6,,,1,100,,23333,6,,,1,100,,23325,6,,,1,100,,23319,6,,,1,100,,23328,6,,,1,100,,23329,6,,,1,100,,23326,6,,,1,100,,23324,6,,,1
10901,'5',619,,23359,6,,,1,100,,23344,6,,,1,100,,23358,6,,,1,100,,23355,6,,,1,100,,23339,6,,,1,100,,23351,6,,,1,100,,23345,6,,,1,100,,23356,6,,,1,100,,23342,6,,,1,100,,23340,6,,,1,100,,23357,6,,,1,100,,23346,6,,,1
10901,'7',619,,23369,6,,,1,100,,23368,6,,,1,100,,23380,6,,,1,100,,23364,6,,,1,100,,23366,6,,,1,100,,23378,6,,,1,100,,23376,6,,,1,100,,23371,6,,,1,100,,23384,6,,,1,100,,23374,6,,,1,100,,23365,6,,,1,100,,23372,6,,,1
10901,'8',619,,23404,6,,,1,100,,23389,6,,,1,100,,23403,6,,,1,100,,23407,6,,,1,100,,23399,6,,,1,100,,23387,6,,,1,100,,23400,6,,,1,100,,23405,6,,,1,100,,23396,6,,,1,100,,23393,6,,,1,100,,23386,6,,,1,100,,23395,6,,,1
10901,'9',619,,23420,6,,,1,100,,23410,6,,,1,100,,23414,6,,,1,100,,23412,6,,,1,100,,23426,6,,,1,100,,23413,6,,,1,100,,23411,6,,,1,100,,23430,6,,,1,100,,23428,6,,,1,100,,23422,6,,,1,100,,23409,6,,,1,100,,23419,6,,,1
11401,'1',652,,25223,30,,,1,100,,25228,30,,,1,100,,25220,30,,,1,100,,25219,30,,,1,100,,25230,30,,,1,100,,25227,30,,,1,100,,25226,30,,,1,100,,25225,30,,,1,100,,25229,30,,,1,100,,25222,30,,,1,100,,25224,30,,,1,100,,25221,30,,,1
11401,'2',652,,25242,30,,,1,100,,25234,30,,,1,100,,25240,30,,,1,100,,25232,30,,,1,100,,25238,30,,,1,100,,25239,30,,,1,100,,25233,30,,,1,100,,25236,30,,,1,100,,25231,30,,,1,100,,25235,30,,,1,100,,25237,30,,,1,100,,25241,30,,,1
11401,'3',652,,25245,30,,,1,100,,25247,30,,,1,100,,25243,30,,,1,100,,25248,30,,,1,100,,25251,30,,,1,100,,25254,30,,,1,100,,25250,30,,,1,100,,25252,30,,,1,100,,25253,30,,,1,100,,25244,30,,,1,100,,25246,30,,,1,100,,25249,30,,,1
11401,'4',652,,25256,30,,,1,100,,25257,30,,,1,100,,25261,30,,,1,100,,25258,30,,,1,100,,25255,30,,,1,100,,25263,30,,,1,100,,25264,30,,,1,100,,25262,30,,,1,100,,25260,30,,,1,100,,25265,30,,,1,100,,25259,30,,,1,100,,25266,30,,,1
11401,'5',652,,25270,30,,,1,100,,25273,30,,,1,100,,25271,30,,,1,100,,25275,30,,,1,100,,25277,30,,,1,100,,25272,30,,,1,100,,25274,30,,,1,100,,25268,30,,,1,100,,25278,30,,,1,100,,25267,30,,,1,100,,25276,30,,,1,100,,25269,30,,,1
11401,'7',652,,25280,30,,,1,100,,25283,30,,,1,100,,25286,30,,,1,100,,25290,30,,,1,100,,25289,30,,,1,100,,25287,30,,,1,100,,25282,30,,,1,100,,25285,30,,,1,100,,25281,30,,,1,100,,25279,30,,,1,100,,25288,30,,,1,100,,25284,30,,,1
11401,'8',652,,25299,30,,,1,100,,25298,30,,,1,100,,25301,30,,,1,100,,25292,30,,,1,100,,25295,30,,,1,100,,25294,30,,,1,100,,25302,30,,,1,100,,25300,30,,,1,100,,25291,30,,,1,100,,25296,30,,,1,100,,25297,30,,,1,100,,25293,30,,,1
11401,'9',652,,25312,30,,,1,100,,25308,30,,,1,100,,25305,30,,,1,100,,25314,30,,,1,100,,25310,30,,,1,100,,25307,30,,,1,100,,25304,30,,,1,100,,25306,30,,,1,100,,25309,30,,,1,100,,25311,30,,,1,100,,25303,30,,,1,100,,25313,30,,,1
20901,'1',1819,,28175,6,,,1,100,,28178,6,,,1,100,,28182,6,,,1,100,,28179,6,,,1,100,,28180,6,,,1
20901,'10',719,,28191,6,,,1,100,,28208,6,,,1,100,,28198,6,,,1,100,,28187,6,,,1,100,,28184,6,,,1,100,,28205,6,,,1,100,,28185,6,,,1,100,,28210,6,,,1,100,,28197,6,,,1,100,,28194,6,,,1,100,,28193,6,,,1,100,,28209,6,,,1,100,,28188,6,,,1,100,,28195,6,,,1
20901,'11',719,,28213,6,,,1,100,,28237,6,,,1,100,,28223,6,,,1,100,,28217,6,,,1,100,,28235,6,,,1,100,,28227,6,,,1,100,,28214,6,,,1,100,,28212,6,,,1,100,,28233,6,,,1,100,,28221,6,,,1,100,,28238,6,,,1,100,,28228,6,,,1,100,,28230,6,,,1,100,,28220,6,,,1
20901,'2',1819,,28246,6,,,1,100,,28241,6,,,1,100,,28245,6,,,1,100,,28240,6,,,1,100,,28248,6,,,1
20901,'3',1819,,28258,6,,,1,100,,28253,6,,,1,100,,28254,6,,,1,100,,28252,6,,,1,100,,28251,6,,,1
20901,'4',1819,,28266,6,,,1,100,,28267,6,,,1,100,,28260,6,,,1,100,,28268,6,,,1,100,,28261,6,,,1
20901,'5',1819,,28274,6,,,1,100,,28277,6,,,1,100,,28271,6,,,1,100,,28269,6,,,1,100,,28270,6,,,1
20901,'6',719,,28300,6,,,1,100,,28293,6,,,1,100,,28291,6,,,1,100,,28279,6,,,1,100,,28306,6,,,1,100,,28303,6,,,1,100,,28288,6,,,1,100,,28298,6,,,1,100,,28285,6,,,1,100,,28294,6,,,1,100,,28287,6,,,1,100,,28304,6,,,1,100,,28289,6,,,1,100,,28281,6,,,1
20901,'7',1819,,28311,6,,,1,100,,28314,6,,,1,100,,28307,6,,,1,100,,28312,6,,,1,100,,28309,6,,,1
20901,'8',1819,,28318,6,,,1,100,,28325,6,,,1,100,,28320,6,,,1,100,,28319,6,,,1,100,,28324,6,,,1
20901,'9',1819,,28330,6,,,1,100,,28333,6,,,1,100,,28331,6,,,1,100,,28336,6,,,1,100,,28334,6,,,1
21401,'1',1852,,29314,36,,,1,100,,29315,36,,,1,100,,29313,36,,,1,100,,29312,36,,,1,100,,29311,36,,,1
21401,'10',752,,29324,36,,,1,100,,29323,36,,,1,100,,29327,36,,,1,100,,29322,36,,,1,100,,29325,36,,,1,100,,29316,36,,,1,100,,29326,36,,,1,100,,29319,36,,,1,100,,29320,36,,,1,100,,17231,36,,,1,100,,29317,36,,,1,100,,29318,36,,,1,100,,29321,36,,,1
21401,'11',752,,29335,36,,,1,100,,29331,36,,,1,100,,29334,36,,,1,100,,29328,36,,,1,100,,29329,36,,,1,100,,29336,36,,,1,100,,29330,36,,,1,100,,29338,36,,,1,100,,29339,36,,,1,100,,29332,36,,,1,100,,29337,36,,,1,100,,29340,36,,,1,100,,29333,36,,,1
21401,'2',1852,,29344,36,,,1,100,,29343,36,,,1,100,,29342,36,,,1,100,,29341,36,,,1,100,,29345,36,,,1
21401,'3',1852,,29347,36,,,1,100,,29350,36,,,1,100,,29348,36,,,1,100,,29346,36,,,1,100,,29349,36,,,1
21401,'4',1852,,29354,36,,,1,100,,29352,36,,,1,100,,29355,36,,,1,100,,29353,36,,,1,100,,29351,36,,,1
21401,'5',1852,,29360,36,,,1,100,,29358,36,,,1,100,,29357,36,,,1,100,,29356,36,,,1,100,,29359,36,,,1
21401,'6',752,,29373,36,,,1,100,,29365,36,,,1,100,,29368,36,,,1,100,,29367,36,,,1,100,,29370,36,,,1,100,,29366,36,,,1,100,,29361,36,,,1,100,,29364,36,,,1,100,,29372,36,,,1,100,,29369,36,,,1,100,,29363,36,,,1,100,,29371,36,,,1,100,,29362,36,,,1
21401,'7',1852,,29377,36,,,1,100,,29374,36,,,1,100,,29375,36,,,1,100,,29378,36,,,1,100,,29376,36,,,1
21401,'8',1852,,29382,36,,,1,100,,29379,36,,,1,100,,29380,36,,,1,100,,29381,36,,,1,100,,29383,36,,,1
21401,'9',1852,,29388,36,,,1,100,,29386,36,,,1,100,,29387,36,,,1,100,,29385,36,,,1,100,,29384,36,,,1
