10800,'1',725,,22541,16,,,1,30,,22560,16,,,1,70,,22536,16,,,1,30,,22548,16,,,1,70,,22544,16,,,1,30,,22558,16,,,1,100,,22556,16,,,1,100,,22554,16,,,1,100,,22543,16,,,1,100,,22551,16,,,1,100,,22539,16,,,1,70,,22538,16,,,1,30,,22547,16,,,1,70,,22546,16,,,1,30,,22537,16,,,1,70,,22553,16,,,1,30,,22567,16,,,1
10800,'2',725,,22592,16,,,1,30,,22585,16,,,1,70,,22580,16,,,1,30,,22599,16,,,1,70,,22602,16,,,1,30,,22577,16,,,1,100,,22596,16,,,1,100,,22597,16,,,1,100,,22576,16,,,1,100,,22593,16,,,1,100,,22582,16,,,1,70,,22569,16,,,1,30,,22600,16,,,1,70,,22591,16,,,1,30,,22595,16,,,1,70,,22594,16,,,1,30,,22581,16,,,1
10800,'3',725,,22616,16,,,1,30,,22604,16,,,1,70,,22607,16,,,1,30,,22603,16,,,1,70,,22614,16,,,1,30,,22632,16,,,1,100,,22627,16,,,1,100,,22636,16,,,1,100,,22635,16,,,1,100,,22611,16,,,1,100,,22613,16,,,1,70,,22626,16,,,1,30,,22628,16,,,1,70,,22620,16,,,1,30,,22605,16,,,1,70,,22618,16,,,1,30,,22625,16,,,1
10800,'4',725,,22640,16,,,1,30,,22659,16,,,1,70,,22669,16,,,1,30,,22647,16,,,1,70,,22657,16,,,1,30,,22653,16,,,1,100,,22638,16,,,1,100,,22667,16,,,1,100,,22670,16,,,1,100,,22662,16,,,1,100,,22666,16,,,1,70,,22639,16,,,1,30,,22650,16,,,1,70,,22643,16,,,1,30,,22649,16,,,1,70,,22648,16,,,1,30,,22664,16,,,1
10800,'5',725,,22688,16,,,1,30,,22674,16,,,1,70,,22680,16,,,1,30,,22673,16,,,1,70,,22672,16,,,1,30,,22683,16,,,1,100,,22687,16,,,1,100,,22696,16,,,1,100,,22691,16,,,1,100,,22692,16,,,1,100,,22697,16,,,1,70,,22679,16,,,1,30,,22684,16,,,1,70,,22695,16,,,1,30,,22701,16,,,1,70,,22677,16,,,1,30,,22671,16,,,1
10800,'7',725,,22723,16,,,1,30,,22716,16,,,1,70,,22731,16,,,1,30,,22714,16,,,1,70,,22708,16,,,1,30,,22737,16,,,1,100,,22727,16,,,1,100,,22724,16,,,1,100,,22735,16,,,1,100,,22711,16,,,1,100,,22713,16,,,1,70,,22707,16,,,1,30,,22732,16,,,1,70,,22718,16,,,1,30,,22726,16,,,1,70,,22709,16,,,1,30,,22717,16,,,1
10800,'8',725,,22769,16,,,1,30,,22765,16,,,1,70,,22746,16,,,1,30,,22753,16,,,1,70,,22766,16,,,1,30,,22754,16,,,1,100,,22771,16,,,1,100,,22741,16,,,1,100,,22760,16,,,1,100,,22763,16,,,1,100,,22749,16,,,1,70,,22742,16,,,1,30,,22757,16,,,1,70,,22770,16,,,1,30,,22767,16,,,1,70,,22743,16,,,1,30,,22750,16,,,1
10800,'9',725,,22785,16,,,1,30,,22779,16,,,1,70,,22781,16,,,1,30,,22776,16,,,1,70,,22794,16,,,1,30,,22790,16,,,1,100,,22775,16,,,1,100,,22801,16,,,1,100,,22802,16,,,1,100,,22795,16,,,1,100,,22798,16,,,1,70,,22797,16,,,1,30,,22805,16,,,1,70,,22787,16,,,1,30,,22803,16,,,1,70,,22789,16,,,1,30,,22774,16,,,1
10801,'1',625,,22818,4,,,1,30,,22824,4,,,1
10801,'2',625,,22828,4,,,1,30,,22832,4,,,1
10801,'3',625,,22855,4,,,1,30,,22847,4,,,1
10801,'4',625,,22872,4,,,1,30,,22870,4,,,1
10801,'5',625,,22895,4,,,1,30,,22889,4,,,1
10801,'7',625,,22913,4,,,1,30,,22908,4,,,1
10801,'8',625,,22926,4,,,1,30,,22925,4,,,1
10801,'9',625,,22950,4,,,1,30,,22948,4,,,1
