11301,'1',601,,24842,2,,,1,100,,24836,2,,,1,100,,17709,2,,,1,100,,24810,2,,,1,100,,24829,2,,,1,100,,24807,2,,,1,100,,24816,2,,,1,100,,24840,2,,,1,100,,24818,2,,,1,100,,24812,2,,,1,100,,24825,2,,,1,100,,24830,2,,,1,100,,24814,2,,,1,100,,24839,2,,,1
11301,'2',601,,24878,2,,,1,100,,24861,2,,,1,100,,24867,2,,,1,100,,24851,2,,,1,100,,24849,2,,,1,100,,24862,2,,,1,100,,24850,2,,,1,100,,24865,2,,,1,100,,24859,2,,,1,100,,24876,2,,,1,100,,24871,2,,,1,100,,24866,2,,,1,100,,24873,2,,,1,100,,24863,2,,,1
11301,'3',601,,24902,2,,,1,100,,24909,2,,,1,100,,24900,2,,,1,100,,24880,2,,,1,100,,24914,2,,,1,100,,24897,2,,,1,100,,24911,2,,,1,100,,24919,2,,,1,100,,24891,2,,,1,100,,24906,2,,,1,100,,24888,2,,,1,100,,24918,2,,,1,100,,24898,2,,,1,100,,24884,2,,,1
11301,'4',601,,24946,2,,,1,100,,24941,2,,,1,100,,24929,2,,,1,100,,24920,2,,,1,100,,24922,2,,,1,100,,24949,2,,,1,100,,24924,2,,,1,100,,24958,2,,,1,100,,24948,2,,,1,100,,24942,2,,,1,100,,24930,2,,,1,100,,24931,2,,,1,100,,24934,2,,,1,100,,24927,2,,,1
11301,'5',601,,24961,2,,,1,100,,24969,2,,,1,100,,24974,2,,,1,100,,25000,2,,,1,100,,24988,2,,,1,100,,25001,2,,,1,100,,24997,2,,,1,100,,24962,2,,,1,100,,24995,2,,,1,100,,24973,2,,,1,100,,24977,2,,,1,100,,24963,2,,,1,100,,24968,2,,,1,100,,24982,2,,,1
11301,'7',601,,25002,2,,,1,100,,25019,2,,,1,100,,25035,2,,,1,100,,25018,2,,,1,100,,25010,2,,,1,100,,25040,2,,,1,100,,25033,2,,,1,100,,25023,2,,,1,100,,25014,2,,,1,100,,25003,2,,,1,100,,25009,2,,,1,100,,25022,2,,,1,100,,25017,2,,,1,100,,25025,2,,,1
11301,'8',601,,25046,2,,,1,100,,25076,2,,,1,100,,25056,2,,,1,100,,25067,2,,,1,100,,25063,2,,,1,100,,25071,2,,,1,100,,25061,2,,,1,100,,25072,2,,,1,100,,25068,2,,,1,100,,25073,2,,,1,100,,25045,2,,,1,100,,25065,2,,,1,100,,25058,2,,,1,100,,25074,2,,,1
11301,'9',601,,25089,2,,,1,100,,25099,2,,,1,100,,25110,2,,,1,100,,25096,2,,,1,100,,25112,2,,,1,100,,25086,2,,,1,100,,25097,2,,,1,100,,25102,2,,,1,100,,25118,2,,,1,100,,25106,2,,,1,100,,25103,2,,,1,100,,25108,2,,,1,100,,25107,2,,,1,100,,25100,2,,,1
21301,'1',2001,,29025,2,,,1,100,,29035,2,,,1,100,,29029,2,,,1
21301,'10',701,,29041,2,,,1,102,,29045,2,,,1,100,,29050,2,,,1,100,,29058,2,,,1,100,,29073,2,,,1,100,,29038,2,,,1,100,,29043,2,,,1,100,,29040,2,,,1,100,,29057,2,,,1,100,,29061,2,,,1,100,,29070,2,,,1,100,,29037,2,,,1,100,,29064,2,,,1
21301,'11',701,,29093,2,,,1,102,,29111,2,,,1,100,,29091,2,,,1,100,,29080,2,,,1,100,,29103,2,,,1,100,,29086,2,,,1,100,,29087,2,,,1,100,,29107,2,,,1,100,,29097,2,,,1,100,,29089,2,,,1,100,,29102,2,,,1,100,,29076,2,,,1,100,,29114,2,,,1
21301,'2',2001,,29118,2,,,1,100,,29125,2,,,1,100,,29123,2,,,1
21301,'3',2001,,29130,2,,,1,100,,29128,2,,,1,100,,29134,2,,,1
21301,'4',2001,,29147,2,,,1,100,,29144,2,,,1,100,,29140,2,,,1
21301,'5',2001,,29153,2,,,1,100,,29149,2,,,1,100,,29148,2,,,1
21301,'6',701,,29191,2,,,1,102,,29198,2,,,1,100,,29193,2,,,1,100,,29160,2,,,1,100,,29170,2,,,1,100,,29165,2,,,1,100,,29194,2,,,1,100,,29197,2,,,1,100,,29186,2,,,1,100,,29188,2,,,1,100,,29166,2,,,1,100,,29175,2,,,1,100,,29181,2,,,1
21301,'7',2001,,29201,2,,,1,100,,29204,2,,,1,100,,29209,2,,,1
21301,'8',2001,,29216,2,,,1,100,,29220,2,,,1,100,,29211,2,,,1
21301,'9',2001,,29221,2,,,1,100,,29227,2,,,1,100,,29223,2,,,1
