10700,'1',633,,21914,5,0,5 6,1,100,,21915,5,0,5 6,1,70,,21920,5,0,5 6,1,30,,21926,5,0,5 6,1,70,,21913,5,0,5 6,1,30,,21912,5,0,5 6,1,100,,21917,5,0,5 6,1,100,,21923,5,0,5 6,1,100,,21924,5,0,5 6,1,100,,17265,5,0,5 6,1,100,,21925,5,0,5 6,1,70,,21922,5,0,5 6,1,30,,21919,5,0,5 6,1,70,,18192,5,0,5 6,1,30,,21911,5,0,5 6,1,70,,21921,5,0,5 6,1,30,,18668,5,0,5 6,1,70,,21916,5,0,5 6,1,30,,21918,5,0,5 6,1
10700,'2',633,,21936,5,0,5 6,1,100,,21932,5,0,5 6,1,70,,21927,5,0,5 6,1,30,,21943,5,0,5 6,1,70,,21933,5,0,5 6,1,30,,21944,5,0,5 6,1,100,,21935,5,0,5 6,1,100,,21942,5,0,5 6,1,100,,21937,5,0,5 6,1,100,,21938,5,0,5 6,1,100,,15154,5,0,5 6,1,70,,21934,5,0,5 6,1,30,,21931,5,0,5 6,1,70,,21930,5,0,5 6,1,30,,21940,5,0,5 6,1,70,,21939,5,0,5 6,1,30,,21941,5,0,5 6,1,70,,21928,5,0,5 6,1,30,,21929,5,0,5 6,1
10700,'3',633,,21959,5,0,5 6,1,100,,21954,5,0,5 6,1,70,,21956,5,0,5 6,1,30,,21948,5,0,5 6,1,70,,21962,5,0,5 6,1,30,,21957,5,0,5 6,1,100,,21963,5,0,5 6,1,100,,21961,5,0,5 6,1,100,,21950,5,0,5 6,1,100,,21945,5,0,5 6,1,100,,21947,5,0,5 6,1,70,,21949,5,0,5 6,1,30,,21953,5,0,5 6,1,70,,21955,5,0,5 6,1,30,,21951,5,0,5 6,1,70,,21952,5,0,5 6,1,30,,21958,5,0,5 6,1,70,,21960,5,0,5 6,1,30,,21946,5,0,5 6,1
10700,'4',633,,21981,5,0,5 6,1,100,,21977,5,0,5 6,1,70,,21968,5,0,5 6,1,30,,21966,5,0,5 6,1,70,,21979,5,0,5 6,1,30,,21980,5,0,5 6,1,100,,21976,5,0,5 6,1,100,,21973,5,0,5 6,1,100,,21969,5,0,5 6,1,100,,21971,5,0,5 6,1,100,,21974,5,0,5 6,1,70,,21970,5,0,5 6,1,30,,21972,5,0,5 6,1,70,,21978,5,0,5 6,1,30,,21964,5,0,5 6,1,70,,21982,5,0,5 6,1,30,,21967,5,0,5 6,1,70,,21965,5,0,5 6,1,30,,21975,5,0,5 6,1
10700,'5',633,,22000,5,0,5 6,1,100,,22001,5,0,5 6,1,70,,21994,5,0,5 6,1,30,,21992,5,0,5 6,1,70,,21999,5,0,5 6,1,30,,21993,5,0,5 6,1,100,,21998,5,0,5 6,1,100,,21986,5,0,5 6,1,100,,21991,5,0,5 6,1,100,,21995,5,0,5 6,1,100,,21983,5,0,5 6,1,70,,21989,5,0,5 6,1,30,,21990,5,0,5 6,1,70,,21984,5,0,5 6,1,30,,21996,5,0,5 6,1,70,,21997,5,0,5 6,1,30,,21987,5,0,5 6,1,70,,21985,5,0,5 6,1,30,,21988,5,0,5 6,1
10700,'7',633,,22012,5,0,5 6,1,100,,22007,5,0,5 6,1,70,,22008,5,0,5 6,1,30,,22017,5,0,5 6,1,70,,22018,5,0,5 6,1,30,,22004,5,0,5 6,1,100,,22009,5,0,5 6,1,100,,22019,5,0,5 6,1,100,,22015,5,0,5 6,1,100,,22003,5,0,5 6,1,100,,22006,5,0,5 6,1,70,,22011,5,0,5 6,1,30,,22020,5,0,5 6,1,70,,22005,5,0,5 6,1,30,,22016,5,0,5 6,1,70,,22013,5,0,5 6,1,30,,22002,5,0,5 6,1,70,,22014,5,0,5 6,1,30,,22010,5,0,5 6,1
10700,'8',633,,22029,5,0,5 6,1,100,,22031,5,0,5 6,1,70,,22026,5,0,5 6,1,30,,22030,5,0,5 6,1,70,,22027,5,0,5 6,1,30,,22035,5,0,5 6,1,100,,22034,5,0,5 6,1,100,,22024,5,0,5 6,1,100,,22025,5,0,5 6,1,100,,22032,5,0,5 6,1,100,,22033,5,0,5 6,1,70,,22022,5,0,5 6,1,30,,22038,5,0,5 6,1,70,,22021,5,0,5 6,1,30,,22023,5,0,5 6,1,70,,22039,5,0,5 6,1,30,,22037,5,0,5 6,1,70,,22036,5,0,5 6,1,30,,22028,5,0,5 6,1
10700,'9',633,,22044,5,0,5 6,1,100,,22057,5,0,5 6,1,70,,22058,5,0,5 6,1,30,,22048,5,0,5 6,1,70,,22043,5,0,5 6,1,30,,22045,5,0,5 6,1,100,,22055,5,0,5 6,1,100,,22051,5,0,5 6,1,100,,22054,5,0,5 6,1,100,,22052,5,0,5 6,1,100,,22046,5,0,5 6,1,70,,22047,5,0,5 6,1,30,,22042,5,0,5 6,1,70,,22049,5,0,5 6,1,30,,22053,5,0,5 6,1,70,,22050,5,0,5 6,1,30,,22041,5,0,5 6,1,70,,22056,5,0,5 6,1,30,,22040,5,0,5 6,1
21000,'1',1904,,28340,5,,,1,30,,28339,5,,,1,70,,28344,5,,,1,30,,28341,5,,,1,70,,28342,5,,,1,30,,28343,5,,,1,70,,28338,5,,,1,30,,28337,5,,,1,70,,18348,5,,,1
21000,'10',734,,28364,5,,,1,70,,28349,5,,,1,30,,28351,5,,,1,70,,28370,5,,,1,30,,28354,5,,,1,70,,28353,5,,,1,30,,28371,5,,,1,70,,28368,5,,,1,30,,28360,5,,,1,70,,28365,5,,,1,30,,28347,5,,,1,70,,28352,5,,,1,30,,28345,5,,,1,70,,28361,5,,,1,30,,28362,5,,,1,70,,28357,5,,,1,30,,28359,5,,,1,70,,28356,5,,,1,30,,28350,5,,,1,70,,28346,5,,,1,30,,28358,5,,,1,70,,28367,5,,,1,30,,28369,5,,,1,70,,28366,5,,,1,30,,28363,5,,,1,70,,28355,5,,,1,30,,28348,5,,,1
21000,'11',734,,28374,5,,,1,70,,28395,5,,,1,30,,28397,5,,,1,70,,28388,5,,,1,30,,28389,5,,,1,70,,28372,5,,,1,30,,28387,5,,,1,70,,28396,5,,,1,30,,28375,5,,,1,70,,28392,5,,,1,30,,28391,5,,,1,70,,28385,5,,,1,30,,28398,5,,,1,70,,28384,5,,,1,30,,28394,5,,,1,70,,28383,5,,,1,30,,28377,5,,,1,70,,28380,5,,,1,30,,28373,5,,,1,70,,28376,5,,,1,30,,28386,5,,,1,70,,28379,5,,,1,30,,28378,5,,,1,70,,28382,5,,,1,30,,28381,5,,,1,70,,28393,5,,,1,30,,28390,5,,,1
21000,'2',1904,,18174,5,,,1,30,,28401,5,,,1,70,,28399,5,,,1,30,,28402,5,,,1,70,,28405,5,,,1,30,,28400,5,,,1,70,,28403,5,,,1,30,,28404,5,,,1,70,,28406,5,,,1
21000,'3',1904,,28411,5,,,1,30,,28408,5,,,1,70,,28410,5,,,1,30,,28412,5,,,1,70,,28414,5,,,1,30,,28415,5,,,1,70,,28407,5,,,1,30,,28413,5,,,1,70,,28409,5,,,1
21000,'4',1904,,28422,5,,,1,30,,28420,5,,,1,70,,28421,5,,,1,30,,28416,5,,,1,70,,28417,5,,,1,30,,28424,5,,,1,70,,28418,5,,,1,30,,28419,5,,,1,70,,28423,5,,,1
21000,'5',1904,,28431,5,,,1,30,,28433,5,,,1,70,,28428,5,,,1,30,,28427,5,,,1,70,,28425,5,,,1,30,,28430,5,,,1,70,,28426,5,,,1,30,,28429,5,,,1,70,,28432,5,,,1
21000,'6',734,,28446,5,,,1,70,,28437,5,,,1,30,,28458,5,,,1,70,,28443,5,,,1,30,,28457,5,,,1,70,,28435,5,,,1,30,,28434,5,,,1,70,,28440,5,,,1,30,,28444,5,,,1,70,,28438,5,,,1,30,,28455,5,,,1,70,,28436,5,,,1,30,,28450,5,,,1,70,,28453,5,,,1,30,,28451,5,,,1,70,,28456,5,,,1,30,,28448,5,,,1,70,,28447,5,,,1,30,,28441,5,,,1,70,,28454,5,,,1,30,,28449,5,,,1,70,,28445,5,,,1,30,,28442,5,,,1,70,,28439,5,,,1,30,,28460,5,,,1,70,,28452,5,,,1,30,,28459,5,,,1
21000,'7',1904,,28462,5,,,1,30,,28463,5,,,1,70,,28467,5,,,1,30,,28465,5,,,1,70,,28461,5,,,1,30,,28468,5,,,1,70,,28464,5,,,1,30,,28469,5,,,1,70,,28466,5,,,1
21000,'8',1904,,28478,5,,,1,30,,28470,5,,,1,70,,28476,5,,,1,30,,28471,5,,,1,70,,28475,5,,,1,30,,28477,5,,,1,70,,28473,5,,,1,30,,28472,5,,,1,70,,28474,5,,,1
21000,'9',1904,,28486,5,,,1,30,,28483,5,,,1,70,,28479,5,,,1,30,,28485,5,,,1,70,,28484,5,,,1,30,,28480,5,,,1,70,,28481,5,,,1,30,,28482,5,,,1,70,,28487,5,,,1
