20501,'1',1921,,27313,11,,,1,100,,27312,11,,,1,100,,27315,11,,,1,100,,27317,11,,,1
20501,'10',721,,27318,11,,,1,100,,27345,11,,,1,100,,27321,11,,,1,100,,27330,11,,,1,100,,27323,11,,,1,100,,27331,11,,,1,100,,27342,11,,,1,100,,27329,11,,,1,100,,27343,11,,,1,100,,27336,11,,,1,100,,27337,11,,,1,100,,27319,11,,,1,100,,27328,11,,,1,100,,27332,11,,,1
20501,'11',721,,27370,11,,,1,100,,27349,11,,,1,100,,27363,11,,,1,100,,27352,11,,,1,100,,27365,11,,,1,100,,27348,11,,,1,100,,27361,11,,,1,100,,27358,11,,,1,100,,27346,11,,,1,100,,27367,11,,,1,100,,27351,11,,,1,100,,27360,11,,,1,100,,27368,11,,,1,100,,27366,11,,,1
20501,'2',1921,,27381,11,,,1,100,,27380,11,,,1,100,,27375,11,,,1,100,,27374,11,,,1
20501,'3',1921,,27388,11,,,1,100,,27384,11,,,1,100,,27386,11,,,1,100,,27385,11,,,1
20501,'4',1921,,27396,11,,,1,100,,27397,11,,,1,100,,27390,11,,,1,100,,27391,11,,,1
20501,'5',1921,,27398,11,,,1,100,,27403,11,,,1,100,,27400,11,,,1,100,,27404,11,,,1
20501,'6',721,,27431,11,,,1,100,,27422,11,,,1,100,,27421,11,,,1,100,,27423,11,,,1,100,,27414,11,,,1,100,,27415,11,,,1,100,,27419,11,,,1,100,,27407,11,,,1,100,,27428,11,,,1,100,,27413,11,,,1,100,,27427,11,,,1,100,,27425,11,,,1,100,,27418,11,,,1,100,,27416,11,,,1
20501,'7',1921,,27435,11,,,1,100,,27434,11,,,1,100,,27436,11,,,1,100,,27440,11,,,1
20501,'8',1921,,27448,11,,,1,100,,27444,11,,,1,100,,27442,11,,,1,100,,27446,11,,,1
20501,'9',1921,,27455,11,,,1,100,,27456,11,,,1,100,,27454,11,,,1,100,,27451,11,,,1
