10801,'10',648,,13332,30,,,1,70,,17997,30,,,1,30,,17991,30,,,1,70,,17988,30,,,1,30,,17984,30,,,1,70,,17993,30,,,1,100,,17986,30,,,1,100,,17985,30,,,1,100,,17995,30,,,1,100,,17992,30,,,1,100,,17994,30,,,1,30,,17998,30,,,1,70,,14744,30,,,1,30,,17987,30,,,1,70,,16031,30,,,1,30,,17996,30,,,1,70,,17999,30,,,1
10801,'7',648,,18007,30,,,1,70,,18006,30,,,1,30,,18002,30,,,1,70,,18001,30,,,1,30,,15072,30,,,1,70,,15745,30,,,1,100,,18004,30,,,1,100,,18000,30,,,1,100,,18010,30,,,1,100,,18005,30,,,1,100,,18009,30,,,1,30,,18012,30,,,1,70,,14693,30,,,1,30,,18003,30,,,1,70,,15998,30,,,1,30,,18011,30,,,1,70,,18013,30,,,1
10901,'10',619,,18068,5,,,1,100,,18050,5,,,1,100,,18060,5,,,1,100,,18062,5,,,1,100,,18064,5,,,1,100,,18042,5,,,1,100,,16586,5,,,1,100,,18048,5,,,1,100,,18055,5,,,1,100,,18056,5,,,1,100,,18051,5,,,1,100,,18041,5,,,1
10901,'7',619,,18108,5,,,1,100,,18090,5,,,1,100,,18100,5,,,1,100,,18102,5,,,1,100,,18104,5,,,1,100,,18082,5,,,1,100,,16567,5,,,1,100,,18088,5,,,1,100,,18095,5,,,1,100,,18096,5,,,1,100,,18091,5,,,1,100,,18081,5,,,1
11401,'10',651,,18520,29,,,1,100,,18521,29,,,1,100,,18519,29,,,1,100,,18514,29,,,1,100,,18517,29,,,1,100,,18516,29,,,1,100,,18522,29,,,1,100,,15309,29,,,1,100,,18518,29,,,1,100,,18524,29,,,1,100,,18515,29,,,1,100,,18523,29,,,1
11401,'7',651,,18531,29,,,1,100,,18532,29,,,1,100,,18530,29,,,1,100,,18525,29,,,1,100,,18528,29,,,1,100,,18527,29,,,1,100,,18533,29,,,1,100,,15251,29,,,1,100,,18529,29,,,1,100,,18535,29,,,1,100,,18526,29,,,1,100,,18534,29,,,1
20901,'10',1819,,19199,5,,,1,100,,19204,5,,,1,100,,17167,5,,,1,100,,19198,5,,,1,100,,19201,5,,,1
20901,'5',719,,16635,5,,,1,100,,19225,5,,,1,100,,19241,5,,,1,100,,16294,5,,,1,100,,19256,5,,,1,100,,19244,5,,,1,100,,19205,5,,,1,100,,19246,5,,,1,100,,19239,5,,,1,100,,17110,5,,,1,100,,19207,5,,,1,100,,19211,5,,,1,100,,19254,5,,,1,100,,19206,5,,,1
20901,'7',1819,,19265,5,,,1,100,,19272,5,,,1,100,,19267,5,,,1,100,,19258,5,,,1,100,,19263,5,,,1
21401,'10',1851,,19543,35,,,1,100,,19542,35,,,1,100,,19544,35,,,1,100,,19546,35,,,1,100,,19545,35,,,1
21401,'5',751,,19557,35,,,1,100,,19547,35,,,1,100,,19558,35,,,1,100,,19548,35,,,1,100,,19556,35,,,1,100,,19551,35,,,1,100,,16437,35,,,1,100,,19553,35,,,1,100,,19555,35,,,1,100,,19550,35,,,1,100,,19554,35,,,1,100,,19549,35,,,1,100,,19552,35,,,1
21401,'7',1851,,19559,35,,,1,100,,19562,35,,,1,100,,19560,35,,,1,100,,19563,35,,,1,100,,19561,35,,,1
