10300,'1',636,,20317,11,,,1,100,,20326,11,,,1,70,,20325,11,,,1,30,,20323,11,,,1,70,,20320,11,,,1,30,,20330,11,,,1,70,,20334,11,,,1,30,,20329,11,,,1,100,,20327,11,,,1,100,,20318,11,,,1,100,,20324,11,,,1,100,,20322,11,,,1,100,,20319,11,,,1,70,,20316,11,,,1,30,,20321,11,,,1,70,,20332,11,,,1,30,,20328,11,,,1,70,,20333,11,,,1,30,,20331,11,,,1
10300,'2',636,,20347,11,,,1,100,,20349,11,,,1,70,,20345,11,,,1,30,,20338,11,,,1,70,,20351,11,,,1,30,,20335,11,,,1,70,,20340,11,,,1,30,,20339,11,,,1,100,,18114,11,,,1,100,,20336,11,,,1,100,,20342,11,,,1,100,,20337,11,,,1,100,,20343,11,,,1,70,,20346,11,,,1,30,,20350,11,,,1,70,,20348,11,,,1,30,,20352,11,,,1,70,,20344,11,,,1,30,,20341,11,,,1
10300,'3',636,,20353,11,,,1,100,,20362,11,,,1,70,,20369,11,,,1,30,,20358,11,,,1,70,,20363,11,,,1,30,,20354,11,,,1,70,,20364,11,,,1,30,,20367,11,,,1,100,,20370,11,,,1,100,,20371,11,,,1,100,,20355,11,,,1,100,,20356,11,,,1,100,,20359,11,,,1,70,,20365,11,,,1,30,,20361,11,,,1,70,,20357,11,,,1,30,,20366,11,,,1,70,,20360,11,,,1,30,,20368,11,,,1
10300,'4',636,,20390,11,,,1,100,,20388,11,,,1,70,,20376,11,,,1,30,,20377,11,,,1,70,,20389,11,,,1,30,,20387,11,,,1,70,,20382,11,,,1,30,,20378,11,,,1,100,,20374,11,,,1,100,,20372,11,,,1,100,,20375,11,,,1,100,,20383,11,,,1,100,,20381,11,,,1,70,,20373,11,,,1,30,,20386,11,,,1,70,,20385,11,,,1,30,,20380,11,,,1,70,,20379,11,,,1,30,,20384,11,,,1
10300,'5',636,,20400,11,,,1,100,,20403,11,,,1,70,,20395,11,,,1,30,,20397,11,,,1,70,,20405,11,,,1,30,,20407,11,,,1,70,,20409,11,,,1,30,,20394,11,,,1,100,,20404,11,,,1,100,,20401,11,,,1,100,,20396,11,,,1,100,,20398,11,,,1,100,,20406,11,,,1,70,,20399,11,,,1,30,,20393,11,,,1,70,,20402,11,,,1,30,,20392,11,,,1,70,,20408,11,,,1,30,,20391,11,,,1
10300,'7',636,,20423,11,,,1,100,,20419,11,,,1,70,,20417,11,,,1,30,,20428,11,,,1,70,,20427,11,,,1,30,,20421,11,,,1,70,,20422,11,,,1,30,,20413,11,,,1,100,,20411,11,,,1,100,,20414,11,,,1,100,,20426,11,,,1,100,,20412,11,,,1,100,,20420,11,,,1,70,,20415,11,,,1,30,,20424,11,,,1,70,,20425,11,,,1,30,,20418,11,,,1,70,,20410,11,,,1,30,,20416,11,,,1
10300,'8',636,,20442,11,,,1,100,,20439,11,,,1,70,,20432,11,,,1,30,,20444,11,,,1,70,,20433,11,,,1,30,,20435,11,,,1,70,,20441,11,,,1,30,,20434,11,,,1,100,,20429,11,,,1,100,,20436,11,,,1,100,,20447,11,,,1,100,,20438,11,,,1,100,,20445,11,,,1,70,,20437,11,,,1,30,,20443,11,,,1,70,,20446,11,,,1,30,,20430,11,,,1,70,,20431,11,,,1,30,,20440,11,,,1
10300,'9',636,,20448,11,,,1,100,,20458,11,,,1,70,,20457,11,,,1,30,,20464,11,,,1,70,,20452,11,,,1,30,,20462,11,,,1,70,,20453,11,,,1,30,,20461,11,,,1,100,,20460,11,,,1,100,,20449,11,,,1,100,,20450,11,,,1,100,,20459,11,,,1,100,,20465,11,,,1,70,,20463,11,,,1,30,,20454,11,,,1,70,,20455,11,,,1,30,,20451,11,,,1,70,,20466,11,,,1,30,,20456,11,,,1
20300,'1',1909,,26519,19,,,1,30,,26514,19,,,1,70,,26516,19,,,1,30,,19313,19,,,1,70,,26513,19,,,1,30,,26517,19,,,1,70,,26515,19,,,1,30,,26512,19,,,1,70,,26518,19,,,1
20300,'10',739,,26525,19,,,1,70,,26536,19,,,1,30,,26521,19,,,1,70,,26546,19,,,1,30,,26545,19,,,1,70,,26529,19,,,1,30,,26544,19,,,1,70,,26526,19,,,1,30,,26530,19,,,1,70,,26531,19,,,1,30,,26528,19,,,1,70,,26537,19,,,1,30,,26523,19,,,1,70,,26527,19,,,1,30,,26520,19,,,1,70,,26542,19,,,1,30,,26524,19,,,1,70,,26533,19,,,1,30,,26540,19,,,1,70,,26522,19,,,1,30,,26538,19,,,1,70,,26532,19,,,1,30,,26543,19,,,1,70,,26534,19,,,1,30,,26535,19,,,1,70,,26541,19,,,1,30,,26539,19,,,1
20300,'11',739,,26571,19,,,1,70,,26558,19,,,1,30,,26572,19,,,1,70,,26553,19,,,1,30,,26573,19,,,1,70,,26547,19,,,1,30,,26561,19,,,1,70,,26560,19,,,1,30,,26569,19,,,1,70,,26549,19,,,1,30,,26566,19,,,1,70,,26554,19,,,1,30,,26550,19,,,1,70,,26551,19,,,1,30,,26556,19,,,1,70,,26548,19,,,1,30,,26564,19,,,1,70,,26563,19,,,1,30,,26559,19,,,1,70,,26555,19,,,1,30,,26562,19,,,1,70,,26552,19,,,1,30,,26557,19,,,1,70,,26567,19,,,1,30,,26565,19,,,1,70,,26570,19,,,1,30,,26568,19,,,1
20300,'2',1909,,26581,19,,,1,30,,26575,19,,,1,70,,26580,19,,,1,30,,26578,19,,,1,70,,26582,19,,,1,30,,26579,19,,,1,70,,26576,19,,,1,30,,26574,19,,,1,70,,26577,19,,,1
20300,'3',1909,,26585,19,,,1,30,,26589,19,,,1,70,,26586,19,,,1,30,,26590,19,,,1,70,,26583,19,,,1,30,,26591,19,,,1,70,,26584,19,,,1,30,,26587,19,,,1,70,,26588,19,,,1
20300,'4',1909,,26598,19,,,1,30,,26592,19,,,1,70,,26594,19,,,1,30,,26595,19,,,1,70,,26599,19,,,1,30,,26597,19,,,1,70,,26600,19,,,1,30,,26596,19,,,1,70,,26593,19,,,1
20300,'5',1909,,26607,19,,,1,30,,26601,19,,,1,70,,26606,19,,,1,30,,26604,19,,,1,70,,26609,19,,,1,30,,26605,19,,,1,70,,26602,19,,,1,30,,26603,19,,,1,70,,26608,19,,,1
20300,'6',739,,26622,19,,,1,70,,26636,19,,,1,30,,26628,19,,,1,70,,26621,19,,,1,30,,26616,19,,,1,70,,26618,19,,,1,30,,26619,19,,,1,70,,26624,19,,,1,30,,26611,19,,,1,70,,26625,19,,,1,30,,26617,19,,,1,70,,26633,19,,,1,30,,26614,19,,,1,70,,26610,19,,,1,30,,26630,19,,,1,70,,26612,19,,,1,30,,26634,19,,,1,70,,26623,19,,,1,30,,26627,19,,,1,70,,26615,19,,,1,30,,26631,19,,,1,70,,26635,19,,,1,30,,26620,19,,,1,70,,26626,19,,,1,30,,26632,19,,,1,70,,26629,19,,,1,30,,26613,19,,,1
20300,'7',1909,,26637,19,,,1,30,,26643,19,,,1,70,,26638,19,,,1,30,,26644,19,,,1,70,,26640,19,,,1,30,,26641,19,,,1,70,,26645,19,,,1,30,,26642,19,,,1,70,,26639,19,,,1
20300,'8',1909,,26650,19,,,1,30,,26652,19,,,1,70,,26649,19,,,1,30,,26654,19,,,1,70,,26646,19,,,1,30,,26648,19,,,1,70,,26651,19,,,1,30,,26647,19,,,1,70,,26653,19,,,1
20300,'9',1909,,26656,19,,,1,30,,26657,19,,,1,70,,26658,19,,,1,30,,26663,19,,,1,70,,26661,19,,,1,30,,26655,19,,,1,70,,26659,19,,,1,30,,26662,19,,,1,70,,26660,19,,,1
