11300,'1',630,,24507,15,,,1,100,,24518,15,,,1,100,,24513,15,,,1,100,,24510,15,,,1,100,,24522,15,,,1,100,,19261,15,,,1,100,,24521,15,,,1,100,,24506,15,,,1,100,,24525,15,,,1,100,,24532,15,,,1,100,,24523,15,,,1,100,,24528,15,,,1,100,,24527,15,,,1
11300,'2',630,,24538,15,,,1,100,,24542,15,,,1,100,,24556,15,,,1,100,,24552,15,,,1,100,,24548,15,,,1,100,,24534,15,,,1,100,,24546,15,,,1,100,,24533,15,,,1,100,,24563,15,,,1,100,,24570,15,,,1,100,,24541,15,,,1,100,,24566,15,,,1,100,,24557,15,,,1
11300,'3',630,,24609,15,,,1,100,,24582,15,,,1,100,,24573,15,,,1,100,,24586,15,,,1,100,,24575,15,,,1,100,,24606,15,,,1,100,,24580,15,,,1,100,,24594,15,,,1,100,,24592,15,,,1,100,,24591,15,,,1,100,,24576,15,,,1,100,,24598,15,,,1,100,,24574,15,,,1
11300,'4',630,,24637,15,,,1,100,,24647,15,,,1,100,,24642,15,,,1,100,,24634,15,,,1,100,,24619,15,,,1,100,,24628,15,,,1,100,,24630,15,,,1,100,,24618,15,,,1,100,,24617,15,,,1,100,,24629,15,,,1,100,,24633,15,,,1,100,,24632,15,,,1,100,,24643,15,,,1
11300,'5',630,,24671,15,,,1,100,,24668,15,,,1,100,,24653,15,,,1,100,,24652,15,,,1,100,,24674,15,,,1,100,,24667,15,,,1,100,,24686,15,,,1,100,,24658,15,,,1,100,,24650,15,,,1,100,,24682,15,,,1,100,,24679,15,,,1,100,,24675,15,,,1,100,,24677,15,,,1
11300,'7',630,,24711,15,,,1,100,,24719,15,,,1,100,,24724,15,,,1,100,,24700,15,,,1,100,,24716,15,,,1,100,,24718,15,,,1,100,,24726,15,,,1,100,,24720,15,,,1,100,,24709,15,,,1,100,,24703,15,,,1,100,,24696,15,,,1,100,,24704,15,,,1,100,,24722,15,,,1
11300,'8',630,,24759,15,,,1,100,,24727,15,,,1,100,,24758,15,,,1,100,,24755,15,,,1,100,,24764,15,,,1,100,,24730,15,,,1,100,,24751,15,,,1,100,,24754,15,,,1,100,,24752,15,,,1,100,,24765,15,,,1,100,,24729,15,,,1,100,,24756,15,,,1,100,,24744,15,,,1
11300,'9',630,,24778,15,,,1,100,,24797,15,,,1,100,,24795,15,,,1,100,,24766,15,,,1,100,,24772,15,,,1,100,,24801,15,,,1,100,,24803,15,,,1,100,,24773,15,,,1,100,,24770,15,,,1,100,,24787,15,,,1,100,,24798,15,,,1,100,,24768,15,,,1,100,,24780,15,,,1
21300,'1',1929,,28956,15,,,1,100,,28955,15,,,1,100,,28957,15,,,1,100,,28954,15,,,1
21300,'10',729,,28959,15,,,1,100,,28970,15,,,1,100,,28966,15,,,1,100,,28964,15,,,1,100,,28962,15,,,1,100,,28961,15,,,1,100,,28969,15,,,1,100,,28960,15,,,1,100,,28965,15,,,1,100,,28958,15,,,1,100,,28963,15,,,1,100,,28968,15,,,1,100,,28967,15,,,1
21300,'11',729,,28980,15,,,1,100,,28978,15,,,1,100,,28974,15,,,1,100,,28983,15,,,1,100,,28982,15,,,1,100,,28972,15,,,1,100,,28981,15,,,1,100,,28973,15,,,1,100,,28979,15,,,1,100,,28977,15,,,1,100,,28971,15,,,1,100,,28976,15,,,1,100,,28975,15,,,1
21300,'2',1929,,28985,15,,,1,100,,28987,15,,,1,100,,28986,15,,,1,100,,28984,15,,,1
21300,'3',1929,,28989,15,,,1,100,,28988,15,,,1,100,,28990,15,,,1,100,,28991,15,,,1
21300,'4',1929,,28992,15,,,1,100,,28993,15,,,1,100,,28994,15,,,1,100,,28995,15,,,1
21300,'5',1929,,28998,15,,,1,100,,28996,15,,,1,100,,28999,15,,,1,100,,28997,15,,,1
21300,'6',729,,29009,15,,,1,100,,29010,15,,,1,100,,29003,15,,,1,100,,29002,15,,,1,100,,29000,15,,,1,100,,29005,15,,,1,100,,29001,15,,,1,100,,29008,15,,,1,100,,29006,15,,,1,100,,29011,15,,,1,100,,29004,15,,,1,100,,29007,15,,,1,100,,29012,15,,,1
21300,'7',1929,,29015,15,,,1,100,,29016,15,,,1,100,,29014,15,,,1,100,,29013,15,,,1
21300,'8',1929,,29018,15,,,1,100,,29020,15,,,1,100,,29019,15,,,1,100,,29017,15,,,1
21300,'9',1929,,29023,15,,,1,100,,29021,15,,,1,100,,29024,15,,,1,100,,29022,15,,,1
