11300,'1',632,,24507,19,,,1,100,,24518,19,,,1,100,,24513,19,,,1,100,,24510,19,,,1,100,,24522,19,,,1,100,,19261,19,,,1,100,,24521,19,,,1,100,,24506,19,,,1,100,,24525,19,,,1,100,,24532,19,,,1,100,,24523,19,,,1,100,,24528,19,,,1,100,,24527,19,,,1
11300,'2',632,,24538,19,,,1,100,,24542,19,,,1,100,,24556,19,,,1,100,,24552,19,,,1,100,,24548,19,,,1,100,,24534,19,,,1,100,,24546,19,,,1,100,,24533,19,,,1,100,,24563,19,,,1,100,,24570,19,,,1,100,,24541,19,,,1,100,,24566,19,,,1,100,,24557,19,,,1
11300,'3',632,,24609,19,,,1,100,,24582,19,,,1,100,,24573,19,,,1,100,,24586,19,,,1,100,,24575,19,,,1,100,,24606,19,,,1,100,,24580,19,,,1,100,,24594,19,,,1,100,,24592,19,,,1,100,,24591,19,,,1,100,,24576,19,,,1,100,,24598,19,,,1,100,,24574,19,,,1
11300,'4',632,,24637,19,,,1,100,,24647,19,,,1,100,,24642,19,,,1,100,,24634,19,,,1,100,,24619,19,,,1,100,,24628,19,,,1,100,,24630,19,,,1,100,,24618,19,,,1,100,,24617,19,,,1,100,,24629,19,,,1,100,,24633,19,,,1,100,,24632,19,,,1,100,,24643,19,,,1
11300,'5',632,,24671,19,,,1,100,,24668,19,,,1,100,,24653,19,,,1,100,,24652,19,,,1,100,,24674,19,,,1,100,,24667,19,,,1,100,,24686,19,,,1,100,,24658,19,,,1,100,,24650,19,,,1,100,,24682,19,,,1,100,,24679,19,,,1,100,,24675,19,,,1,100,,24677,19,,,1
11300,'7',632,,24711,19,,,1,100,,24719,19,,,1,100,,24724,19,,,1,100,,24700,19,,,1,100,,24716,19,,,1,100,,24718,19,,,1,100,,24726,19,,,1,100,,24720,19,,,1,100,,24709,19,,,1,100,,24703,19,,,1,100,,24696,19,,,1,100,,24704,19,,,1,100,,24722,19,,,1
11300,'8',632,,24759,19,,,1,100,,24727,19,,,1,100,,24758,19,,,1,100,,24755,19,,,1,100,,24764,19,,,1,100,,24730,19,,,1,100,,24751,19,,,1,100,,24754,19,,,1,100,,24752,19,,,1,100,,24765,19,,,1,100,,24729,19,,,1,100,,24756,19,,,1,100,,24744,19,,,1
11300,'9',632,,24778,19,,,1,100,,24797,19,,,1,100,,24795,19,,,1,100,,24766,19,,,1,100,,24772,19,,,1,100,,24801,19,,,1,100,,24803,19,,,1,100,,24773,19,,,1,100,,24770,19,,,1,100,,24787,19,,,1,100,,24798,19,,,1,100,,24768,19,,,1,100,,24780,19,,,1
21300,'1',1931,,28956,19,,,1,100,,28955,19,,,1,100,,28957,19,,,1,100,,28954,19,,,1
21300,'10',731,,28959,19,,,1,100,,28970,19,,,1,100,,28966,19,,,1,100,,28964,19,,,1,100,,28962,19,,,1,100,,28961,19,,,1,100,,28969,19,,,1,100,,28960,19,,,1,100,,28965,19,,,1,100,,28958,19,,,1,100,,28963,19,,,1,100,,28968,19,,,1,100,,28967,19,,,1
21300,'11',731,,28980,19,,,1,100,,28978,19,,,1,100,,28974,19,,,1,100,,28983,19,,,1,100,,28982,19,,,1,100,,28972,19,,,1,100,,28981,19,,,1,100,,28973,19,,,1,100,,28979,19,,,1,100,,28977,19,,,1,100,,28971,19,,,1,100,,28976,19,,,1,100,,28975,19,,,1
21300,'2',1931,,28985,19,,,1,100,,28987,19,,,1,100,,28986,19,,,1,100,,28984,19,,,1
21300,'3',1931,,28989,19,,,1,100,,28988,19,,,1,100,,28990,19,,,1,100,,28991,19,,,1
21300,'4',1931,,28992,19,,,1,100,,28993,19,,,1,100,,28994,19,,,1,100,,28995,19,,,1
21300,'5',1931,,28998,19,,,1,100,,28996,19,,,1,100,,28999,19,,,1,100,,28997,19,,,1
21300,'6',731,,29009,19,,,1,100,,29010,19,,,1,100,,29003,19,,,1,100,,29002,19,,,1,100,,29000,19,,,1,100,,29005,19,,,1,100,,29001,19,,,1,100,,29008,19,,,1,100,,29006,19,,,1,100,,29011,19,,,1,100,,29004,19,,,1,100,,29007,19,,,1,100,,29012,19,,,1
21300,'7',1931,,29015,19,,,1,100,,29016,19,,,1,100,,29014,19,,,1,100,,29013,19,,,1
21300,'8',1931,,29018,19,,,1,100,,29020,19,,,1,100,,29019,19,,,1,100,,29017,19,,,1
21300,'9',1931,,29023,19,,,1,100,,29021,19,,,1,100,,29024,19,,,1,100,,29022,19,,,1
