10300,'1',640,,20317,16,,,1,3,,20317,23,,,1,97,,20326,16,,,1,3,,20326,23,,,1,67,,20325,16,,,1,3,,20325,23,,,1,27,,20323,16,,,1,3,,20323,23,,,1,67,,20320,16,,,1,3,,20320,23,,,1,27,,20330,16,,,1,3,,20330,23,,,1,67,,20334,16,,,1,3,,20334,23,,,1,27,,20329,16,,,1,3,,20329,23,,,1,97,,20327,16,,,1,3,,20327,23,,,1,97,,20318,16,,,1,3,,20318,23,,,1,97,,20324,16,,,1,3,,20324,23,,,1,97,,20322,16,,,1,3,,20322,23,,,1,97,,20319,16,,,1,3,,20319,23,,,1,67,,20316,16,,,1,3,,20316,23,,,1,27,,20321,16,,,1,3,,20321,23,,,1,67,,20332,16,,,1,3,,20332,23,,,1,27,,20328,16,,,1,3,,20328,23,,,1,67,,20333,16,,,1,3,,20333,23,,,1,27,,20331,16,,,1,3,,20331,23,,,1
10300,'2',640,,20347,16,,,1,3,,20347,23,,,1,97,,20349,16,,,1,3,,20349,23,,,1,67,,20345,16,,,1,3,,20345,23,,,1,27,,20338,16,,,1,3,,20338,23,,,1,67,,20351,16,,,1,3,,20351,23,,,1,27,,20335,16,,,1,3,,20335,23,,,1,67,,20340,16,,,1,3,,20340,23,,,1,27,,20339,16,,,1,3,,20339,23,,,1,97,,18114,16,,,1,3,,18114,23,,,1,97,,20336,16,,,1,3,,20336,23,,,1,97,,20342,16,,,1,3,,20342,23,,,1,97,,20337,16,,,1,3,,20337,23,,,1,97,,20343,16,,,1,3,,20343,23,,,1,67,,20346,16,,,1,3,,20346,23,,,1,27,,20350,16,,,1,3,,20350,23,,,1,67,,20348,16,,,1,3,,20348,23,,,1,27,,20352,16,,,1,3,,20352,23,,,1,67,,20344,16,,,1,3,,20344,23,,,1,27,,20341,16,,,1,3,,20341,23,,,1
10300,'3',640,,20353,16,,,1,3,,20353,23,,,1,97,,20362,16,,,1,3,,20362,23,,,1,67,,20369,16,,,1,3,,20369,23,,,1,27,,20358,16,,,1,3,,20358,23,,,1,67,,20363,16,,,1,3,,20363,23,,,1,27,,20354,16,,,1,3,,20354,23,,,1,67,,20364,16,,,1,3,,20364,23,,,1,27,,20367,16,,,1,3,,20367,23,,,1,97,,20370,16,,,1,3,,20370,23,,,1,97,,20371,16,,,1,3,,20371,23,,,1,97,,20355,16,,,1,3,,20355,23,,,1,97,,20356,16,,,1,3,,20356,23,,,1,97,,20359,16,,,1,3,,20359,23,,,1,67,,20365,16,,,1,3,,20365,23,,,1,27,,20361,16,,,1,3,,20361,23,,,1,67,,20357,16,,,1,3,,20357,23,,,1,27,,20366,16,,,1,3,,20366,23,,,1,67,,20360,16,,,1,3,,20360,23,,,1,27,,20368,16,,,1,3,,20368,23,,,1
10300,'4',640,,20390,16,,,1,3,,20390,23,,,1,97,,20388,16,,,1,3,,20388,23,,,1,67,,20376,16,,,1,3,,20376,23,,,1,27,,20377,16,,,1,3,,20377,23,,,1,67,,20389,16,,,1,3,,20389,23,,,1,27,,20387,16,,,1,3,,20387,23,,,1,67,,20382,16,,,1,3,,20382,23,,,1,27,,20378,16,,,1,3,,20378,23,,,1,97,,20374,16,,,1,3,,20374,23,,,1,97,,20372,16,,,1,3,,20372,23,,,1,97,,20375,16,,,1,3,,20375,23,,,1,97,,20383,16,,,1,3,,20383,23,,,1,97,,20381,16,,,1,3,,20381,23,,,1,67,,20373,16,,,1,3,,20373,23,,,1,27,,20386,16,,,1,3,,20386,23,,,1,67,,20385,16,,,1,3,,20385,23,,,1,27,,20380,16,,,1,3,,20380,23,,,1,67,,20379,16,,,1,3,,20379,23,,,1,27,,20384,16,,,1,3,,20384,23,,,1
10300,'5',640,,20400,16,,,1,3,,20400,23,,,1,97,,20403,16,,,1,3,,20403,23,,,1,67,,20395,16,,,1,3,,20395,23,,,1,27,,20397,16,,,1,3,,20397,23,,,1,67,,20405,16,,,1,3,,20405,23,,,1,27,,20407,16,,,1,3,,20407,23,,,1,67,,20409,16,,,1,3,,20409,23,,,1,27,,20394,16,,,1,3,,20394,23,,,1,97,,20404,16,,,1,3,,20404,23,,,1,97,,20401,16,,,1,3,,20401,23,,,1,97,,20396,16,,,1,3,,20396,23,,,1,97,,20398,16,,,1,3,,20398,23,,,1,97,,20406,16,,,1,3,,20406,23,,,1,67,,20399,16,,,1,3,,20399,23,,,1,27,,20393,16,,,1,3,,20393,23,,,1,67,,20402,16,,,1,3,,20402,23,,,1,27,,20392,16,,,1,3,,20392,23,,,1,67,,20408,16,,,1,3,,20408,23,,,1,27,,20391,16,,,1,3,,20391,23,,,1
10300,'7',640,,20423,16,,,1,3,,20423,23,,,1,97,,20419,16,,,1,3,,20419,23,,,1,67,,20417,16,,,1,3,,20417,23,,,1,27,,20428,16,,,1,3,,20428,23,,,1,67,,20427,16,,,1,3,,20427,23,,,1,27,,20421,16,,,1,3,,20421,23,,,1,67,,20422,16,,,1,3,,20422,23,,,1,27,,20413,16,,,1,3,,20413,23,,,1,97,,20411,16,,,1,3,,20411,23,,,1,97,,20414,16,,,1,3,,20414,23,,,1,97,,20426,16,,,1,3,,20426,23,,,1,97,,20412,16,,,1,3,,20412,23,,,1,97,,20420,16,,,1,3,,20420,23,,,1,67,,20415,16,,,1,3,,20415,23,,,1,27,,20424,16,,,1,3,,20424,23,,,1,67,,20425,16,,,1,3,,20425,23,,,1,27,,20418,16,,,1,3,,20418,23,,,1,67,,20410,16,,,1,3,,20410,23,,,1,27,,20416,16,,,1,3,,20416,23,,,1
10300,'8',640,,20442,16,,,1,3,,20442,23,,,1,97,,20439,16,,,1,3,,20439,23,,,1,67,,20432,16,,,1,3,,20432,23,,,1,27,,20444,16,,,1,3,,20444,23,,,1,67,,20433,16,,,1,3,,20433,23,,,1,27,,20435,16,,,1,3,,20435,23,,,1,67,,20441,16,,,1,3,,20441,23,,,1,27,,20434,16,,,1,3,,20434,23,,,1,97,,20429,16,,,1,3,,20429,23,,,1,97,,20436,16,,,1,3,,20436,23,,,1,97,,20447,16,,,1,3,,20447,23,,,1,97,,20438,16,,,1,3,,20438,23,,,1,97,,20445,16,,,1,3,,20445,23,,,1,67,,20437,16,,,1,3,,20437,23,,,1,27,,20443,16,,,1,3,,20443,23,,,1,67,,20446,16,,,1,3,,20446,23,,,1,27,,20430,16,,,1,3,,20430,23,,,1,67,,20431,16,,,1,3,,20431,23,,,1,27,,20440,16,,,1,3,,20440,23,,,1
10300,'9',640,,20448,16,,,1,3,,20448,23,,,1,97,,20458,16,,,1,3,,20458,23,,,1,67,,20457,16,,,1,3,,20457,23,,,1,27,,20464,16,,,1,3,,20464,23,,,1,67,,20452,16,,,1,3,,20452,23,,,1,27,,20462,16,,,1,3,,20462,23,,,1,67,,20453,16,,,1,3,,20453,23,,,1,27,,20461,16,,,1,3,,20461,23,,,1,97,,20460,16,,,1,3,,20460,23,,,1,97,,20449,16,,,1,3,,20449,23,,,1,97,,20450,16,,,1,3,,20450,23,,,1,97,,20459,16,,,1,3,,20459,23,,,1,97,,20465,16,,,1,3,,20465,23,,,1,67,,20463,16,,,1,3,,20463,23,,,1,27,,20454,16,,,1,3,,20454,23,,,1,67,,20455,16,,,1,3,,20455,23,,,1,27,,20451,16,,,1,3,,20451,23,,,1,67,,20466,16,,,1,3,,20466,23,,,1,27,,20456,16,,,1,3,,20456,23,,,1
20300,'1',1912,,26519,24,,,1,30,,26514,24,,,1,70,,26516,24,,,1,30,,19313,24,,,1,70,,26513,24,,,1,30,,26517,24,,,1,70,,26515,24,,,1,30,,26512,24,,,1,70,,26518,24,,,1
20300,'10',742,,26525,24,,,1,70,,26536,24,,,1,30,,26521,24,,,1,70,,26546,24,,,1,30,,26545,24,,,1,70,,26529,24,,,1,30,,26544,24,,,1,70,,26526,24,,,1,30,,26530,24,,,1,70,,26531,24,,,1,30,,26528,24,,,1,70,,26537,24,,,1,30,,26523,24,,,1,70,,26527,24,,,1,30,,26520,24,,,1,70,,26542,24,,,1,30,,26524,24,,,1,70,,26533,24,,,1,30,,26540,24,,,1,70,,26522,24,,,1,30,,26538,24,,,1,70,,26532,24,,,1,30,,26543,24,,,1,70,,26534,24,,,1,30,,26535,24,,,1,70,,26541,24,,,1,30,,26539,24,,,1
20300,'11',742,,26571,24,,,1,70,,26558,24,,,1,30,,26572,24,,,1,70,,26553,24,,,1,30,,26573,24,,,1,70,,26547,24,,,1,30,,26561,24,,,1,70,,26560,24,,,1,30,,26569,24,,,1,70,,26549,24,,,1,30,,26566,24,,,1,70,,26554,24,,,1,30,,26550,24,,,1,70,,26551,24,,,1,30,,26556,24,,,1,70,,26548,24,,,1,30,,26564,24,,,1,70,,26563,24,,,1,30,,26559,24,,,1,70,,26555,24,,,1,30,,26562,24,,,1,70,,26552,24,,,1,30,,26557,24,,,1,70,,26567,24,,,1,30,,26565,24,,,1,70,,26570,24,,,1,30,,26568,24,,,1
20300,'2',1912,,26581,24,,,1,30,,26575,24,,,1,70,,26580,24,,,1,30,,26578,24,,,1,70,,26582,24,,,1,30,,26579,24,,,1,70,,26576,24,,,1,30,,26574,24,,,1,70,,26577,24,,,1
20300,'3',1912,,26585,24,,,1,30,,26589,24,,,1,70,,26586,24,,,1,30,,26590,24,,,1,70,,26583,24,,,1,30,,26591,24,,,1,70,,26584,24,,,1,30,,26587,24,,,1,70,,26588,24,,,1
20300,'4',1912,,26598,24,,,1,30,,26592,24,,,1,70,,26594,24,,,1,30,,26595,24,,,1,70,,26599,24,,,1,30,,26597,24,,,1,70,,26600,24,,,1,30,,26596,24,,,1,70,,26593,24,,,1
20300,'5',1912,,26607,24,,,1,30,,26601,24,,,1,70,,26606,24,,,1,30,,26604,24,,,1,70,,26609,24,,,1,30,,26605,24,,,1,70,,26602,24,,,1,30,,26603,24,,,1,70,,26608,24,,,1
20300,'6',742,,26622,24,,,1,70,,26636,24,,,1,30,,26628,24,,,1,70,,26621,24,,,1,30,,26616,24,,,1,70,,26618,24,,,1,30,,26619,24,,,1,70,,26624,24,,,1,30,,26611,24,,,1,70,,26625,24,,,1,30,,26617,24,,,1,70,,26633,24,,,1,30,,26614,24,,,1,70,,26610,24,,,1,30,,26630,24,,,1,70,,26612,24,,,1,30,,26634,24,,,1,70,,26623,24,,,1,30,,26627,24,,,1,70,,26615,24,,,1,30,,26631,24,,,1,70,,26635,24,,,1,30,,26620,24,,,1,70,,26626,24,,,1,30,,26632,24,,,1,70,,26629,24,,,1,30,,26613,24,,,1
20300,'7',1912,,26637,24,,,1,30,,26643,24,,,1,70,,26638,24,,,1,30,,26644,24,,,1,70,,26640,24,,,1,30,,26641,24,,,1,70,,26645,24,,,1,30,,26642,24,,,1,70,,26639,24,,,1
20300,'8',1912,,26650,24,,,1,30,,26652,24,,,1,70,,26649,24,,,1,30,,26654,24,,,1,70,,26646,24,,,1,30,,26648,24,,,1,70,,26651,24,,,1,30,,26647,24,,,1,70,,26653,24,,,1
20300,'9',1912,,26656,24,,,1,30,,26657,24,,,1,70,,26658,24,,,1,30,,26663,24,,,1,70,,26661,24,,,1,30,,26655,24,,,1,70,,26659,24,,,1,30,,26662,24,,,1,70,,26660,24,,,1
