11600,'1',640,,25805,5,,,1,70,,25771,5,,,1,30,,19042,5,,,1,70,,17594,5,,,1,30,,25808,5,,,1,70,,25777,5,,,1,30,,25807,5,,,1,70,,25810,5,,,1,30,,25774,5,,,1,70,,25811,5,,,1,30,,25781,5,,,1,70,,25789,5,,,1,30,,25798,5,,,1,70,,25799,5,,,1,30,,25790,5,,,1,70,,25804,5,,,1,30,,25792,5,,,1,70,,25784,5,,,1,30,,25802,5,,,1,70,,25785,5,,,1,30,,25768,5,,,1,70,,25783,5,,,1,30,,25797,5,,,1
11600,'2',640,,25816,5,,,1,70,,14960,5,,,1,30,,25837,5,,,1,70,,25826,5,,,1,30,,25813,5,,,1,70,,25845,5,,,1,30,,25828,5,,,1,70,,25815,5,,,1,30,,25819,5,,,1,70,,25834,5,,,1,30,,25843,5,,,1,70,,25847,5,,,1,30,,25856,5,,,1,70,,25853,5,,,1,30,,25824,5,,,1,70,,25836,5,,,1,30,,25820,5,,,1,70,,25833,5,,,1,30,,25812,5,,,1,70,,25855,5,,,1,30,,25839,5,,,1,70,,25838,5,,,1,30,,25818,5,,,1
11600,'3',640,,25888,5,,,1,70,,25885,5,,,1,30,,25902,5,,,1,70,,25893,5,,,1,30,,25864,5,,,1,70,,25899,5,,,1,30,,25897,5,,,1,70,,25900,5,,,1,30,,25887,5,,,1,70,,25859,5,,,1,30,,25866,5,,,1,70,,25884,5,,,1,30,,25865,5,,,1,70,,25901,5,,,1,30,,25868,5,,,1,70,,25860,5,,,1,30,,25898,5,,,1,70,,25870,5,,,1,30,,25873,5,,,1,70,,25890,5,,,1,30,,25889,5,,,1,70,,25879,5,,,1,30,,25874,5,,,1
11600,'4',640,,25919,5,,,1,70,,25909,5,,,1,30,,25904,5,,,1,70,,25929,5,,,1,30,,25922,5,,,1,70,,25938,5,,,1,30,,25946,5,,,1,70,,25944,5,,,1,30,,25925,5,,,1,70,,25923,5,,,1,30,,25932,5,,,1,70,,25910,5,,,1,30,,25905,5,,,1,70,,25927,5,,,1,30,,25933,5,,,1,70,,25941,5,,,1,30,,25937,5,,,1,70,,25918,5,,,1,30,,25908,5,,,1,70,,25930,5,,,1,30,,25934,5,,,1,70,,25921,5,,,1,30,,25942,5,,,1
11600,'5',640,,25988,5,,,1,70,,25950,5,,,1,30,,25969,5,,,1,70,,25989,5,,,1,30,,25966,5,,,1,70,,25963,5,,,1,30,,25994,5,,,1,70,,25979,5,,,1,30,,25962,5,,,1,70,,25972,5,,,1,30,,25975,5,,,1,70,,25971,5,,,1,30,,25952,5,,,1,70,,25991,5,,,1,30,,25974,5,,,1,70,,25978,5,,,1,30,,25986,5,,,1,70,,25980,5,,,1,30,,25985,5,,,1,70,,25951,5,,,1,30,,25953,5,,,1,70,,25965,5,,,1,30,,25970,5,,,1
11600,'7',640,,26021,5,,,1,70,,26032,5,,,1,30,,26010,5,,,1,70,,26036,5,,,1,30,,26033,5,,,1,70,,26013,5,,,1,30,,26001,5,,,1,70,,26026,5,,,1,30,,26025,5,,,1,70,,26018,5,,,1,30,,26020,5,,,1,70,,26028,5,,,1,30,,26037,5,,,1,70,,26007,5,,,1,30,,26004,5,,,1,70,,26034,5,,,1,30,,26029,5,,,1,70,,26040,5,,,1,30,,26030,5,,,1,70,,25997,5,,,1,30,,26012,5,,,1,70,,26002,5,,,1,30,,26003,5,,,1
11600,'8',640,,26048,5,,,1,70,,26079,5,,,1,30,,26069,5,,,1,70,,26065,5,,,1,30,,26041,5,,,1,70,,26083,5,,,1,30,,26078,5,,,1,70,,26059,5,,,1,30,,26046,5,,,1,70,,26053,5,,,1,30,,26067,5,,,1,70,,26077,5,,,1,30,,26074,5,,,1,70,,26058,5,,,1,30,,26072,5,,,1,70,,26042,5,,,1,30,,26084,5,,,1,70,,26080,5,,,1,30,,26070,5,,,1,70,,26061,5,,,1,30,,26075,5,,,1,70,,26068,5,,,1,30,,26082,5,,,1
11600,'9',640,,26114,5,,,1,70,,26094,5,,,1,30,,26123,5,,,1,70,,26128,5,,,1,30,,26113,5,,,1,70,,26101,5,,,1,30,,26118,5,,,1,70,,26087,5,,,1,30,,26099,5,,,1,70,,26089,5,,,1,30,,26109,5,,,1,70,,26126,5,,,1,30,,26117,5,,,1,70,,26110,5,,,1,30,,26105,5,,,1,70,,26092,5,,,1,30,,26124,5,,,1,70,,26132,5,,,1,30,,26121,5,,,1,70,,26096,5,,,1,30,,26088,5,,,1,70,,26098,5,,,1,30,,26115,5,,,1
21600,'1',1810,,29404,5,,,1,30,,29411,5,,,1,70,,29393,5,,,1,30,,29389,5,,,1,70,,29391,5,,,1,30,,29408,5,,,1,70,,29396,5,,,1,30,,29402,5,,,1,70,,29405,5,,,1,30,,29399,5,,,1,70,,29394,5,,,1,30,,29412,5,,,1
21600,'10',710,,29434,5,,,1,30,,29443,5,,,1,70,,29436,5,,,1,30,,29458,5,,,1,70,,29437,5,,,1,30,,29433,5,,,1,70,,29422,5,,,1,30,,29466,5,,,1,70,,29459,5,,,1,30,,29420,5,,,1,70,,29425,5,,,1,30,,29456,5,,,1,70,,29431,5,,,1,30,,29435,5,,,1,70,,29464,5,,,1,30,,29439,5,,,1,70,,19714,5,,,1,30,,29461,5,,,1,70,,29418,5,,,1,30,,29428,5,,,1,70,,29467,5,,,1,30,,29423,5,,,1,70,,29460,5,,,1,30,,29450,5,,,1,70,,29457,5,,,1,30,,29413,5,,,1,70,,29414,5,,,1,30,,29426,5,,,1,70,,29448,5,,,1
21600,'11',710,,29472,5,,,1,30,,29475,5,,,1,70,,29514,5,,,1,30,,29520,5,,,1,70,,29471,5,,,1,30,,29519,5,,,1,70,,29483,5,,,1,30,,29479,5,,,1,70,,29477,5,,,1,30,,29524,5,,,1,70,,29523,5,,,1,30,,29487,5,,,1,70,,29488,5,,,1,30,,29499,5,,,1,70,,29521,5,,,1,30,,29512,5,,,1,70,,29503,5,,,1,30,,29492,5,,,1,70,,29525,5,,,1,30,,29500,5,,,1,70,,29484,5,,,1,30,,29478,5,,,1,70,,29506,5,,,1,30,,29505,5,,,1,70,,29507,5,,,1,30,,29494,5,,,1,70,,29482,5,,,1,30,,29497,5,,,1,70,,29509,5,,,1
21600,'2',1810,,29540,5,,,1,30,,29544,5,,,1,70,,29537,5,,,1,30,,29528,5,,,1,70,,29535,5,,,1,30,,29534,5,,,1,70,,29538,5,,,1,30,,29545,5,,,1,70,,29531,5,,,1,30,,29533,5,,,1,70,,29547,5,,,1,30,,29541,5,,,1
21600,'3',1810,,29562,5,,,1,30,,29551,5,,,1,70,,29558,5,,,1,30,,29550,5,,,1,70,,29549,5,,,1,30,,29552,5,,,1,70,,29571,5,,,1,30,,29555,5,,,1,70,,29554,5,,,1,30,,29569,5,,,1,70,,29570,5,,,1,30,,29559,5,,,1
21600,'4',1810,,29582,5,,,1,30,,29595,5,,,1,70,,29584,5,,,1,30,,29588,5,,,1,70,,29593,5,,,1,30,,29575,5,,,1,70,,29591,5,,,1,30,,29589,5,,,1,70,,29580,5,,,1,30,,29579,5,,,1,70,,29574,5,,,1,30,,29585,5,,,1
21600,'5',1810,,29601,5,,,1,30,,29604,5,,,1,70,,29606,5,,,1,30,,29619,5,,,1,70,,29603,5,,,1,30,,29600,5,,,1,70,,29612,5,,,1,30,,29609,5,,,1,70,,29614,5,,,1,30,,29598,5,,,1,70,,29608,5,,,1,30,,29618,5,,,1
21600,'6',710,,29671,5,,,1,30,,29667,5,,,1,70,,29653,5,,,1,30,,29664,5,,,1,70,,29638,5,,,1,30,,29639,5,,,1,70,,29673,5,,,1,30,,29658,5,,,1,70,,29629,5,,,1,30,,29676,5,,,1,70,,29632,5,,,1,30,,29637,5,,,1,70,,29654,5,,,1,30,,29670,5,,,1,70,,29636,5,,,1,30,,29622,5,,,1,70,,29623,5,,,1,30,,29661,5,,,1,70,,29621,5,,,1,30,,29652,5,,,1,70,,29647,5,,,1,30,,29657,5,,,1,70,,29642,5,,,1,30,,29668,5,,,1,70,,29665,5,,,1,30,,29627,5,,,1,70,,29659,5,,,1,30,,29672,5,,,1,70,,29646,5,,,1
21600,'7',1810,,29690,5,,,1,30,,29696,5,,,1,70,,29684,5,,,1,30,,29698,5,,,1,70,,29699,5,,,1,30,,29702,5,,,1,70,,29693,5,,,1,30,,29681,5,,,1,70,,29700,5,,,1,30,,29679,5,,,1,70,,29683,5,,,1,30,,29680,5,,,1
21600,'8',1810,,29713,5,,,1,30,,29706,5,,,1,70,,29725,5,,,1,30,,29722,5,,,1,70,,29724,5,,,1,30,,29711,5,,,1,70,,29703,5,,,1,30,,29716,5,,,1,70,,29704,5,,,1,30,,29714,5,,,1,70,,29720,5,,,1,30,,29710,5,,,1
21600,'9',1810,,29741,5,,,1,30,,29747,5,,,1,70,,29730,5,,,1,30,,29729,5,,,1,70,,29732,5,,,1,30,,29738,5,,,1,70,,29737,5,,,1,30,,29739,5,,,1,70,,29731,5,,,1,30,,29734,5,,,1,70,,29745,5,,,1,30,,29735,5,,,1
