11601,'1',614,,26176,12,0,9 3 10 16,1,30,,26150,12,0,9 3 10 16,1,70,,26158,12,0,9 3 10 16,1,30,,26170,12,0,9 3 10 16,1,70,,18245,12,0,9 3 10 16,1,30,,26144,12,0,9 3 10 16,1,70,,26173,12,0,9 3 10 16,1,30,,26135,12,0,9 3 10 16,1,70,,26136,12,0,9 3 10 16,1,30,,26161,12,0,9 3 10 16,1,70,,26160,12,0,9 3 10 16,1,30,,26155,12,0,9 3 10 16,1,70,,26137,12,0,9 3 10 16,1,30,,26174,12,0,9 3 10 16,1,70,,26143,12,0,9 3 10 16,1,30,,26172,12,0,9 3 10 16,1,70,,26148,12,0,9 3 10 16,1,30,,26142,12,0,9 3 10 16,1,70,,26157,12,0,9 3 10 16,1,30,,26162,12,0,9 3 10 16,1,70,,26154,12,0,9 3 10 16,1,30,,26168,12,0,9 3 10 16,1,70,,26163,12,0,9 3 10 16,1,30,,19734,12,0,9 3 10 16,1
11601,'2',614,,26218,12,0,9 3 10 16,1,30,,26192,12,0,9 3 10 16,1,70,,26223,12,0,9 3 10 16,1,30,,26219,12,0,9 3 10 16,1,70,,26188,12,0,9 3 10 16,1,30,,26193,12,0,9 3 10 16,1,70,,26214,12,0,9 3 10 16,1,30,,26208,12,0,9 3 10 16,1,70,,26182,12,0,9 3 10 16,1,30,,26217,12,0,9 3 10 16,1,70,,26178,12,0,9 3 10 16,1,30,,26215,12,0,9 3 10 16,1,70,,26221,12,0,9 3 10 16,1,30,,26194,12,0,9 3 10 16,1,70,,26186,12,0,9 3 10 16,1,30,,26195,12,0,9 3 10 16,1,70,,26203,12,0,9 3 10 16,1,30,,26211,12,0,9 3 10 16,1,70,,26189,12,0,9 3 10 16,1,30,,26213,12,0,9 3 10 16,1,70,,26181,12,0,9 3 10 16,1,30,,26212,12,0,9 3 10 16,1,70,,26198,12,0,9 3 10 16,1,30,,26185,12,0,9 3 10 16,1
11601,'3',614,,26226,12,0,9 3 10 16,1,30,,26268,12,0,9 3 10 16,1,70,,26227,12,0,9 3 10 16,1,30,,26251,12,0,9 3 10 16,1,70,,26266,12,0,9 3 10 16,1,30,,26244,12,0,9 3 10 16,1,70,,26256,12,0,9 3 10 16,1,30,,26264,12,0,9 3 10 16,1,70,,26254,12,0,9 3 10 16,1,30,,26271,12,0,9 3 10 16,1,70,,26260,12,0,9 3 10 16,1,30,,26252,12,0,9 3 10 16,1,70,,26224,12,0,9 3 10 16,1,30,,26237,12,0,9 3 10 16,1,70,,26232,12,0,9 3 10 16,1,30,,26267,12,0,9 3 10 16,1,70,,26259,12,0,9 3 10 16,1,30,,26258,12,0,9 3 10 16,1,70,,26253,12,0,9 3 10 16,1,30,,26249,12,0,9 3 10 16,1,70,,26243,12,0,9 3 10 16,1,30,,26257,12,0,9 3 10 16,1,70,,26228,12,0,9 3 10 16,1,30,,26262,12,0,9 3 10 16,1
11601,'4',614,,26272,12,0,9 3 10 16,1,30,,26300,12,0,9 3 10 16,1,70,,26294,12,0,9 3 10 16,1,30,,26291,12,0,9 3 10 16,1,70,,26309,12,0,9 3 10 16,1,30,,26312,12,0,9 3 10 16,1,70,,26285,12,0,9 3 10 16,1,30,,26315,12,0,9 3 10 16,1,70,,26313,12,0,9 3 10 16,1,30,,26306,12,0,9 3 10 16,1,70,,26318,12,0,9 3 10 16,1,30,,26308,12,0,9 3 10 16,1,70,,26289,12,0,9 3 10 16,1,30,,26288,12,0,9 3 10 16,1,70,,26273,12,0,9 3 10 16,1,30,,26317,12,0,9 3 10 16,1,70,,26293,12,0,9 3 10 16,1,30,,26319,12,0,9 3 10 16,1,70,,26286,12,0,9 3 10 16,1,30,,26292,12,0,9 3 10 16,1,70,,26298,12,0,9 3 10 16,1,30,,26279,12,0,9 3 10 16,1,70,,26314,12,0,9 3 10 16,1,30,,26282,12,0,9 3 10 16,1
11601,'5',614,,26349,12,0,9 3 10 16,1,30,,26356,12,0,9 3 10 16,1,70,,26351,12,0,9 3 10 16,1,30,,26347,12,0,9 3 10 16,1,70,,26366,12,0,9 3 10 16,1,30,,26339,12,0,9 3 10 16,1,70,,26324,12,0,9 3 10 16,1,30,,26361,12,0,9 3 10 16,1,70,,26340,12,0,9 3 10 16,1,30,,26336,12,0,9 3 10 16,1,70,,26331,12,0,9 3 10 16,1,30,,26364,12,0,9 3 10 16,1,70,,26363,12,0,9 3 10 16,1,30,,26342,12,0,9 3 10 16,1,70,,26321,12,0,9 3 10 16,1,30,,26344,12,0,9 3 10 16,1,70,,26338,12,0,9 3 10 16,1,30,,26325,12,0,9 3 10 16,1,70,,26357,12,0,9 3 10 16,1,30,,26322,12,0,9 3 10 16,1,70,,26354,12,0,9 3 10 16,1,30,,26337,12,0,9 3 10 16,1,70,,26350,12,0,9 3 10 16,1,30,,26323,12,0,9 3 10 16,1
11601,'7',614,,26387,12,0,9 3 10 16,1,30,,26403,12,0,9 3 10 16,1,70,,26410,12,0,9 3 10 16,1,30,,26402,12,0,9 3 10 16,1,70,,26401,12,0,9 3 10 16,1,30,,26414,12,0,9 3 10 16,1,70,,26379,12,0,9 3 10 16,1,30,,26371,12,0,9 3 10 16,1,70,,26377,12,0,9 3 10 16,1,30,,26397,12,0,9 3 10 16,1,70,,26393,12,0,9 3 10 16,1,30,,26399,12,0,9 3 10 16,1,70,,26388,12,0,9 3 10 16,1,30,,26382,12,0,9 3 10 16,1,70,,26407,12,0,9 3 10 16,1,30,,26409,12,0,9 3 10 16,1,70,,26381,12,0,9 3 10 16,1,30,,26370,12,0,9 3 10 16,1,70,,26392,12,0,9 3 10 16,1,30,,26374,12,0,9 3 10 16,1,70,,26368,12,0,9 3 10 16,1,30,,26395,12,0,9 3 10 16,1,70,,26389,12,0,9 3 10 16,1,30,,26396,12,0,9 3 10 16,1
11601,'8',614,,26448,12,0,9 3 10 16,1,30,,26422,12,0,9 3 10 16,1,70,,26445,12,0,9 3 10 16,1,30,,26436,12,0,9 3 10 16,1,70,,26419,12,0,9 3 10 16,1,30,,26441,12,0,9 3 10 16,1,70,,26462,12,0,9 3 10 16,1,30,,26432,12,0,9 3 10 16,1,70,,26460,12,0,9 3 10 16,1,30,,26433,12,0,9 3 10 16,1,70,,26455,12,0,9 3 10 16,1,30,,26451,12,0,9 3 10 16,1,70,,26423,12,0,9 3 10 16,1,30,,26440,12,0,9 3 10 16,1,70,,26434,12,0,9 3 10 16,1,30,,26420,12,0,9 3 10 16,1,70,,26439,12,0,9 3 10 16,1,30,,26437,12,0,9 3 10 16,1,70,,26443,12,0,9 3 10 16,1,30,,26454,12,0,9 3 10 16,1,70,,26431,12,0,9 3 10 16,1,30,,26457,12,0,9 3 10 16,1,70,,26459,12,0,9 3 10 16,1,30,,26417,12,0,9 3 10 16,1
11601,'9',614,,26479,12,0,9 3 10 16,1,30,,26500,12,0,9 3 10 16,1,70,,26481,12,0,9 3 10 16,1,30,,26480,12,0,9 3 10 16,1,70,,26486,12,0,9 3 10 16,1,30,,26504,12,0,9 3 10 16,1,70,,26466,12,0,9 3 10 16,1,30,,26492,12,0,9 3 10 16,1,70,,26478,12,0,9 3 10 16,1,30,,26507,12,0,9 3 10 16,1,70,,26505,12,0,9 3 10 16,1,30,,26508,12,0,9 3 10 16,1,70,,26475,12,0,9 3 10 16,1,30,,26471,12,0,9 3 10 16,1,70,,26476,12,0,9 3 10 16,1,30,,26490,12,0,9 3 10 16,1,70,,26502,12,0,9 3 10 16,1,30,,26464,12,0,9 3 10 16,1,70,,26501,12,0,9 3 10 16,1,30,,26511,12,0,9 3 10 16,1,70,,26484,12,0,9 3 10 16,1,30,,26472,12,0,9 3 10 16,1,70,,26470,12,0,9 3 10 16,1,30,,26465,12,0,9 3 10 16,1
21601,'1',1814,,29753,12,0,9 3 10 16,1,30,,29769,12,0,9 3 10 16,1,70,,29764,12,0,9 3 10 16,1,30,,29759,12,0,9 3 10 16,1,70,,29762,12,0,9 3 10 16,1,30,,29765,12,0,9 3 10 16,1,70,,29760,12,0,9 3 10 16,1,30,,18110,12,0,9 3 10 16,1,70,,29756,12,0,9 3 10 16,1,30,,29751,12,0,9 3 10 16,1,70,,29755,12,0,9 3 10 16,1
21601,'10',644,,29788,12,0,9 3 10 16,1,70,,29802,12,0,9 3 10 16,1,30,,29774,12,0,9 3 10 16,1,70,,29812,12,0,9 3 10 16,1,30,,29825,12,0,9 3 10 16,1,70,,29796,12,0,9 3 10 16,1,30,,29775,12,0,9 3 10 16,1,70,,29797,12,0,9 3 10 16,1,30,,29823,12,0,9 3 10 16,1,70,,29781,12,0,9 3 10 16,1,30,,29805,12,0,9 3 10 16,1,70,,29776,12,0,9 3 10 16,1,30,,29814,12,0,9 3 10 16,1,70,,29827,12,0,9 3 10 16,1,30,,29810,12,0,9 3 10 16,1,70,,29773,12,0,9 3 10 16,1,30,,29790,12,0,9 3 10 16,1,70,,29809,12,0,9 3 10 16,1,30,,29824,12,0,9 3 10 16,1,70,,29777,12,0,9 3 10 16,1,30,,29826,12,0,9 3 10 16,1,70,,29785,12,0,9 3 10 16,1,30,,29807,12,0,9 3 10 16,1,70,,29804,12,0,9 3 10 16,1,30,,18981,12,0,9 3 10 16,1,70,,29779,12,0,9 3 10 16,1,30,,29786,12,0,9 3 10 16,1,70,,29808,12,0,9 3 10 16,1,30,,29822,12,0,9 3 10 16,1
21601,'11',644,,29877,12,0,9 3 10 16,1,70,,29860,12,0,9 3 10 16,1,30,,29853,12,0,9 3 10 16,1,70,,29874,12,0,9 3 10 16,1,30,,29850,12,0,9 3 10 16,1,70,,29867,12,0,9 3 10 16,1,30,,29849,12,0,9 3 10 16,1,70,,29852,12,0,9 3 10 16,1,30,,29882,12,0,9 3 10 16,1,70,,29857,12,0,9 3 10 16,1,30,,29868,12,0,9 3 10 16,1,70,,29880,12,0,9 3 10 16,1,30,,29836,12,0,9 3 10 16,1,70,,29844,12,0,9 3 10 16,1,30,,29866,12,0,9 3 10 16,1,70,,29871,12,0,9 3 10 16,1,30,,29859,12,0,9 3 10 16,1,70,,29875,12,0,9 3 10 16,1,30,,29873,12,0,9 3 10 16,1,70,,29864,12,0,9 3 10 16,1,30,,29838,12,0,9 3 10 16,1,70,,29851,12,0,9 3 10 16,1,30,,29870,12,0,9 3 10 16,1,70,,29884,12,0,9 3 10 16,1,30,,29856,12,0,9 3 10 16,1,70,,29876,12,0,9 3 10 16,1,30,,29831,12,0,9 3 10 16,1,70,,29886,12,0,9 3 10 16,1,30,,29841,12,0,9 3 10 16,1
21601,'2',1814,,29904,12,0,9 3 10 16,1,30,,29892,12,0,9 3 10 16,1,70,,29893,12,0,9 3 10 16,1,30,,29899,12,0,9 3 10 16,1,70,,29903,12,0,9 3 10 16,1,30,,29888,12,0,9 3 10 16,1,70,,29906,12,0,9 3 10 16,1,30,,29889,12,0,9 3 10 16,1,70,,29905,12,0,9 3 10 16,1,30,,29897,12,0,9 3 10 16,1,70,,29898,12,0,9 3 10 16,1
21601,'3',1814,,29913,12,0,9 3 10 16,1,30,,29926,12,0,9 3 10 16,1,70,,29911,12,0,9 3 10 16,1,30,,29910,12,0,9 3 10 16,1,70,,29919,12,0,9 3 10 16,1,30,,29923,12,0,9 3 10 16,1,70,,29927,12,0,9 3 10 16,1,30,,29909,12,0,9 3 10 16,1,70,,29914,12,0,9 3 10 16,1,30,,29915,12,0,9 3 10 16,1,70,,29917,12,0,9 3 10 16,1
21601,'4',1814,,29950,12,0,9 3 10 16,1,30,,29936,12,0,9 3 10 16,1,70,,29941,12,0,9 3 10 16,1,30,,29934,12,0,9 3 10 16,1,70,,29943,12,0,9 3 10 16,1,30,,29938,12,0,9 3 10 16,1,70,,29949,12,0,9 3 10 16,1,30,,29946,12,0,9 3 10 16,1,70,,29948,12,0,9 3 10 16,1,30,,29931,12,0,9 3 10 16,1,70,,29939,12,0,9 3 10 16,1
21601,'5',1814,,29959,12,0,9 3 10 16,1,30,,29958,12,0,9 3 10 16,1,70,,29961,12,0,9 3 10 16,1,30,,29969,12,0,9 3 10 16,1,70,,29965,12,0,9 3 10 16,1,30,,29968,12,0,9 3 10 16,1,70,,29964,12,0,9 3 10 16,1,30,,29955,12,0,9 3 10 16,1,70,,29971,12,0,9 3 10 16,1,30,,29962,12,0,9 3 10 16,1,70,,29972,12,0,9 3 10 16,1
21601,'6',644,,29990,12,0,9 3 10 16,1,70,,29985,12,0,9 3 10 16,1,30,,30008,12,0,9 3 10 16,1,70,,30003,12,0,9 3 10 16,1,30,,30002,12,0,9 3 10 16,1,70,,30014,12,0,9 3 10 16,1,30,,30028,12,0,9 3 10 16,1,70,,29986,12,0,9 3 10 16,1,30,,29994,12,0,9 3 10 16,1,70,,30024,12,0,9 3 10 16,1,30,,30029,12,0,9 3 10 16,1,70,,29981,12,0,9 3 10 16,1,30,,29979,12,0,9 3 10 16,1,70,,30025,12,0,9 3 10 16,1,30,,29980,12,0,9 3 10 16,1,70,,29988,12,0,9 3 10 16,1,30,,29992,12,0,9 3 10 16,1,70,,30021,12,0,9 3 10 16,1,30,,29975,12,0,9 3 10 16,1,70,,30004,12,0,9 3 10 16,1,30,,29983,12,0,9 3 10 16,1,70,,29987,12,0,9 3 10 16,1,30,,30000,12,0,9 3 10 16,1,70,,30019,12,0,9 3 10 16,1,30,,30009,12,0,9 3 10 16,1,70,,30007,12,0,9 3 10 16,1,30,,30011,12,0,9 3 10 16,1,70,,30030,12,0,9 3 10 16,1,30,,29995,12,0,9 3 10 16,1
21601,'7',1814,,30052,12,0,9 3 10 16,1,30,,30053,12,0,9 3 10 16,1,70,,30043,12,0,9 3 10 16,1,30,,30035,12,0,9 3 10 16,1,70,,30033,12,0,9 3 10 16,1,30,,30047,12,0,9 3 10 16,1,70,,30045,12,0,9 3 10 16,1,30,,30041,12,0,9 3 10 16,1,70,,30050,12,0,9 3 10 16,1,30,,30036,12,0,9 3 10 16,1,70,,30038,12,0,9 3 10 16,1
21601,'8',1814,,30072,12,0,9 3 10 16,1,30,,30066,12,0,9 3 10 16,1,70,,30062,12,0,9 3 10 16,1,30,,30055,12,0,9 3 10 16,1,70,,30063,12,0,9 3 10 16,1,30,,30061,12,0,9 3 10 16,1,70,,30067,12,0,9 3 10 16,1,30,,30054,12,0,9 3 10 16,1,70,,30057,12,0,9 3 10 16,1,30,,30073,12,0,9 3 10 16,1,70,,30075,12,0,9 3 10 16,1
21601,'9',1814,,30076,12,0,9 3 10 16,1,30,,30097,12,0,9 3 10 16,1,70,,30092,12,0,9 3 10 16,1,30,,30079,12,0,9 3 10 16,1,70,,30077,12,0,9 3 10 16,1,30,,30083,12,0,9 3 10 16,1,70,,30087,12,0,9 3 10 16,1,30,,30091,12,0,9 3 10 16,1,70,,30090,12,0,9 3 10 16,1,30,,30094,12,0,9 3 10 16,1,70,,30081,12,0,9 3 10 16,1
