11301,'1',646,,24838,4,,,1,100,,24841,4,,,1,100,,18571,4,,,1,100,,24833,4,,,1,100,,24815,4,,,1,100,,24822,4,,,1,100,,24837,4,,,1,100,,17395,4,,,1,100,,24817,4,,,1,100,,24832,4,,,1,100,,24834,4,,,1,100,,24806,4,,,1,100,,24827,4,,,1
11301,'2',646,,24868,4,,,1,100,,24856,4,,,1,100,,24864,4,,,1,100,,24869,4,,,1,100,,14749,4,,,1,100,,24854,4,,,1,100,,24852,4,,,1,100,,24857,4,,,1,100,,24858,4,,,1,100,,24855,4,,,1,100,,24845,4,,,1,100,,24860,4,,,1,100,,24875,4,,,1
11301,'3',646,,24903,4,,,1,100,,24895,4,,,1,100,,24896,4,,,1,100,,24894,4,,,1,100,,24890,4,,,1,100,,24905,4,,,1,100,,24904,4,,,1,100,,24886,4,,,1,100,,24916,4,,,1,100,,24907,4,,,1,100,,24882,4,,,1,100,,24901,4,,,1,100,,24887,4,,,1
11301,'4',646,,24926,4,,,1,100,,24921,4,,,1,100,,24951,4,,,1,100,,24932,4,,,1,100,,24939,4,,,1,100,,24928,4,,,1,100,,24956,4,,,1,100,,24954,4,,,1,100,,24955,4,,,1,100,,24959,4,,,1,100,,24933,4,,,1,100,,24937,4,,,1,100,,24938,4,,,1
11301,'5',646,,24978,4,,,1,100,,24996,4,,,1,100,,24972,4,,,1,100,,24990,4,,,1,100,,24964,4,,,1,100,,24992,4,,,1,100,,24999,4,,,1,100,,24976,4,,,1,100,,24981,4,,,1,100,,24984,4,,,1,100,,24987,4,,,1,100,,24985,4,,,1,100,,24986,4,,,1
11301,'7',646,,25037,4,,,1,100,,25015,4,,,1,100,,25024,4,,,1,100,,25031,4,,,1,100,,25028,4,,,1,100,,25006,4,,,1,100,,25020,4,,,1,100,,25021,4,,,1,100,,25038,4,,,1,100,,25016,4,,,1,100,,25030,4,,,1,100,,25036,4,,,1,100,,25005,4,,,1
11301,'8',646,,25051,4,,,1,100,,25043,4,,,1,100,,25062,4,,,1,100,,25064,4,,,1,100,,25075,4,,,1,100,,25082,4,,,1,100,,25083,4,,,1,100,,25081,4,,,1,100,,25057,4,,,1,100,,25060,4,,,1,100,,25070,4,,,1,100,,25048,4,,,1,100,,25066,4,,,1
11301,'9',646,,25101,4,,,1,100,,25095,4,,,1,100,,25117,4,,,1,100,,25114,4,,,1,100,,25122,4,,,1,100,,25105,4,,,1,100,,25115,4,,,1,100,,25094,4,,,1,100,,25085,4,,,1,100,,25090,4,,,1,100,,25087,4,,,1,100,,25119,4,,,1,100,,25084,4,,,1
21301,'1',1946,,29030,4,,,1,100,,29026,4,,,1,100,,29027,4,,,1,100,,29032,4,,,1
21301,'10',746,,29048,4,,,1,100,,29059,4,,,1,100,,29056,4,,,1,100,,29053,4,,,1,100,,29044,4,,,1,100,,29072,4,,,1,100,,29052,4,,,1,100,,29065,4,,,1,100,,29067,4,,,1,100,,29042,4,,,1,100,,29071,4,,,1,100,,29074,4,,,1,100,,29046,4,,,1
21301,'11',746,,29100,4,,,1,100,,29081,4,,,1,100,,29085,4,,,1,100,,29109,4,,,1,100,,29083,4,,,1,100,,29098,4,,,1,100,,29094,4,,,1,100,,29115,4,,,1,100,,29105,4,,,1,100,,29112,4,,,1,100,,29092,4,,,1,100,,29084,4,,,1,100,,29088,4,,,1
21301,'2',1946,,29119,4,,,1,100,,29117,4,,,1,100,,29120,4,,,1,100,,29122,4,,,1
21301,'3',1946,,29132,4,,,1,100,,29129,4,,,1,100,,29133,4,,,1,100,,29135,4,,,1
21301,'4',1946,,29138,4,,,1,100,,29141,4,,,1,100,,29137,4,,,1,100,,29145,4,,,1
21301,'5',1946,,29158,4,,,1,100,,29157,4,,,1,100,,29155,4,,,1,100,,29150,4,,,1
21301,'6',746,,29177,4,,,1,100,,29162,4,,,1,100,,29195,4,,,1,100,,29178,4,,,1,100,,29161,4,,,1,100,,29171,4,,,1,100,,29159,4,,,1,100,,29185,4,,,1,100,,29180,4,,,1,100,,29167,4,,,1,100,,29189,4,,,1,100,,29176,4,,,1,100,,29182,4,,,1
21301,'7',1946,,29208,4,,,1,100,,29202,4,,,1,100,,29203,4,,,1,100,,29207,4,,,1
21301,'8',1946,,29218,4,,,1,100,,29212,4,,,1,100,,29213,4,,,1,100,,29215,4,,,1
21301,'9',1946,,29231,4,,,1,100,,29230,4,,,1,100,,29222,4,,,1,100,,29224,4,,,1
