11600,'1',642,,25805,10,,,1,70,,25771,10,,,1,30,,19042,10,,,1,70,,17594,10,,,1,30,,25808,10,,,1,70,,25777,10,,,1,30,,25807,10,,,1,70,,25810,10,,,1,30,,25774,10,,,1,70,,25811,10,,,1,30,,25781,10,,,1,70,,25789,10,,,1,30,,25798,10,,,1,70,,25799,10,,,1,30,,25790,10,,,1,70,,25804,10,,,1,30,,25792,10,,,1,70,,25784,10,,,1,30,,25802,10,,,1,70,,25785,10,,,1,30,,25768,10,,,1,70,,25783,10,,,1,30,,25797,10,,,1
11600,'2',642,,25816,10,,,1,70,,14960,10,,,1,30,,25837,10,,,1,70,,25826,10,,,1,30,,25813,10,,,1,70,,25845,10,,,1,30,,25828,10,,,1,70,,25815,10,,,1,30,,25819,10,,,1,70,,25834,10,,,1,30,,25843,10,,,1,70,,25847,10,,,1,30,,25856,10,,,1,70,,25853,10,,,1,30,,25824,10,,,1,70,,25836,10,,,1,30,,25820,10,,,1,70,,25833,10,,,1,30,,25812,10,,,1,70,,25855,10,,,1,30,,25839,10,,,1,70,,25838,10,,,1,30,,25818,10,,,1
11600,'3',642,,25888,10,,,1,70,,25885,10,,,1,30,,25902,10,,,1,70,,25893,10,,,1,30,,25864,10,,,1,70,,25899,10,,,1,30,,25897,10,,,1,70,,25900,10,,,1,30,,25887,10,,,1,70,,25859,10,,,1,30,,25866,10,,,1,70,,25884,10,,,1,30,,25865,10,,,1,70,,25901,10,,,1,30,,25868,10,,,1,70,,25860,10,,,1,30,,25898,10,,,1,70,,25870,10,,,1,30,,25873,10,,,1,70,,25890,10,,,1,30,,25889,10,,,1,70,,25879,10,,,1,30,,25874,10,,,1
11600,'4',642,,25919,10,,,1,70,,25909,10,,,1,30,,25904,10,,,1,70,,25929,10,,,1,30,,25922,10,,,1,70,,25938,10,,,1,30,,25946,10,,,1,70,,25944,10,,,1,30,,25925,10,,,1,70,,25923,10,,,1,30,,25932,10,,,1,70,,25910,10,,,1,30,,25905,10,,,1,70,,25927,10,,,1,30,,25933,10,,,1,70,,25941,10,,,1,30,,25937,10,,,1,70,,25918,10,,,1,30,,25908,10,,,1,70,,25930,10,,,1,30,,25934,10,,,1,70,,25921,10,,,1,30,,25942,10,,,1
11600,'5',642,,25988,10,,,1,70,,25950,10,,,1,30,,25969,10,,,1,70,,25989,10,,,1,30,,25966,10,,,1,70,,25963,10,,,1,30,,25994,10,,,1,70,,25979,10,,,1,30,,25962,10,,,1,70,,25972,10,,,1,30,,25975,10,,,1,70,,25971,10,,,1,30,,25952,10,,,1,70,,25991,10,,,1,30,,25974,10,,,1,70,,25978,10,,,1,30,,25986,10,,,1,70,,25980,10,,,1,30,,25985,10,,,1,70,,25951,10,,,1,30,,25953,10,,,1,70,,25965,10,,,1,30,,25970,10,,,1
11600,'7',642,,26021,10,,,1,70,,26032,10,,,1,30,,26010,10,,,1,70,,26036,10,,,1,30,,26033,10,,,1,70,,26013,10,,,1,30,,26001,10,,,1,70,,26026,10,,,1,30,,26025,10,,,1,70,,26018,10,,,1,30,,26020,10,,,1,70,,26028,10,,,1,30,,26037,10,,,1,70,,26007,10,,,1,30,,26004,10,,,1,70,,26034,10,,,1,30,,26029,10,,,1,70,,26040,10,,,1,30,,26030,10,,,1,70,,25997,10,,,1,30,,26012,10,,,1,70,,26002,10,,,1,30,,26003,10,,,1
11600,'8',642,,26048,10,,,1,70,,26079,10,,,1,30,,26069,10,,,1,70,,26065,10,,,1,30,,26041,10,,,1,70,,26083,10,,,1,30,,26078,10,,,1,70,,26059,10,,,1,30,,26046,10,,,1,70,,26053,10,,,1,30,,26067,10,,,1,70,,26077,10,,,1,30,,26074,10,,,1,70,,26058,10,,,1,30,,26072,10,,,1,70,,26042,10,,,1,30,,26084,10,,,1,70,,26080,10,,,1,30,,26070,10,,,1,70,,26061,10,,,1,30,,26075,10,,,1,70,,26068,10,,,1,30,,26082,10,,,1
11600,'9',642,,26114,10,,,1,70,,26094,10,,,1,30,,26123,10,,,1,70,,26128,10,,,1,30,,26113,10,,,1,70,,26101,10,,,1,30,,26118,10,,,1,70,,26087,10,,,1,30,,26099,10,,,1,70,,26089,10,,,1,30,,26109,10,,,1,70,,26126,10,,,1,30,,26117,10,,,1,70,,26110,10,,,1,30,,26105,10,,,1,70,,26092,10,,,1,30,,26124,10,,,1,70,,26132,10,,,1,30,,26121,10,,,1,70,,26096,10,,,1,30,,26088,10,,,1,70,,26098,10,,,1,30,,26115,10,,,1
21600,'1',1812,,29404,10,,,1,30,,29411,10,,,1,70,,29393,10,,,1,30,,29389,10,,,1,70,,29391,10,,,1,30,,29408,10,,,1,70,,29396,10,,,1,30,,29402,10,,,1,70,,29405,10,,,1,30,,29399,10,,,1,70,,29394,10,,,1,30,,29412,10,,,1
21600,'10',712,,29434,10,,,1,30,,29443,10,,,1,70,,29436,10,,,1,30,,29458,10,,,1,70,,29437,10,,,1,30,,29433,10,,,1,70,,29422,10,,,1,30,,29466,10,,,1,70,,29459,10,,,1,30,,29420,10,,,1,70,,29425,10,,,1,30,,29456,10,,,1,70,,29431,10,,,1,30,,29435,10,,,1,70,,29464,10,,,1,30,,29439,10,,,1,70,,19714,10,,,1,30,,29461,10,,,1,70,,29418,10,,,1,30,,29428,10,,,1,70,,29467,10,,,1,30,,29423,10,,,1,70,,29460,10,,,1,30,,29450,10,,,1,70,,29457,10,,,1,30,,29413,10,,,1,70,,29414,10,,,1,30,,29426,10,,,1,70,,29448,10,,,1
21600,'11',712,,29472,10,,,1,30,,29475,10,,,1,70,,29514,10,,,1,30,,29520,10,,,1,70,,29471,10,,,1,30,,29519,10,,,1,70,,29483,10,,,1,30,,29479,10,,,1,70,,29477,10,,,1,30,,29524,10,,,1,70,,29523,10,,,1,30,,29487,10,,,1,70,,29488,10,,,1,30,,29499,10,,,1,70,,29521,10,,,1,30,,29512,10,,,1,70,,29503,10,,,1,30,,29492,10,,,1,70,,29525,10,,,1,30,,29500,10,,,1,70,,29484,10,,,1,30,,29478,10,,,1,70,,29506,10,,,1,30,,29505,10,,,1,70,,29507,10,,,1,30,,29494,10,,,1,70,,29482,10,,,1,30,,29497,10,,,1,70,,29509,10,,,1
21600,'2',1812,,29540,10,,,1,30,,29544,10,,,1,70,,29537,10,,,1,30,,29528,10,,,1,70,,29535,10,,,1,30,,29534,10,,,1,70,,29538,10,,,1,30,,29545,10,,,1,70,,29531,10,,,1,30,,29533,10,,,1,70,,29547,10,,,1,30,,29541,10,,,1
21600,'3',1812,,29562,10,,,1,30,,29551,10,,,1,70,,29558,10,,,1,30,,29550,10,,,1,70,,29549,10,,,1,30,,29552,10,,,1,70,,29571,10,,,1,30,,29555,10,,,1,70,,29554,10,,,1,30,,29569,10,,,1,70,,29570,10,,,1,30,,29559,10,,,1
21600,'4',1812,,29582,10,,,1,30,,29595,10,,,1,70,,29584,10,,,1,30,,29588,10,,,1,70,,29593,10,,,1,30,,29575,10,,,1,70,,29591,10,,,1,30,,29589,10,,,1,70,,29580,10,,,1,30,,29579,10,,,1,70,,29574,10,,,1,30,,29585,10,,,1
21600,'5',1812,,29601,10,,,1,30,,29604,10,,,1,70,,29606,10,,,1,30,,29619,10,,,1,70,,29603,10,,,1,30,,29600,10,,,1,70,,29612,10,,,1,30,,29609,10,,,1,70,,29614,10,,,1,30,,29598,10,,,1,70,,29608,10,,,1,30,,29618,10,,,1
21600,'6',712,,29671,10,,,1,30,,29667,10,,,1,70,,29653,10,,,1,30,,29664,10,,,1,70,,29638,10,,,1,30,,29639,10,,,1,70,,29673,10,,,1,30,,29658,10,,,1,70,,29629,10,,,1,30,,29676,10,,,1,70,,29632,10,,,1,30,,29637,10,,,1,70,,29654,10,,,1,30,,29670,10,,,1,70,,29636,10,,,1,30,,29622,10,,,1,70,,29623,10,,,1,30,,29661,10,,,1,70,,29621,10,,,1,30,,29652,10,,,1,70,,29647,10,,,1,30,,29657,10,,,1,70,,29642,10,,,1,30,,29668,10,,,1,70,,29665,10,,,1,30,,29627,10,,,1,70,,29659,10,,,1,30,,29672,10,,,1,70,,29646,10,,,1
21600,'7',1812,,29690,10,,,1,30,,29696,10,,,1,70,,29684,10,,,1,30,,29698,10,,,1,70,,29699,10,,,1,30,,29702,10,,,1,70,,29693,10,,,1,30,,29681,10,,,1,70,,29700,10,,,1,30,,29679,10,,,1,70,,29683,10,,,1,30,,29680,10,,,1
21600,'8',1812,,29713,10,,,1,30,,29706,10,,,1,70,,29725,10,,,1,30,,29722,10,,,1,70,,29724,10,,,1,30,,29711,10,,,1,70,,29703,10,,,1,30,,29716,10,,,1,70,,29704,10,,,1,30,,29714,10,,,1,70,,29720,10,,,1,30,,29710,10,,,1
21600,'9',1812,,29741,10,,,1,30,,29747,10,,,1,70,,29730,10,,,1,30,,29729,10,,,1,70,,29732,10,,,1,30,,29738,10,,,1,70,,29737,10,,,1,30,,29739,10,,,1,70,,29731,10,,,1,30,,29734,10,,,1,70,,29745,10,,,1,30,,29735,10,,,1
