11300,'1',618,,24507,3,,,1,100,,24518,3,,,1,100,,24513,3,,,1,100,,24510,3,,,1,100,,24522,3,,,1,100,,19261,3,,,1,100,,24521,3,,,1,100,,24506,3,,,1,100,,24525,3,,,1,100,,24532,3,,,1,100,,24523,3,,,1,100,,24528,3,,,1,100,,24527,3,,,1
11300,'2',618,,24538,3,,,1,100,,24542,3,,,1,100,,24556,3,,,1,100,,24552,3,,,1,100,,24548,3,,,1,100,,24534,3,,,1,100,,24546,3,,,1,100,,24533,3,,,1,100,,24563,3,,,1,100,,24570,3,,,1,100,,24541,3,,,1,100,,24566,3,,,1,100,,24557,3,,,1
11300,'3',618,,24609,3,,,1,100,,24582,3,,,1,100,,24573,3,,,1,100,,24586,3,,,1,100,,24575,3,,,1,100,,24606,3,,,1,100,,24580,3,,,1,100,,24594,3,,,1,100,,24592,3,,,1,100,,24591,3,,,1,100,,24576,3,,,1,100,,24598,3,,,1,100,,24574,3,,,1
11300,'4',618,,24637,3,,,1,100,,24647,3,,,1,100,,24642,3,,,1,100,,24634,3,,,1,100,,24619,3,,,1,100,,24628,3,,,1,100,,24630,3,,,1,100,,24618,3,,,1,100,,24617,3,,,1,100,,24629,3,,,1,100,,24633,3,,,1,100,,24632,3,,,1,100,,24643,3,,,1
11300,'5',618,,24671,3,,,1,100,,24668,3,,,1,100,,24653,3,,,1,100,,24652,3,,,1,100,,24674,3,,,1,100,,24667,3,,,1,100,,24686,3,,,1,100,,24658,3,,,1,100,,24650,3,,,1,100,,24682,3,,,1,100,,24679,3,,,1,100,,24675,3,,,1,100,,24677,3,,,1
11300,'7',618,,24711,3,,,1,100,,24719,3,,,1,100,,24724,3,,,1,100,,24700,3,,,1,100,,24716,3,,,1,100,,24718,3,,,1,100,,24726,3,,,1,100,,24720,3,,,1,100,,24709,3,,,1,100,,24703,3,,,1,100,,24696,3,,,1,100,,24704,3,,,1,100,,24722,3,,,1
11300,'8',618,,24759,3,,,1,100,,24727,3,,,1,100,,24758,3,,,1,100,,24755,3,,,1,100,,24764,3,,,1,100,,24730,3,,,1,100,,24751,3,,,1,100,,24754,3,,,1,100,,24752,3,,,1,100,,24765,3,,,1,100,,24729,3,,,1,100,,24756,3,,,1,100,,24744,3,,,1
11300,'9',618,,24778,3,,,1,100,,24797,3,,,1,100,,24795,3,,,1,100,,24766,3,,,1,100,,24772,3,,,1,100,,24801,3,,,1,100,,24803,3,,,1,100,,24773,3,,,1,100,,24770,3,,,1,100,,24787,3,,,1,100,,24798,3,,,1,100,,24768,3,,,1,100,,24780,3,,,1
21300,'1',1918,,28956,3,,,1,100,,28955,3,,,1,100,,28957,3,,,1,100,,28954,3,,,1
21300,'10',718,,28959,3,,,1,100,,28970,3,,,1,100,,28966,3,,,1,100,,28964,3,,,1,100,,28962,3,,,1,100,,28961,3,,,1,100,,28969,3,,,1,100,,28960,3,,,1,100,,28965,3,,,1,100,,28958,3,,,1,100,,28963,3,,,1,100,,28968,3,,,1,100,,28967,3,,,1
21300,'11',718,,28980,3,,,1,100,,28978,3,,,1,100,,28974,3,,,1,100,,28983,3,,,1,100,,28982,3,,,1,100,,28972,3,,,1,100,,28981,3,,,1,100,,28973,3,,,1,100,,28979,3,,,1,100,,28977,3,,,1,100,,28971,3,,,1,100,,28976,3,,,1,100,,28975,3,,,1
21300,'2',1918,,28985,3,,,1,100,,28987,3,,,1,100,,28986,3,,,1,100,,28984,3,,,1
21300,'3',1918,,28989,3,,,1,100,,28988,3,,,1,100,,28990,3,,,1,100,,28991,3,,,1
21300,'4',1918,,28992,3,,,1,100,,28993,3,,,1,100,,28994,3,,,1,100,,28995,3,,,1
21300,'5',1918,,28998,3,,,1,100,,28996,3,,,1,100,,28999,3,,,1,100,,28997,3,,,1
21300,'6',718,,29009,3,,,1,100,,29010,3,,,1,100,,29003,3,,,1,100,,29002,3,,,1,100,,29000,3,,,1,100,,29005,3,,,1,100,,29001,3,,,1,100,,29008,3,,,1,100,,29006,3,,,1,100,,29011,3,,,1,100,,29004,3,,,1,100,,29007,3,,,1,100,,29012,3,,,1
21300,'7',1918,,29015,3,,,1,100,,29016,3,,,1,100,,29014,3,,,1,100,,29013,3,,,1
21300,'8',1918,,29018,3,,,1,100,,29020,3,,,1,100,,29019,3,,,1,100,,29017,3,,,1
21300,'9',1918,,29023,3,,,1,100,,29021,3,,,1,100,,29024,3,,,1,100,,29022,3,,,1
