11601,'1',608,,26176,3,0,9 3 10 16,1,30,,26150,3,0,9 3 10 16,1,70,,26158,3,0,9 3 10 16,1,30,,26170,3,0,9 3 10 16,1,70,,18245,3,0,9 3 10 16,1,30,,26144,3,0,9 3 10 16,1,70,,26173,3,0,9 3 10 16,1,30,,26135,3,0,9 3 10 16,1,70,,26136,3,0,9 3 10 16,1,30,,26161,3,0,9 3 10 16,1,70,,26160,3,0,9 3 10 16,1,30,,26155,3,0,9 3 10 16,1,70,,26137,3,0,9 3 10 16,1,30,,26174,3,0,9 3 10 16,1,70,,26143,3,0,9 3 10 16,1,30,,26172,3,0,9 3 10 16,1,70,,26148,3,0,9 3 10 16,1,30,,26142,3,0,9 3 10 16,1,70,,26157,3,0,9 3 10 16,1,30,,26162,3,0,9 3 10 16,1,70,,26154,3,0,9 3 10 16,1,30,,26168,3,0,9 3 10 16,1,70,,26163,3,0,9 3 10 16,1,30,,19734,3,0,9 3 10 16,1
11601,'2',608,,26218,3,0,9 3 10 16,1,30,,26192,3,0,9 3 10 16,1,70,,26223,3,0,9 3 10 16,1,30,,26219,3,0,9 3 10 16,1,70,,26188,3,0,9 3 10 16,1,30,,26193,3,0,9 3 10 16,1,70,,26214,3,0,9 3 10 16,1,30,,26208,3,0,9 3 10 16,1,70,,26182,3,0,9 3 10 16,1,30,,26217,3,0,9 3 10 16,1,70,,26178,3,0,9 3 10 16,1,30,,26215,3,0,9 3 10 16,1,70,,26221,3,0,9 3 10 16,1,30,,26194,3,0,9 3 10 16,1,70,,26186,3,0,9 3 10 16,1,30,,26195,3,0,9 3 10 16,1,70,,26203,3,0,9 3 10 16,1,30,,26211,3,0,9 3 10 16,1,70,,26189,3,0,9 3 10 16,1,30,,26213,3,0,9 3 10 16,1,70,,26181,3,0,9 3 10 16,1,30,,26212,3,0,9 3 10 16,1,70,,26198,3,0,9 3 10 16,1,30,,26185,3,0,9 3 10 16,1
11601,'3',608,,26226,3,0,9 3 10 16,1,30,,26268,3,0,9 3 10 16,1,70,,26227,3,0,9 3 10 16,1,30,,26251,3,0,9 3 10 16,1,70,,26266,3,0,9 3 10 16,1,30,,26244,3,0,9 3 10 16,1,70,,26256,3,0,9 3 10 16,1,30,,26264,3,0,9 3 10 16,1,70,,26254,3,0,9 3 10 16,1,30,,26271,3,0,9 3 10 16,1,70,,26260,3,0,9 3 10 16,1,30,,26252,3,0,9 3 10 16,1,70,,26224,3,0,9 3 10 16,1,30,,26237,3,0,9 3 10 16,1,70,,26232,3,0,9 3 10 16,1,30,,26267,3,0,9 3 10 16,1,70,,26259,3,0,9 3 10 16,1,30,,26258,3,0,9 3 10 16,1,70,,26253,3,0,9 3 10 16,1,30,,26249,3,0,9 3 10 16,1,70,,26243,3,0,9 3 10 16,1,30,,26257,3,0,9 3 10 16,1,70,,26228,3,0,9 3 10 16,1,30,,26262,3,0,9 3 10 16,1
11601,'4',608,,26272,3,0,9 3 10 16,1,30,,26300,3,0,9 3 10 16,1,70,,26294,3,0,9 3 10 16,1,30,,26291,3,0,9 3 10 16,1,70,,26309,3,0,9 3 10 16,1,30,,26312,3,0,9 3 10 16,1,70,,26285,3,0,9 3 10 16,1,30,,26315,3,0,9 3 10 16,1,70,,26313,3,0,9 3 10 16,1,30,,26306,3,0,9 3 10 16,1,70,,26318,3,0,9 3 10 16,1,30,,26308,3,0,9 3 10 16,1,70,,26289,3,0,9 3 10 16,1,30,,26288,3,0,9 3 10 16,1,70,,26273,3,0,9 3 10 16,1,30,,26317,3,0,9 3 10 16,1,70,,26293,3,0,9 3 10 16,1,30,,26319,3,0,9 3 10 16,1,70,,26286,3,0,9 3 10 16,1,30,,26292,3,0,9 3 10 16,1,70,,26298,3,0,9 3 10 16,1,30,,26279,3,0,9 3 10 16,1,70,,26314,3,0,9 3 10 16,1,30,,26282,3,0,9 3 10 16,1
11601,'5',608,,26349,3,0,9 3 10 16,1,30,,26356,3,0,9 3 10 16,1,70,,26351,3,0,9 3 10 16,1,30,,26347,3,0,9 3 10 16,1,70,,26366,3,0,9 3 10 16,1,30,,26339,3,0,9 3 10 16,1,70,,26324,3,0,9 3 10 16,1,30,,26361,3,0,9 3 10 16,1,70,,26340,3,0,9 3 10 16,1,30,,26336,3,0,9 3 10 16,1,70,,26331,3,0,9 3 10 16,1,30,,26364,3,0,9 3 10 16,1,70,,26363,3,0,9 3 10 16,1,30,,26342,3,0,9 3 10 16,1,70,,26321,3,0,9 3 10 16,1,30,,26344,3,0,9 3 10 16,1,70,,26338,3,0,9 3 10 16,1,30,,26325,3,0,9 3 10 16,1,70,,26357,3,0,9 3 10 16,1,30,,26322,3,0,9 3 10 16,1,70,,26354,3,0,9 3 10 16,1,30,,26337,3,0,9 3 10 16,1,70,,26350,3,0,9 3 10 16,1,30,,26323,3,0,9 3 10 16,1
11601,'7',608,,26387,3,0,9 3 10 16,1,30,,26403,3,0,9 3 10 16,1,70,,26410,3,0,9 3 10 16,1,30,,26402,3,0,9 3 10 16,1,70,,26401,3,0,9 3 10 16,1,30,,26414,3,0,9 3 10 16,1,70,,26379,3,0,9 3 10 16,1,30,,26371,3,0,9 3 10 16,1,70,,26377,3,0,9 3 10 16,1,30,,26397,3,0,9 3 10 16,1,70,,26393,3,0,9 3 10 16,1,30,,26399,3,0,9 3 10 16,1,70,,26388,3,0,9 3 10 16,1,30,,26382,3,0,9 3 10 16,1,70,,26407,3,0,9 3 10 16,1,30,,26409,3,0,9 3 10 16,1,70,,26381,3,0,9 3 10 16,1,30,,26370,3,0,9 3 10 16,1,70,,26392,3,0,9 3 10 16,1,30,,26374,3,0,9 3 10 16,1,70,,26368,3,0,9 3 10 16,1,30,,26395,3,0,9 3 10 16,1,70,,26389,3,0,9 3 10 16,1,30,,26396,3,0,9 3 10 16,1
11601,'8',608,,26448,3,0,9 3 10 16,1,30,,26422,3,0,9 3 10 16,1,70,,26445,3,0,9 3 10 16,1,30,,26436,3,0,9 3 10 16,1,70,,26419,3,0,9 3 10 16,1,30,,26441,3,0,9 3 10 16,1,70,,26462,3,0,9 3 10 16,1,30,,26432,3,0,9 3 10 16,1,70,,26460,3,0,9 3 10 16,1,30,,26433,3,0,9 3 10 16,1,70,,26455,3,0,9 3 10 16,1,30,,26451,3,0,9 3 10 16,1,70,,26423,3,0,9 3 10 16,1,30,,26440,3,0,9 3 10 16,1,70,,26434,3,0,9 3 10 16,1,30,,26420,3,0,9 3 10 16,1,70,,26439,3,0,9 3 10 16,1,30,,26437,3,0,9 3 10 16,1,70,,26443,3,0,9 3 10 16,1,30,,26454,3,0,9 3 10 16,1,70,,26431,3,0,9 3 10 16,1,30,,26457,3,0,9 3 10 16,1,70,,26459,3,0,9 3 10 16,1,30,,26417,3,0,9 3 10 16,1
11601,'9',608,,26479,3,0,9 3 10 16,1,30,,26500,3,0,9 3 10 16,1,70,,26481,3,0,9 3 10 16,1,30,,26480,3,0,9 3 10 16,1,70,,26486,3,0,9 3 10 16,1,30,,26504,3,0,9 3 10 16,1,70,,26466,3,0,9 3 10 16,1,30,,26492,3,0,9 3 10 16,1,70,,26478,3,0,9 3 10 16,1,30,,26507,3,0,9 3 10 16,1,70,,26505,3,0,9 3 10 16,1,30,,26508,3,0,9 3 10 16,1,70,,26475,3,0,9 3 10 16,1,30,,26471,3,0,9 3 10 16,1,70,,26476,3,0,9 3 10 16,1,30,,26490,3,0,9 3 10 16,1,70,,26502,3,0,9 3 10 16,1,30,,26464,3,0,9 3 10 16,1,70,,26501,3,0,9 3 10 16,1,30,,26511,3,0,9 3 10 16,1,70,,26484,3,0,9 3 10 16,1,30,,26472,3,0,9 3 10 16,1,70,,26470,3,0,9 3 10 16,1,30,,26465,3,0,9 3 10 16,1
21601,'1',1808,,29753,3,0,9 3 10 16,1,30,,29769,3,0,9 3 10 16,1,70,,29764,3,0,9 3 10 16,1,30,,29759,3,0,9 3 10 16,1,70,,29762,3,0,9 3 10 16,1,30,,29765,3,0,9 3 10 16,1,70,,29760,3,0,9 3 10 16,1,30,,18110,3,0,9 3 10 16,1,70,,29756,3,0,9 3 10 16,1,30,,29751,3,0,9 3 10 16,1,70,,29755,3,0,9 3 10 16,1
21601,'10',638,,29788,3,0,9 3 10 16,1,70,,29802,3,0,9 3 10 16,1,30,,29774,3,0,9 3 10 16,1,70,,29812,3,0,9 3 10 16,1,30,,29825,3,0,9 3 10 16,1,70,,29796,3,0,9 3 10 16,1,30,,29775,3,0,9 3 10 16,1,70,,29797,3,0,9 3 10 16,1,30,,29823,3,0,9 3 10 16,1,70,,29781,3,0,9 3 10 16,1,30,,29805,3,0,9 3 10 16,1,70,,29776,3,0,9 3 10 16,1,30,,29814,3,0,9 3 10 16,1,70,,29827,3,0,9 3 10 16,1,30,,29810,3,0,9 3 10 16,1,70,,29773,3,0,9 3 10 16,1,30,,29790,3,0,9 3 10 16,1,70,,29809,3,0,9 3 10 16,1,30,,29824,3,0,9 3 10 16,1,70,,29777,3,0,9 3 10 16,1,30,,29826,3,0,9 3 10 16,1,70,,29785,3,0,9 3 10 16,1,30,,29807,3,0,9 3 10 16,1,70,,29804,3,0,9 3 10 16,1,30,,18981,3,0,9 3 10 16,1,70,,29779,3,0,9 3 10 16,1,30,,29786,3,0,9 3 10 16,1,70,,29808,3,0,9 3 10 16,1,30,,29822,3,0,9 3 10 16,1
21601,'11',638,,29877,3,0,9 3 10 16,1,70,,29860,3,0,9 3 10 16,1,30,,29853,3,0,9 3 10 16,1,70,,29874,3,0,9 3 10 16,1,30,,29850,3,0,9 3 10 16,1,70,,29867,3,0,9 3 10 16,1,30,,29849,3,0,9 3 10 16,1,70,,29852,3,0,9 3 10 16,1,30,,29882,3,0,9 3 10 16,1,70,,29857,3,0,9 3 10 16,1,30,,29868,3,0,9 3 10 16,1,70,,29880,3,0,9 3 10 16,1,30,,29836,3,0,9 3 10 16,1,70,,29844,3,0,9 3 10 16,1,30,,29866,3,0,9 3 10 16,1,70,,29871,3,0,9 3 10 16,1,30,,29859,3,0,9 3 10 16,1,70,,29875,3,0,9 3 10 16,1,30,,29873,3,0,9 3 10 16,1,70,,29864,3,0,9 3 10 16,1,30,,29838,3,0,9 3 10 16,1,70,,29851,3,0,9 3 10 16,1,30,,29870,3,0,9 3 10 16,1,70,,29884,3,0,9 3 10 16,1,30,,29856,3,0,9 3 10 16,1,70,,29876,3,0,9 3 10 16,1,30,,29831,3,0,9 3 10 16,1,70,,29886,3,0,9 3 10 16,1,30,,29841,3,0,9 3 10 16,1
21601,'2',1808,,29904,3,0,9 3 10 16,1,30,,29892,3,0,9 3 10 16,1,70,,29893,3,0,9 3 10 16,1,30,,29899,3,0,9 3 10 16,1,70,,29903,3,0,9 3 10 16,1,30,,29888,3,0,9 3 10 16,1,70,,29906,3,0,9 3 10 16,1,30,,29889,3,0,9 3 10 16,1,70,,29905,3,0,9 3 10 16,1,30,,29897,3,0,9 3 10 16,1,70,,29898,3,0,9 3 10 16,1
21601,'3',1808,,29913,3,0,9 3 10 16,1,30,,29926,3,0,9 3 10 16,1,70,,29911,3,0,9 3 10 16,1,30,,29910,3,0,9 3 10 16,1,70,,29919,3,0,9 3 10 16,1,30,,29923,3,0,9 3 10 16,1,70,,29927,3,0,9 3 10 16,1,30,,29909,3,0,9 3 10 16,1,70,,29914,3,0,9 3 10 16,1,30,,29915,3,0,9 3 10 16,1,70,,29917,3,0,9 3 10 16,1
21601,'4',1808,,29950,3,0,9 3 10 16,1,30,,29936,3,0,9 3 10 16,1,70,,29941,3,0,9 3 10 16,1,30,,29934,3,0,9 3 10 16,1,70,,29943,3,0,9 3 10 16,1,30,,29938,3,0,9 3 10 16,1,70,,29949,3,0,9 3 10 16,1,30,,29946,3,0,9 3 10 16,1,70,,29948,3,0,9 3 10 16,1,30,,29931,3,0,9 3 10 16,1,70,,29939,3,0,9 3 10 16,1
21601,'5',1808,,29959,3,0,9 3 10 16,1,30,,29958,3,0,9 3 10 16,1,70,,29961,3,0,9 3 10 16,1,30,,29969,3,0,9 3 10 16,1,70,,29965,3,0,9 3 10 16,1,30,,29968,3,0,9 3 10 16,1,70,,29964,3,0,9 3 10 16,1,30,,29955,3,0,9 3 10 16,1,70,,29971,3,0,9 3 10 16,1,30,,29962,3,0,9 3 10 16,1,70,,29972,3,0,9 3 10 16,1
21601,'6',638,,29990,3,0,9 3 10 16,1,70,,29985,3,0,9 3 10 16,1,30,,30008,3,0,9 3 10 16,1,70,,30003,3,0,9 3 10 16,1,30,,30002,3,0,9 3 10 16,1,70,,30014,3,0,9 3 10 16,1,30,,30028,3,0,9 3 10 16,1,70,,29986,3,0,9 3 10 16,1,30,,29994,3,0,9 3 10 16,1,70,,30024,3,0,9 3 10 16,1,30,,30029,3,0,9 3 10 16,1,70,,29981,3,0,9 3 10 16,1,30,,29979,3,0,9 3 10 16,1,70,,30025,3,0,9 3 10 16,1,30,,29980,3,0,9 3 10 16,1,70,,29988,3,0,9 3 10 16,1,30,,29992,3,0,9 3 10 16,1,70,,30021,3,0,9 3 10 16,1,30,,29975,3,0,9 3 10 16,1,70,,30004,3,0,9 3 10 16,1,30,,29983,3,0,9 3 10 16,1,70,,29987,3,0,9 3 10 16,1,30,,30000,3,0,9 3 10 16,1,70,,30019,3,0,9 3 10 16,1,30,,30009,3,0,9 3 10 16,1,70,,30007,3,0,9 3 10 16,1,30,,30011,3,0,9 3 10 16,1,70,,30030,3,0,9 3 10 16,1,30,,29995,3,0,9 3 10 16,1
21601,'7',1808,,30052,3,0,9 3 10 16,1,30,,30053,3,0,9 3 10 16,1,70,,30043,3,0,9 3 10 16,1,30,,30035,3,0,9 3 10 16,1,70,,30033,3,0,9 3 10 16,1,30,,30047,3,0,9 3 10 16,1,70,,30045,3,0,9 3 10 16,1,30,,30041,3,0,9 3 10 16,1,70,,30050,3,0,9 3 10 16,1,30,,30036,3,0,9 3 10 16,1,70,,30038,3,0,9 3 10 16,1
21601,'8',1808,,30072,3,0,9 3 10 16,1,30,,30066,3,0,9 3 10 16,1,70,,30062,3,0,9 3 10 16,1,30,,30055,3,0,9 3 10 16,1,70,,30063,3,0,9 3 10 16,1,30,,30061,3,0,9 3 10 16,1,70,,30067,3,0,9 3 10 16,1,30,,30054,3,0,9 3 10 16,1,70,,30057,3,0,9 3 10 16,1,30,,30073,3,0,9 3 10 16,1,70,,30075,3,0,9 3 10 16,1
21601,'9',1808,,30076,3,0,9 3 10 16,1,30,,30097,3,0,9 3 10 16,1,70,,30092,3,0,9 3 10 16,1,30,,30079,3,0,9 3 10 16,1,70,,30077,3,0,9 3 10 16,1,30,,30083,3,0,9 3 10 16,1,70,,30087,3,0,9 3 10 16,1,30,,30091,3,0,9 3 10 16,1,70,,30090,3,0,9 3 10 16,1,30,,30094,3,0,9 3 10 16,1,70,,30081,3,0,9 3 10 16,1
