10800,'1',724,,22541,13,,,1,30,,22560,13,,,1,70,,22536,13,,,1,30,,22548,13,,,1,70,,22544,13,,,1,30,,22558,13,,,1,100,,22556,13,,,1,100,,22554,13,,,1,100,,22543,13,,,1,100,,22551,13,,,1,100,,22539,13,,,1,70,,22538,13,,,1,30,,22547,13,,,1,70,,22546,13,,,1,30,,22537,13,,,1,70,,22553,13,,,1,30,,22567,13,,,1
10800,'2',724,,22592,13,,,1,30,,22585,13,,,1,70,,22580,13,,,1,30,,22599,13,,,1,70,,22602,13,,,1,30,,22577,13,,,1,100,,22596,13,,,1,100,,22597,13,,,1,100,,22576,13,,,1,100,,22593,13,,,1,100,,22582,13,,,1,70,,22569,13,,,1,30,,22600,13,,,1,70,,22591,13,,,1,30,,22595,13,,,1,70,,22594,13,,,1,30,,22581,13,,,1
10800,'3',724,,22616,13,,,1,30,,22604,13,,,1,70,,22607,13,,,1,30,,22603,13,,,1,70,,22614,13,,,1,30,,22632,13,,,1,100,,22627,13,,,1,100,,22636,13,,,1,100,,22635,13,,,1,100,,22611,13,,,1,100,,22613,13,,,1,70,,22626,13,,,1,30,,22628,13,,,1,70,,22620,13,,,1,30,,22605,13,,,1,70,,22618,13,,,1,30,,22625,13,,,1
10800,'4',724,,22640,13,,,1,30,,22659,13,,,1,70,,22669,13,,,1,30,,22647,13,,,1,70,,22657,13,,,1,30,,22653,13,,,1,100,,22638,13,,,1,100,,22667,13,,,1,100,,22670,13,,,1,100,,22662,13,,,1,100,,22666,13,,,1,70,,22639,13,,,1,30,,22650,13,,,1,70,,22643,13,,,1,30,,22649,13,,,1,70,,22648,13,,,1,30,,22664,13,,,1
10800,'5',724,,22688,13,,,1,30,,22674,13,,,1,70,,22680,13,,,1,30,,22673,13,,,1,70,,22672,13,,,1,30,,22683,13,,,1,100,,22687,13,,,1,100,,22696,13,,,1,100,,22691,13,,,1,100,,22692,13,,,1,100,,22697,13,,,1,70,,22679,13,,,1,30,,22684,13,,,1,70,,22695,13,,,1,30,,22701,13,,,1,70,,22677,13,,,1,30,,22671,13,,,1
10800,'7',724,,22723,13,,,1,30,,22716,13,,,1,70,,22731,13,,,1,30,,22714,13,,,1,70,,22708,13,,,1,30,,22737,13,,,1,100,,22727,13,,,1,100,,22724,13,,,1,100,,22735,13,,,1,100,,22711,13,,,1,100,,22713,13,,,1,70,,22707,13,,,1,30,,22732,13,,,1,70,,22718,13,,,1,30,,22726,13,,,1,70,,22709,13,,,1,30,,22717,13,,,1
10800,'8',724,,22769,13,,,1,30,,22765,13,,,1,70,,22746,13,,,1,30,,22753,13,,,1,70,,22766,13,,,1,30,,22754,13,,,1,100,,22771,13,,,1,100,,22741,13,,,1,100,,22760,13,,,1,100,,22763,13,,,1,100,,22749,13,,,1,70,,22742,13,,,1,30,,22757,13,,,1,70,,22770,13,,,1,30,,22767,13,,,1,70,,22743,13,,,1,30,,22750,13,,,1
10800,'9',724,,22785,13,,,1,30,,22779,13,,,1,70,,22781,13,,,1,30,,22776,13,,,1,70,,22794,13,,,1,30,,22790,13,,,1,100,,22775,13,,,1,100,,22801,13,,,1,100,,22802,13,,,1,100,,22795,13,,,1,100,,22798,13,,,1,70,,22797,13,,,1,30,,22805,13,,,1,70,,22787,13,,,1,30,,22803,13,,,1,70,,22789,13,,,1,30,,22774,13,,,1
10801,'1',624,,22818,1,,,1,30,,22824,1,,,1
10801,'2',624,,22828,1,,,1,30,,22832,1,,,1
10801,'3',624,,22855,1,,,1,30,,22847,1,,,1
10801,'4',624,,22872,1,,,1,30,,22870,1,,,1
10801,'5',624,,22895,1,,,1,30,,22889,1,,,1
10801,'7',624,,22913,1,,,1,30,,22908,1,,,1
10801,'8',624,,22926,1,,,1,30,,22925,1,,,1
10801,'9',624,,22950,1,,,1,30,,22948,1,,,1
