20501,'1',1920,,27313,9,,,1,100,,27312,9,,,1,100,,27315,9,,,1,100,,27317,9,,,1
20501,'10',720,,27318,9,,,1,100,,27345,9,,,1,100,,27321,9,,,1,100,,27330,9,,,1,100,,27323,9,,,1,100,,27331,9,,,1,100,,27342,9,,,1,100,,27329,9,,,1,100,,27343,9,,,1,100,,27336,9,,,1,100,,27337,9,,,1,100,,27319,9,,,1,100,,27328,9,,,1,100,,27332,9,,,1
20501,'11',720,,27370,9,,,1,100,,27349,9,,,1,100,,27363,9,,,1,100,,27352,9,,,1,100,,27365,9,,,1,100,,27348,9,,,1,100,,27361,9,,,1,100,,27358,9,,,1,100,,27346,9,,,1,100,,27367,9,,,1,100,,27351,9,,,1,100,,27360,9,,,1,100,,27368,9,,,1,100,,27366,9,,,1
20501,'2',1920,,27381,9,,,1,100,,27380,9,,,1,100,,27375,9,,,1,100,,27374,9,,,1
20501,'3',1920,,27388,9,,,1,100,,27384,9,,,1,100,,27386,9,,,1,100,,27385,9,,,1
20501,'4',1920,,27396,9,,,1,100,,27397,9,,,1,100,,27390,9,,,1,100,,27391,9,,,1
20501,'5',1920,,27398,9,,,1,100,,27403,9,,,1,100,,27400,9,,,1,100,,27404,9,,,1
20501,'6',720,,27431,9,,,1,100,,27422,9,,,1,100,,27421,9,,,1,100,,27423,9,,,1,100,,27414,9,,,1,100,,27415,9,,,1,100,,27419,9,,,1,100,,27407,9,,,1,100,,27428,9,,,1,100,,27413,9,,,1,100,,27427,9,,,1,100,,27425,9,,,1,100,,27418,9,,,1,100,,27416,9,,,1
20501,'7',1920,,27435,9,,,1,100,,27434,9,,,1,100,,27436,9,,,1,100,,27440,9,,,1
20501,'8',1920,,27448,9,,,1,100,,27444,9,,,1,100,,27442,9,,,1,100,,27446,9,,,1
20501,'9',1920,,27455,9,,,1,100,,27456,9,,,1,100,,27454,9,,,1,100,,27451,9,,,1
