11300,'1',624,,24507,8,,,1,100,,24518,8,,,1,100,,24513,8,,,1,100,,24510,8,,,1,100,,24522,8,,,1,100,,19261,8,,,1,100,,24521,8,,,1,100,,24506,8,,,1,100,,24525,8,,,1,100,,24532,8,,,1,100,,24523,8,,,1,100,,24528,8,,,1,100,,24527,8,,,1
11300,'2',624,,24538,8,,,1,100,,24542,8,,,1,100,,24556,8,,,1,100,,24552,8,,,1,100,,24548,8,,,1,100,,24534,8,,,1,100,,24546,8,,,1,100,,24533,8,,,1,100,,24563,8,,,1,100,,24570,8,,,1,100,,24541,8,,,1,100,,24566,8,,,1,100,,24557,8,,,1
11300,'3',624,,24609,8,,,1,100,,24582,8,,,1,100,,24573,8,,,1,100,,24586,8,,,1,100,,24575,8,,,1,100,,24606,8,,,1,100,,24580,8,,,1,100,,24594,8,,,1,100,,24592,8,,,1,100,,24591,8,,,1,100,,24576,8,,,1,100,,24598,8,,,1,100,,24574,8,,,1
11300,'4',624,,24637,8,,,1,100,,24647,8,,,1,100,,24642,8,,,1,100,,24634,8,,,1,100,,24619,8,,,1,100,,24628,8,,,1,100,,24630,8,,,1,100,,24618,8,,,1,100,,24617,8,,,1,100,,24629,8,,,1,100,,24633,8,,,1,100,,24632,8,,,1,100,,24643,8,,,1
11300,'5',624,,24671,8,,,1,100,,24668,8,,,1,100,,24653,8,,,1,100,,24652,8,,,1,100,,24674,8,,,1,100,,24667,8,,,1,100,,24686,8,,,1,100,,24658,8,,,1,100,,24650,8,,,1,100,,24682,8,,,1,100,,24679,8,,,1,100,,24675,8,,,1,100,,24677,8,,,1
11300,'7',624,,24711,8,,,1,100,,24719,8,,,1,100,,24724,8,,,1,100,,24700,8,,,1,100,,24716,8,,,1,100,,24718,8,,,1,100,,24726,8,,,1,100,,24720,8,,,1,100,,24709,8,,,1,100,,24703,8,,,1,100,,24696,8,,,1,100,,24704,8,,,1,100,,24722,8,,,1
11300,'8',624,,24759,8,,,1,100,,24727,8,,,1,100,,24758,8,,,1,100,,24755,8,,,1,100,,24764,8,,,1,100,,24730,8,,,1,100,,24751,8,,,1,100,,24754,8,,,1,100,,24752,8,,,1,100,,24765,8,,,1,100,,24729,8,,,1,100,,24756,8,,,1,100,,24744,8,,,1
11300,'9',624,,24778,8,,,1,100,,24797,8,,,1,100,,24795,8,,,1,100,,24766,8,,,1,100,,24772,8,,,1,100,,24801,8,,,1,100,,24803,8,,,1,100,,24773,8,,,1,100,,24770,8,,,1,100,,24787,8,,,1,100,,24798,8,,,1,100,,24768,8,,,1,100,,24780,8,,,1
21300,'1',1924,,28956,8,,,1,100,,28955,8,,,1,100,,28957,8,,,1,100,,28954,8,,,1
21300,'10',724,,28959,8,,,1,100,,28970,8,,,1,100,,28966,8,,,1,100,,28964,8,,,1,100,,28962,8,,,1,100,,28961,8,,,1,100,,28969,8,,,1,100,,28960,8,,,1,100,,28965,8,,,1,100,,28958,8,,,1,100,,28963,8,,,1,100,,28968,8,,,1,100,,28967,8,,,1
21300,'11',724,,28980,8,,,1,100,,28978,8,,,1,100,,28974,8,,,1,100,,28983,8,,,1,100,,28982,8,,,1,100,,28972,8,,,1,100,,28981,8,,,1,100,,28973,8,,,1,100,,28979,8,,,1,100,,28977,8,,,1,100,,28971,8,,,1,100,,28976,8,,,1,100,,28975,8,,,1
21300,'2',1924,,28985,8,,,1,100,,28987,8,,,1,100,,28986,8,,,1,100,,28984,8,,,1
21300,'3',1924,,28989,8,,,1,100,,28988,8,,,1,100,,28990,8,,,1,100,,28991,8,,,1
21300,'4',1924,,28992,8,,,1,100,,28993,8,,,1,100,,28994,8,,,1,100,,28995,8,,,1
21300,'5',1924,,28998,8,,,1,100,,28996,8,,,1,100,,28999,8,,,1,100,,28997,8,,,1
21300,'6',724,,29009,8,,,1,100,,29010,8,,,1,100,,29003,8,,,1,100,,29002,8,,,1,100,,29000,8,,,1,100,,29005,8,,,1,100,,29001,8,,,1,100,,29008,8,,,1,100,,29006,8,,,1,100,,29011,8,,,1,100,,29004,8,,,1,100,,29007,8,,,1,100,,29012,8,,,1
21300,'7',1924,,29015,8,,,1,100,,29016,8,,,1,100,,29014,8,,,1,100,,29013,8,,,1
21300,'8',1924,,29018,8,,,1,100,,29020,8,,,1,100,,29019,8,,,1,100,,29017,8,,,1
21300,'9',1924,,29023,8,,,1,100,,29021,8,,,1,100,,29024,8,,,1,100,,29022,8,,,1
