10100,'1',700,,19742,2,,,1,30,,19743,2,,,1,70,,19746,2,,,1,30,,19744,2,,,1,70,,19757,2,,,1,30,,19748,2,,,1,70,,19756,2,,,1,100,,19758,2,,,1,100,,19751,2,,,1,100,,19749,2,,,1,100,,19750,2,,,1,100,,19745,2,,,1,30,,19755,2,,,1,70,,19753,2,,,1,30,,19759,2,,,1,70,,19747,2,,,1,30,,19754,2,,,1,70,,19752,2,,,1
10100,'2',700,,19776,2,,,1,30,,19773,2,,,1,70,,19772,2,,,1,30,,19767,2,,,1,70,,19766,2,,,1,30,,19760,2,,,1,70,,19768,2,,,1,100,,19761,2,,,1,100,,19774,2,,,1,100,,19762,2,,,1,100,,19763,2,,,1,100,,19777,2,,,1,30,,19765,2,,,1,70,,19771,2,,,1,30,,19769,2,,,1,70,,19764,2,,,1,30,,19775,2,,,1,70,,19770,2,,,1
10100,'3',700,,19793,2,,,1,30,,19780,2,,,1,70,,19785,2,,,1,30,,19783,2,,,1,70,,19789,2,,,1,30,,19788,2,,,1,70,,19795,2,,,1,100,,19792,2,,,1,100,,19778,2,,,1,100,,19781,2,,,1,100,,19784,2,,,1,100,,19787,2,,,1,30,,19794,2,,,1,70,,19779,2,,,1,30,,19791,2,,,1,70,,19782,2,,,1,30,,19790,2,,,1,70,,19786,2,,,1
10100,'4',700,,19808,2,,,1,30,,19807,2,,,1,70,,19812,2,,,1,30,,19799,2,,,1,70,,19805,2,,,1,30,,19797,2,,,1,70,,19803,2,,,1,100,,19800,2,,,1,100,,19810,2,,,1,100,,19806,2,,,1,100,,19798,2,,,1,100,,19813,2,,,1,30,,19802,2,,,1,70,,19796,2,,,1,30,,19809,2,,,1,70,,19801,2,,,1,30,,19804,2,,,1,70,,19811,2,,,1
10100,'5',700,,19815,2,,,1,30,,19831,2,,,1,70,,19816,2,,,1,30,,19825,2,,,1,70,,19827,2,,,1,30,,19828,2,,,1,70,,19824,2,,,1,100,,19818,2,,,1,100,,19826,2,,,1,100,,19817,2,,,1,100,,19820,2,,,1,100,,19822,2,,,1,30,,19830,2,,,1,70,,19819,2,,,1,30,,19823,2,,,1,70,,19814,2,,,1,30,,19829,2,,,1,70,,19821,2,,,1
10100,'7',700,,19832,2,,,1,30,,19845,2,,,1,70,,19843,2,,,1,30,,19839,2,,,1,70,,19841,2,,,1,30,,19836,2,,,1,70,,19833,2,,,1,100,,19847,2,,,1,100,,19834,2,,,1,100,,19849,2,,,1,100,,19842,2,,,1,100,,19844,2,,,1,30,,19848,2,,,1,70,,19837,2,,,1,30,,19835,2,,,1,70,,19840,2,,,1,30,,19838,2,,,1,70,,19846,2,,,1
10100,'8',700,,19862,2,,,1,30,,19851,2,,,1,70,,19852,2,,,1,30,,19866,2,,,1,70,,19864,2,,,1,30,,19860,2,,,1,70,,19850,2,,,1,100,,19867,2,,,1,100,,19856,2,,,1,100,,19858,2,,,1,100,,19859,2,,,1,100,,19853,2,,,1,30,,19855,2,,,1,70,,19863,2,,,1,30,,19854,2,,,1,70,,19861,2,,,1,30,,19865,2,,,1,70,,19857,2,,,1
10100,'9',700,,19875,2,,,1,30,,19870,2,,,1,70,,19878,2,,,1,30,,19877,2,,,1,70,,19868,2,,,1,30,,19876,2,,,1,70,,19884,2,,,1,100,,19881,2,,,1,100,,19883,2,,,1,100,,19879,2,,,1,100,,19871,2,,,1,100,,19872,2,,,1,30,,19882,2,,,1,70,,19880,2,,,1,30,,19873,2,,,1,70,,19874,2,,,1,30,,19885,2,,,1,70,,19869,2,,,1
10600,'1',637,,21619,2,,,1,100,,21625,2,,,1,70,,21632,2,,,1,30,,21627,2,,,1,70,,21621,2,,,1,30,,21626,2,,,1,100,,21629,2,,,1,100,,21631,2,,,1,100,,21618,2,,,1,100,,16062,2,,,1,100,,21633,2,,,1,70,,21620,2,,,1,30,,21623,2,,,1,70,,21622,2,,,1,23,,21630,2,,,1,77,,21628,2,,,1,23,,21624,2,,,1
10600,'2',637,,21646,2,,,1,100,,21649,2,,,1,70,,17440,2,,,1,30,,21643,2,,,1,70,,21645,2,,,1,30,,21634,2,,,1,100,,21638,2,,,1,100,,21647,2,,,1,100,,21636,2,,,1,100,,21642,2,,,1,100,,21637,2,,,1,70,,21641,2,,,1,30,,21635,2,,,1,70,,21644,2,,,1,23,,21648,2,,,1,77,,21639,2,,,1,23,,21640,2,,,1
10600,'3',637,,21666,2,,,1,100,,21664,2,,,1,70,,21655,2,,,1,30,,21661,2,,,1,70,,21656,2,,,1,30,,21653,2,,,1,100,,21651,2,,,1,100,,21665,2,,,1,100,,21663,2,,,1,100,,21657,2,,,1,100,,21654,2,,,1,70,,21662,2,,,1,30,,21650,2,,,1,70,,21658,2,,,1,23,,21659,2,,,1,77,,21660,2,,,1,23,,21652,2,,,1
10600,'4',637,,21682,2,,,1,100,,21676,2,,,1,70,,21674,2,,,1,30,,21681,2,,,1,70,,21675,2,,,1,30,,21680,2,,,1,100,,21671,2,,,1,100,,21678,2,,,1,100,,21673,2,,,1,100,,21668,2,,,1,100,,21667,2,,,1,70,,21683,2,,,1,30,,21670,2,,,1,70,,21679,2,,,1,23,,21669,2,,,1,77,,21677,2,,,1,23,,21672,2,,,1
10600,'5',637,,21697,2,,,1,100,,21693,2,,,1,70,,21684,2,,,1,30,,21696,2,,,1,70,,21686,2,,,1,30,,21690,2,,,1,100,,21692,2,,,1,100,,21685,2,,,1,100,,21691,2,,,1,100,,21699,2,,,1,100,,21694,2,,,1,70,,21698,2,,,1,30,,21695,2,,,1,70,,21700,2,,,1,23,,21688,2,,,1,77,,21689,2,,,1,23,,21687,2,,,1
10600,'7',637,,21713,2,,,1,100,,21716,2,,,1,70,,21703,2,,,1,30,,21705,2,,,1,70,,21702,2,,,1,30,,21701,2,,,1,100,,21708,2,,,1,100,,21710,2,,,1,100,,21706,2,,,1,100,,21717,2,,,1,100,,21712,2,,,1,70,,21704,2,,,1,30,,21715,2,,,1,70,,21714,2,,,1,23,,21707,2,,,1,77,,21711,2,,,1,23,,21709,2,,,1
10600,'8',637,,21727,2,,,1,100,,21721,2,,,1,70,,21723,2,,,1,30,,21730,2,,,1,70,,21734,2,,,1,30,,21729,2,,,1,100,,21726,2,,,1,100,,21718,2,,,1,100,,21732,2,,,1,100,,21720,2,,,1,100,,21725,2,,,1,70,,21731,2,,,1,30,,21722,2,,,1,70,,21724,2,,,1,23,,21728,2,,,1,77,,21719,2,,,1,23,,21733,2,,,1
10600,'9',637,,21739,2,,,1,100,,21749,2,,,1,70,,21746,2,,,1,30,,21751,2,,,1,70,,21743,2,,,1,30,,21737,2,,,1,100,,21750,2,,,1,100,,21744,2,,,1,100,,21745,2,,,1,100,,21740,2,,,1,100,,21742,2,,,1,70,,21736,2,,,1,30,,21748,2,,,1,70,,21747,2,,,1,23,,21738,2,,,1,77,,21741,2,,,1,23,,21735,2,,,1
20600,'1',1809,,27467,2,,,1,30,,27459,2,,,1,70,,27463,2,,,1,30,,27464,2,,,1,70,,27458,2,,,1,30,,27460,2,,,1,70,,27466,2,,,1,30,,27462,2,,,1,70,,27465,2,,,1,30,,27461,2,,,1
20600,'10',736,,18923,2,,,1,70,,27477,2,,,1,30,,27486,2,,,1,70,,27470,2,,,1,30,,27482,2,,,1,70,,27488,2,,,1,30,,27491,2,,,1,70,,27492,2,,,1,30,,27474,2,,,1,70,,27473,2,,,1,30,,27484,2,,,1,70,,27479,2,,,1,30,,27472,2,,,1,70,,27468,2,,,1,30,,27480,2,,,1,70,,27489,2,,,1,30,,27485,2,,,1,70,,27476,2,,,1,30,,27475,2,,,1,70,,27481,2,,,1,30,,27478,2,,,1,70,,27487,2,,,1,30,,27471,2,,,1,70,,27483,2,,,1,30,,27490,2,,,1,70,,27469,2,,,1
20600,'11',736,,27493,2,,,1,70,,27515,2,,,1,30,,27512,2,,,1,70,,27506,2,,,1,30,,27495,2,,,1,70,,27504,2,,,1,30,,27507,2,,,1,70,,27518,2,,,1,30,,27496,2,,,1,70,,27498,2,,,1,30,,27508,2,,,1,70,,27509,2,,,1,30,,27502,2,,,1,70,,27511,2,,,1,30,,27510,2,,,1,70,,27497,2,,,1,30,,27494,2,,,1,70,,27513,2,,,1,30,,27500,2,,,1,70,,27516,2,,,1,30,,27503,2,,,1,70,,27514,2,,,1,30,,27505,2,,,1,70,,27501,2,,,1,30,,27499,2,,,1,70,,27517,2,,,1
20600,'2',1809,,27521,2,,,1,30,,27528,2,,,1,70,,27526,2,,,1,30,,27522,2,,,1,70,,27519,2,,,1,30,,27525,2,,,1,70,,27520,2,,,1,30,,27527,2,,,1,70,,27524,2,,,1,30,,27523,2,,,1
20600,'3',1809,,27532,2,,,1,30,,27530,2,,,1,70,,27533,2,,,1,30,,27535,2,,,1,70,,27531,2,,,1,30,,27537,2,,,1,70,,27536,2,,,1,30,,27529,2,,,1,70,,27534,2,,,1,30,,27538,2,,,1
20600,'4',1809,,27539,2,,,1,30,,27547,2,,,1,70,,27541,2,,,1,30,,27544,2,,,1,70,,27543,2,,,1,30,,27546,2,,,1,70,,27545,2,,,1,30,,27548,2,,,1,70,,27540,2,,,1,30,,27542,2,,,1
20600,'5',1809,,27550,2,,,1,30,,27555,2,,,1,70,,27558,2,,,1,30,,27549,2,,,1,70,,27551,2,,,1,30,,27556,2,,,1,70,,27554,2,,,1,30,,27552,2,,,1,70,,27557,2,,,1,30,,27553,2,,,1
20600,'6',736,,27575,2,,,1,70,,27571,2,,,1,30,,27579,2,,,1,70,,27584,2,,,1,30,,27562,2,,,1,70,,27578,2,,,1,30,,27566,2,,,1,70,,27570,2,,,1,30,,27563,2,,,1,70,,27559,2,,,1,30,,27582,2,,,1,70,,27560,2,,,1,30,,27567,2,,,1,70,,27577,2,,,1,30,,27561,2,,,1,70,,27583,2,,,1,30,,27574,2,,,1,70,,27573,2,,,1,30,,27564,2,,,1,70,,27581,2,,,1,30,,27572,2,,,1,70,,27565,2,,,1,30,,27569,2,,,1,70,,27568,2,,,1,30,,27580,2,,,1,70,,27576,2,,,1
20600,'7',1809,,27586,2,,,1,30,,27589,2,,,1,70,,27591,2,,,1,30,,27593,2,,,1,70,,27592,2,,,1,30,,27588,2,,,1,70,,27585,2,,,1,30,,27590,2,,,1,70,,27594,2,,,1,30,,27587,2,,,1
20600,'8',1809,,27601,2,,,1,30,,27596,2,,,1,70,,27600,2,,,1,30,,27595,2,,,1,70,,27604,2,,,1,30,,27598,2,,,1,70,,27603,2,,,1,30,,27599,2,,,1,70,,27602,2,,,1,30,,27597,2,,,1
20600,'9',1809,,27608,2,,,1,30,,27611,2,,,1,70,,27614,2,,,1,30,,27607,2,,,1,70,,27609,2,,,1,30,,27613,2,,,1,70,,27610,2,,,1,30,,27605,2,,,1,70,,27612,2,,,1,30,,27606,2,,,1
