10301,'1',621,,20467,24,,,1,100,,20476,24,,,1,30,,20474,24,,,1,70,,20481,24,,,1,30,,20479,24,,,1,70,,20483,24,,,1,30,,20471,24,,,1,70,,20478,24,,,1,100,,20473,24,,,1,100,,20469,24,,,1,100,,20480,24,,,1,100,,20470,24,,,1,100,,20485,24,,,1,30,,17632,24,,,1,70,,20477,24,,,1,30,,20475,24,,,1,70,,20484,24,,,1,30,,20472,24,,,1,70,,20482,24,,,1,30,,20468,24,,,1
10301,'2',621,,20487,24,,,1,100,,20493,24,,,1,30,,20491,24,,,1,70,,20488,24,,,1,30,,20486,24,,,1,70,,20498,24,,,1,30,,20503,24,,,1,70,,20495,24,,,1,100,,20504,24,,,1,100,,20499,24,,,1,100,,20494,24,,,1,100,,20490,24,,,1,100,,20505,24,,,1,30,,20489,24,,,1,70,,20497,24,,,1,30,,20496,24,,,1,70,,20500,24,,,1,30,,20492,24,,,1,70,,20501,24,,,1,30,,20502,24,,,1
10301,'3',621,,20511,24,,,1,100,,20521,24,,,1,30,,20509,24,,,1,70,,20515,24,,,1,30,,20512,24,,,1,70,,20507,24,,,1,30,,20506,24,,,1,70,,20518,24,,,1,100,,20508,24,,,1,100,,20522,24,,,1,100,,20516,24,,,1,100,,20523,24,,,1,100,,20513,24,,,1,30,,20510,24,,,1,70,,20524,24,,,1,30,,20517,24,,,1,70,,20520,24,,,1,30,,20514,24,,,1,70,,20519,24,,,1,30,,20525,24,,,1
10301,'4',621,,20534,24,,,1,100,,20531,24,,,1,30,,20529,24,,,1,70,,20533,24,,,1,30,,20537,24,,,1,70,,20532,24,,,1,30,,20538,24,,,1,70,,20527,24,,,1,100,,20535,24,,,1,100,,20528,24,,,1,100,,20543,24,,,1,100,,20540,24,,,1,100,,20530,24,,,1,30,,20542,24,,,1,70,,20536,24,,,1,30,,20539,24,,,1,70,,20544,24,,,1,30,,20545,24,,,1,70,,20541,24,,,1,30,,20526,24,,,1
10301,'5',621,,20562,24,,,1,100,,20547,24,,,1,30,,20550,24,,,1,70,,20558,24,,,1,30,,20549,24,,,1,70,,20560,24,,,1,30,,20565,24,,,1,70,,20564,24,,,1,100,,20554,24,,,1,100,,20548,24,,,1,100,,20546,24,,,1,100,,20561,24,,,1,100,,20559,24,,,1,30,,20556,24,,,1,70,,20555,24,,,1,30,,20551,24,,,1,70,,20563,24,,,1,30,,20557,24,,,1,70,,20553,24,,,1,30,,20552,24,,,1
10301,'7',621,,20583,24,,,1,100,,20579,24,,,1,30,,20568,24,,,1,70,,20570,24,,,1,30,,20574,24,,,1,70,,20580,24,,,1,30,,20566,24,,,1,70,,20576,24,,,1,100,,20585,24,,,1,100,,20573,24,,,1,100,,20571,24,,,1,100,,20575,24,,,1,100,,20578,24,,,1,30,,20567,24,,,1,70,,20577,24,,,1,30,,20584,24,,,1,70,,20582,24,,,1,30,,20581,24,,,1,70,,20569,24,,,1,30,,20572,24,,,1
10301,'8',621,,20594,24,,,1,100,,20588,24,,,1,30,,20596,24,,,1,70,,20602,24,,,1,30,,20598,24,,,1,70,,20600,24,,,1,30,,20592,24,,,1,70,,20593,24,,,1,100,,20595,24,,,1,100,,20591,24,,,1,100,,20586,24,,,1,100,,20590,24,,,1,100,,20605,24,,,1,30,,20597,24,,,1,70,,20603,24,,,1,30,,20601,24,,,1,70,,20604,24,,,1,30,,20599,24,,,1,70,,20587,24,,,1,30,,20589,24,,,1
10301,'9',621,,20611,24,,,1,100,,20607,24,,,1,30,,20610,24,,,1,70,,20612,24,,,1,30,,20614,24,,,1,70,,20625,24,,,1,30,,20618,24,,,1,70,,20623,24,,,1,100,,20609,24,,,1,100,,20622,24,,,1,100,,20621,24,,,1,100,,20615,24,,,1,100,,20613,24,,,1,30,,20620,24,,,1,70,,20617,24,,,1,30,,20619,24,,,1,70,,20608,24,,,1,30,,20616,24,,,1,70,,20624,24,,,1,30,,20606,24,,,1
11000,'1',633,,23450,5,,,1,70,,23438,5,,,1,30,,23440,5,,,1,70,,23453,5,,,1,30,,23441,5,,,1,70,,23446,5,,,1,30,,23448,5,,,1,70,,23437,5,,,1,30,,23447,5,,,1,70,,23434,5,,,1,30,,23436,5,,,1,70,,23445,5,,,1,30,,23457,5,,,1,70,,23451,5,,,1,30,,23452,5,,,1,70,,23439,5,,,1,30,,23435,5,,,1,70,,23433,5,,,1,30,,23443,5,,,1,70,,23455,5,,,1,30,,23449,5,,,1,70,,23444,5,,,1,30,,23456,5,,,1,70,,23442,5,,,1,30,,23454,5,,,1
11000,'2',633,,23470,5,,,1,70,,23459,5,,,1,30,,23463,5,,,1,70,,23475,5,,,1,30,,23478,5,,,1,70,,23476,5,,,1,30,,23466,5,,,1,70,,23467,5,,,1,30,,23458,5,,,1,70,,23461,5,,,1,30,,23477,5,,,1,70,,23479,5,,,1,30,,23471,5,,,1,70,,23473,5,,,1,30,,17518,5,,,1,70,,23480,5,,,1,30,,23474,5,,,1,70,,23460,5,,,1,30,,23472,5,,,1,70,,23465,5,,,1,30,,23481,5,,,1,70,,23469,5,,,1,30,,23468,5,,,1,70,,23462,5,,,1,30,,23464,5,,,1
11000,'3',633,,23483,5,,,1,70,,23502,5,,,1,30,,23482,5,,,1,70,,23503,5,,,1,30,,23485,5,,,1,70,,23496,5,,,1,30,,23484,5,,,1,70,,23493,5,,,1,30,,23495,5,,,1,70,,23494,5,,,1,30,,23501,5,,,1,70,,23492,5,,,1,30,,23488,5,,,1,70,,23498,5,,,1,30,,23490,5,,,1,70,,23499,5,,,1,30,,23486,5,,,1,70,,23500,5,,,1,30,,23489,5,,,1,70,,23497,5,,,1,30,,23491,5,,,1,70,,23504,5,,,1,30,,23505,5,,,1,70,,23487,5,,,1,30,,23506,5,,,1
11000,'4',633,,23530,5,,,1,70,,23529,5,,,1,30,,23527,5,,,1,70,,23508,5,,,1,30,,23521,5,,,1,70,,23520,5,,,1,30,,23509,5,,,1,70,,23522,5,,,1,30,,23507,5,,,1,70,,23510,5,,,1,30,,23514,5,,,1,70,,23517,5,,,1,30,,23516,5,,,1,70,,23531,5,,,1,30,,23512,5,,,1,70,,23525,5,,,1,30,,23526,5,,,1,70,,23524,5,,,1,30,,23511,5,,,1,70,,23518,5,,,1,30,,23513,5,,,1,70,,23515,5,,,1,30,,23519,5,,,1,70,,23528,5,,,1,30,,23523,5,,,1
11000,'5',633,,23550,5,,,1,70,,23546,5,,,1,30,,23551,5,,,1,70,,23535,5,,,1,30,,23547,5,,,1,70,,23537,5,,,1,30,,23539,5,,,1,70,,23534,5,,,1,30,,23543,5,,,1,70,,23536,5,,,1,30,,23533,5,,,1,70,,23532,5,,,1,30,,23541,5,,,1,70,,23538,5,,,1,30,,23555,5,,,1,70,,23542,5,,,1,30,,23554,5,,,1,70,,23556,5,,,1,30,,23540,5,,,1,70,,23548,5,,,1,30,,23553,5,,,1,70,,23552,5,,,1,30,,23544,5,,,1,70,,23549,5,,,1,30,,23545,5,,,1
11000,'7',633,,23559,5,,,1,70,,23578,5,,,1,30,,23565,5,,,1,70,,23576,5,,,1,30,,23573,5,,,1,70,,23579,5,,,1,30,,23569,5,,,1,70,,23574,5,,,1,30,,23572,5,,,1,70,,23568,5,,,1,30,,23570,5,,,1,70,,23580,5,,,1,30,,23558,5,,,1,70,,23561,5,,,1,30,,23577,5,,,1,70,,23575,5,,,1,30,,23562,5,,,1,70,,23563,5,,,1,30,,23566,5,,,1,70,,23581,5,,,1,30,,23557,5,,,1,70,,23567,5,,,1,30,,23560,5,,,1,70,,23571,5,,,1,30,,23564,5,,,1
11000,'8',633,,23586,5,,,1,70,,23595,5,,,1,30,,23593,5,,,1,70,,23603,5,,,1,30,,23602,5,,,1,70,,23589,5,,,1,30,,23596,5,,,1,70,,23599,5,,,1,30,,23582,5,,,1,70,,23606,5,,,1,30,,23590,5,,,1,70,,23600,5,,,1,30,,23584,5,,,1,70,,23587,5,,,1,30,,23601,5,,,1,70,,23598,5,,,1,30,,23588,5,,,1,70,,23592,5,,,1,30,,23594,5,,,1,70,,23605,5,,,1,30,,23591,5,,,1,70,,23583,5,,,1,30,,23585,5,,,1,70,,23604,5,,,1,30,,23597,5,,,1
11000,'9',633,,23620,5,,,1,70,,23613,5,,,1,30,,23631,5,,,1,70,,23615,5,,,1,30,,23612,5,,,1,70,,23626,5,,,1,30,,23628,5,,,1,70,,23608,5,,,1,30,,23629,5,,,1,70,,23611,5,,,1,30,,23609,5,,,1,70,,23610,5,,,1,30,,23630,5,,,1,70,,23621,5,,,1,30,,23616,5,,,1,70,,23627,5,,,1,30,,23623,5,,,1,70,,23614,5,,,1,30,,23622,5,,,1,70,,23607,5,,,1,30,,23625,5,,,1,70,,23618,5,,,1,30,,23624,5,,,1,70,,23619,5,,,1,30,,23617,5,,,1
20301,'1',1919,,26667,19,0,9 3 10,1,30,,26666,19,0,9 3 10,1,70,,26669,19,0,9 3 10,1,30,,26671,19,0,9 3 10,1,70,,26674,19,0,9 3 10,1,30,,26670,19,0,9 3 10,1,70,,26665,19,0,9 3 10,1,30,,26668,19,0,9 3 10,1,70,,26672,19,0,9 3 10,1,30,,26664,19,0,9 3 10,1
20301,'10',717,,26695,19,0,9 3 10,1,30,,26689,19,0,9 3 10,1,70,,26690,19,0,9 3 10,1,30,,26684,19,0,9 3 10,1,70,,26677,19,0,9 3 10,1,30,,26694,19,0,9 3 10,1,70,,26682,19,0,9 3 10,1,30,,26693,19,0,9 3 10,1,70,,26699,19,0,9 3 10,1,30,,26676,19,0,9 3 10,1,70,,26675,19,0,9 3 10,1,30,,26683,19,0,9 3 10,1,70,,26680,19,0,9 3 10,1,30,,26691,19,0,9 3 10,1,70,,26700,19,0,9 3 10,1,30,,26696,19,0,9 3 10,1,70,,26678,19,0,9 3 10,1,30,,26685,19,0,9 3 10,1,70,,26701,19,0,9 3 10,1,30,,26686,19,0,9 3 10,1,70,,26698,19,0,9 3 10,1,30,,26687,19,0,9 3 10,1,70,,26692,19,0,9 3 10,1,30,,26688,19,0,9 3 10,1,70,,26702,19,0,9 3 10,1,30,,26679,19,0,9 3 10,1,70,,26681,19,0,9 3 10,1,30,,26697,19,0,9 3 10,1
20301,'11',717,,26730,19,0,9 3 10,1,30,,26718,19,0,9 3 10,1,70,,26711,19,0,9 3 10,1,30,,26722,19,0,9 3 10,1,70,,26714,19,0,9 3 10,1,30,,26725,19,0,9 3 10,1,70,,26706,19,0,9 3 10,1,30,,26709,19,0,9 3 10,1,70,,26705,19,0,9 3 10,1,30,,26726,19,0,9 3 10,1,70,,26719,19,0,9 3 10,1,30,,26703,19,0,9 3 10,1,70,,26704,19,0,9 3 10,1,30,,26729,19,0,9 3 10,1,70,,26717,19,0,9 3 10,1,30,,26710,19,0,9 3 10,1,70,,26708,19,0,9 3 10,1,30,,26724,19,0,9 3 10,1,70,,26715,19,0,9 3 10,1,30,,26721,19,0,9 3 10,1,70,,26728,19,0,9 3 10,1,30,,26707,19,0,9 3 10,1,70,,26723,19,0,9 3 10,1,30,,26720,19,0,9 3 10,1,70,,26716,19,0,9 3 10,1,30,,26727,19,0,9 3 10,1,70,,26713,19,0,9 3 10,1,30,,26712,19,0,9 3 10,1
20301,'2',1919,,26740,19,0,9 3 10,1,30,,26735,19,0,9 3 10,1,70,,26732,19,0,9 3 10,1,30,,26734,19,0,9 3 10,1,70,,26739,19,0,9 3 10,1,30,,26731,19,0,9 3 10,1,70,,26741,19,0,9 3 10,1,30,,26733,19,0,9 3 10,1,70,,26738,19,0,9 3 10,1,30,,26737,19,0,9 3 10,1
20301,'3',1919,,26752,19,0,9 3 10,1,30,,26748,19,0,9 3 10,1,70,,26750,19,0,9 3 10,1,30,,26745,19,0,9 3 10,1,70,,26746,19,0,9 3 10,1,30,,26749,19,0,9 3 10,1,70,,26744,19,0,9 3 10,1,30,,26743,19,0,9 3 10,1,70,,26751,19,0,9 3 10,1,30,,26742,19,0,9 3 10,1
20301,'4',1919,,26753,19,0,9 3 10,1,30,,26762,19,0,9 3 10,1,70,,26759,19,0,9 3 10,1,30,,26760,19,0,9 3 10,1,70,,26761,19,0,9 3 10,1,30,,26754,19,0,9 3 10,1,70,,26757,19,0,9 3 10,1,30,,26763,19,0,9 3 10,1,70,,26756,19,0,9 3 10,1,30,,26758,19,0,9 3 10,1
20301,'5',1919,,26770,19,0,9 3 10,1,30,,26766,19,0,9 3 10,1,70,,26772,19,0,9 3 10,1,30,,26773,19,0,9 3 10,1,70,,26765,19,0,9 3 10,1,30,,26767,19,0,9 3 10,1,70,,26774,19,0,9 3 10,1,30,,26771,19,0,9 3 10,1,70,,26769,19,0,9 3 10,1,30,,26768,19,0,9 3 10,1
20301,'6',717,,26786,19,0,9 3 10,1,30,,26798,19,0,9 3 10,1,70,,26794,19,0,9 3 10,1,30,,26801,19,0,9 3 10,1,70,,26785,19,0,9 3 10,1,30,,26782,19,0,9 3 10,1,70,,26797,19,0,9 3 10,1,30,,26775,19,0,9 3 10,1,70,,26781,19,0,9 3 10,1,30,,26788,19,0,9 3 10,1,70,,26796,19,0,9 3 10,1,30,,26790,19,0,9 3 10,1,70,,26778,19,0,9 3 10,1,30,,26799,19,0,9 3 10,1,70,,26791,19,0,9 3 10,1,30,,26776,19,0,9 3 10,1,70,,26783,19,0,9 3 10,1,30,,26777,19,0,9 3 10,1,70,,26793,19,0,9 3 10,1,30,,26802,19,0,9 3 10,1,70,,26784,19,0,9 3 10,1,30,,26787,19,0,9 3 10,1,70,,26779,19,0,9 3 10,1,30,,26800,19,0,9 3 10,1,70,,26780,19,0,9 3 10,1,30,,26792,19,0,9 3 10,1,70,,26795,19,0,9 3 10,1,30,,26789,19,0,9 3 10,1
20301,'7',1919,,26808,19,0,9 3 10,1,30,,26809,19,0,9 3 10,1,70,,26803,19,0,9 3 10,1,30,,26810,19,0,9 3 10,1,70,,26805,19,0,9 3 10,1,30,,26804,19,0,9 3 10,1,70,,26811,19,0,9 3 10,1,30,,26806,19,0,9 3 10,1,70,,26812,19,0,9 3 10,1,30,,26807,19,0,9 3 10,1
20301,'8',1919,,26816,19,0,9 3 10,1,30,,26821,19,0,9 3 10,1,70,,26815,19,0,9 3 10,1,30,,26817,19,0,9 3 10,1,70,,26820,19,0,9 3 10,1,30,,26824,19,0,9 3 10,1,70,,26823,19,0,9 3 10,1,30,,26819,19,0,9 3 10,1,70,,26814,19,0,9 3 10,1,30,,26818,19,0,9 3 10,1
20301,'9',1919,,26825,19,0,9 3 10,1,30,,26828,19,0,9 3 10,1,70,,26834,19,0,9 3 10,1,30,,26831,19,0,9 3 10,1,70,,26832,19,0,9 3 10,1,30,,26835,19,0,9 3 10,1,70,,26830,19,0,9 3 10,1,30,,26829,19,0,9 3 10,1,70,,26827,19,0,9 3 10,1,30,,26833,19,0,9 3 10,1
