10400,'1',636,,18641,9,,,1,70,,20630,9,,,1,30,,20627,9,,,1,70,,20647,9,,,1,30,,20637,9,,,1,70,,20646,9,,,1,30,,20629,9,,,1,70,,20628,9,,,1,30,,20645,9,,,1,70,,20633,9,,,1,30,,20644,9,,,1,70,,20635,9,,,1,30,,20632,9,,,1,70,,20641,9,,,1,30,,20626,9,,,1,70,,20640,9,,,1,30,,20631,9,,,1,70,,20639,9,,,1,30,,20643,9,,,1,70,,20642,9,,,1,30,,20649,9,,,1,70,,20636,9,,,1,30,,20638,9,,,1,70,,20634,9,,,1,30,,20648,9,,,1
10400,'2',636,,20668,9,,,1,70,,20664,9,,,1,30,,20655,9,,,1,70,,20669,9,,,1,30,,20652,9,,,1,70,,20663,9,,,1,30,,20650,9,,,1,70,,20670,9,,,1,30,,20659,9,,,1,70,,20654,9,,,1,30,,20662,9,,,1,70,,20656,9,,,1,30,,20657,9,,,1,70,,20665,9,,,1,30,,20661,9,,,1,70,,20666,9,,,1,30,,20667,9,,,1,70,,20673,9,,,1,30,,20660,9,,,1,70,,20674,9,,,1,30,,20651,9,,,1,70,,20653,9,,,1,30,,20672,9,,,1,70,,20658,9,,,1,30,,20671,9,,,1
10400,'3',636,,20680,9,,,1,70,,20678,9,,,1,30,,20693,9,,,1,70,,20683,9,,,1,30,,20691,9,,,1,70,,20687,9,,,1,30,,20684,9,,,1,70,,20685,9,,,1,30,,20688,9,,,1,70,,20695,9,,,1,30,,20697,9,,,1,70,,20681,9,,,1,30,,20677,9,,,1,70,,20690,9,,,1,30,,20682,9,,,1,70,,20689,9,,,1,30,,20699,9,,,1,70,,20696,9,,,1,30,,20694,9,,,1,70,,20676,9,,,1,30,,20679,9,,,1,70,,20675,9,,,1,30,,20692,9,,,1,70,,20698,9,,,1,30,,20686,9,,,1
10400,'4',636,,20713,9,,,1,70,,20709,9,,,1,30,,20718,9,,,1,70,,20705,9,,,1,30,,20701,9,,,1,70,,20703,9,,,1,30,,20714,9,,,1,70,,20723,9,,,1,30,,20700,9,,,1,70,,20710,9,,,1,30,,20716,9,,,1,70,,20720,9,,,1,30,,20704,9,,,1,70,,20712,9,,,1,30,,20721,9,,,1,70,,20706,9,,,1,30,,20717,9,,,1,70,,20722,9,,,1,30,,20702,9,,,1,70,,20719,9,,,1,30,,20708,9,,,1,70,,20711,9,,,1,30,,20715,9,,,1,70,,20724,9,,,1,30,,20707,9,,,1
10400,'5',636,,20728,9,,,1,70,,20748,9,,,1,30,,20732,9,,,1,70,,20739,9,,,1,30,,20746,9,,,1,70,,20737,9,,,1,30,,20742,9,,,1,70,,20734,9,,,1,30,,20741,9,,,1,70,,20727,9,,,1,30,,20738,9,,,1,70,,20740,9,,,1,30,,20725,9,,,1,70,,20726,9,,,1,30,,20744,9,,,1,70,,20730,9,,,1,30,,20731,9,,,1,70,,20736,9,,,1,30,,20747,9,,,1,70,,20743,9,,,1,30,,20735,9,,,1,70,,20729,9,,,1,30,,20745,9,,,1,70,,20733,9,,,1,30,,20749,9,,,1
10400,'7',636,,20750,9,,,1,70,,20762,9,,,1,30,,20751,9,,,1,70,,20772,9,,,1,30,,20764,9,,,1,70,,20755,9,,,1,30,,20753,9,,,1,70,,20757,9,,,1,30,,20765,9,,,1,70,,20766,9,,,1,30,,20769,9,,,1,70,,20758,9,,,1,30,,20761,9,,,1,70,,20754,9,,,1,30,,20768,9,,,1,70,,20763,9,,,1,30,,20767,9,,,1,70,,20756,9,,,1,30,,20760,9,,,1,70,,20771,9,,,1,30,,20759,9,,,1,70,,20752,9,,,1,30,,20770,9,,,1,70,,20773,9,,,1,30,,20774,9,,,1
10400,'8',636,,20777,9,,,1,70,,20782,9,,,1,30,,20785,9,,,1,70,,20778,9,,,1,30,,20779,9,,,1,70,,20788,9,,,1,30,,20781,9,,,1,70,,20798,9,,,1,30,,20787,9,,,1,70,,20799,9,,,1,30,,20775,9,,,1,70,,20792,9,,,1,30,,20796,9,,,1,70,,20776,9,,,1,30,,20786,9,,,1,70,,20784,9,,,1,30,,20794,9,,,1,70,,20789,9,,,1,30,,20790,9,,,1,70,,20780,9,,,1,30,,20783,9,,,1,70,,20791,9,,,1,30,,20797,9,,,1,70,,20795,9,,,1,30,,20793,9,,,1
10400,'9',636,,20804,9,,,1,70,,20815,9,,,1,30,,20822,9,,,1,70,,20806,9,,,1,30,,20800,9,,,1,70,,20805,9,,,1,30,,20821,9,,,1,70,,20808,9,,,1,30,,20813,9,,,1,70,,20801,9,,,1,30,,20810,9,,,1,70,,20812,9,,,1,30,,20819,9,,,1,70,,20823,9,,,1,30,,20820,9,,,1,70,,20802,9,,,1,30,,20816,9,,,1,70,,20809,9,,,1,30,,20817,9,,,1,70,,20818,9,,,1,30,,20814,9,,,1,70,,20803,9,,,1,30,,20824,9,,,1,70,,20807,9,,,1,30,,20811,9,,,1
20301,'1',2406,,26673,9,,,1
20301,'2',2406,,26736,9,,,1
20301,'3',2406,,26747,9,,,1
20301,'4',2406,,26755,9,,,1
20301,'5',2406,,26764,9,,,1
20301,'7',2406,,26813,9,,,1
20301,'8',2406,,26822,9,,,1
20301,'9',2406,,26826,9,,,1
20400,'1',1907,,26836,9,,,1,30,,26839,9,,,1,70,,26837,9,,,1,30,,26841,9,,,1,70,,26840,9,,,1,30,,26845,9,,,1,70,,26843,9,,,1,30,,26842,9,,,1,70,,26838,9,,,1,30,,26844,9,,,1
20400,'10',737,,26855,9,,,1,70,,26852,9,,,1,30,,26860,9,,,1,70,,26847,9,,,1,30,,26849,9,,,1,70,,26863,9,,,1,30,,26862,9,,,1,70,,26867,9,,,1,30,,26868,9,,,1,70,,26871,9,,,1,30,,26858,9,,,1,70,,26853,9,,,1,30,,26873,9,,,1,70,,26870,9,,,1,30,,26846,9,,,1,70,,26857,9,,,1,30,,26854,9,,,1,70,,26872,9,,,1,30,,26851,9,,,1,70,,26866,9,,,1,30,,26869,9,,,1,70,,26848,9,,,1,30,,26864,9,,,1,70,,26859,9,,,1,30,,26865,9,,,1,70,,26861,9,,,1,30,,26850,9,,,1,70,,26856,9,,,1
20400,'11',737,,26889,9,,,1,70,,26884,9,,,1,30,,26895,9,,,1,70,,26893,9,,,1,30,,26887,9,,,1,70,,26876,9,,,1,30,,26878,9,,,1,70,,26880,9,,,1,30,,26882,9,,,1,70,,26888,9,,,1,30,,26874,9,,,1,70,,26881,9,,,1,30,,26897,9,,,1,70,,26899,9,,,1,30,,26883,9,,,1,70,,26890,9,,,1,30,,26901,9,,,1,70,,26877,9,,,1,30,,26894,9,,,1,70,,26886,9,,,1,30,,26885,9,,,1,70,,26875,9,,,1,30,,26896,9,,,1,70,,26892,9,,,1,30,,26900,9,,,1,70,,26891,9,,,1,30,,26879,9,,,1,70,,26898,9,,,1
20400,'2',1907,,26906,9,,,1,30,,26910,9,,,1,70,,26903,9,,,1,30,,26904,9,,,1,70,,26911,9,,,1,30,,26905,9,,,1,70,,26909,9,,,1,30,,26902,9,,,1,70,,26907,9,,,1,30,,26908,9,,,1
20400,'3',1907,,26913,9,,,1,30,,26912,9,,,1,70,,26914,9,,,1,30,,26915,9,,,1,70,,26920,9,,,1,30,,26916,9,,,1,70,,26919,9,,,1,30,,26917,9,,,1,70,,26921,9,,,1,30,,26918,9,,,1
20400,'4',1907,,26924,9,,,1,30,,26922,9,,,1,70,,26930,9,,,1,30,,26926,9,,,1,70,,26927,9,,,1,30,,26928,9,,,1,70,,26923,9,,,1,30,,26925,9,,,1,70,,26931,9,,,1,30,,26929,9,,,1
20400,'5',1907,,26937,9,,,1,30,,26941,9,,,1,70,,26934,9,,,1,30,,26935,9,,,1,70,,26932,9,,,1,30,,26933,9,,,1,70,,26939,9,,,1,30,,26936,9,,,1,70,,26940,9,,,1,30,,26938,9,,,1
20400,'6',737,,26964,9,,,1,70,,26958,9,,,1,30,,26948,9,,,1,70,,26955,9,,,1,30,,26945,9,,,1,70,,26961,9,,,1,30,,26951,9,,,1,70,,26949,9,,,1,30,,26963,9,,,1,70,,26952,9,,,1,30,,26947,9,,,1,70,,26960,9,,,1,30,,26956,9,,,1,70,,26962,9,,,1,30,,26965,9,,,1,70,,26943,9,,,1,30,,26953,9,,,1,70,,26944,9,,,1,30,,26954,9,,,1,70,,26957,9,,,1,30,,26946,9,,,1,70,,26969,9,,,1,30,,26942,9,,,1,70,,26967,9,,,1,30,,26968,9,,,1,70,,26966,9,,,1,30,,26959,9,,,1,70,,26950,9,,,1
20400,'7',1907,,26979,9,,,1,30,,26976,9,,,1,70,,26975,9,,,1,30,,26970,9,,,1,70,,26971,9,,,1,30,,26972,9,,,1,70,,26973,9,,,1,30,,26977,9,,,1,70,,26974,9,,,1,30,,26978,9,,,1
20400,'8',1907,,26980,9,,,1,30,,26982,9,,,1,70,,26988,9,,,1,30,,26983,9,,,1,70,,26984,9,,,1,30,,26985,9,,,1,70,,26989,9,,,1,30,,26987,9,,,1,70,,26986,9,,,1,30,,26981,9,,,1
20400,'9',1907,,26991,9,,,1,30,,26996,9,,,1,70,,26998,9,,,1,30,,26990,9,,,1,70,,26993,9,,,1,30,,26997,9,,,1,70,,26992,9,,,1,30,,26995,9,,,1,70,,26994,9,,,1,30,,26999,9,,,1
