20500,'1',1859,,27170,5,,,1,100,,27164,5,,,1,100,,27171,5,,,1,100,,27165,5,,,1
20500,'10',659,,27182,5,,,1,100,,27187,5,,,1,100,,19499,5,,,1,100,,27177,5,,,1,100,,27176,5,,,1,100,,27175,5,,,1,100,,27185,5,,,1,100,,27196,5,,,1,100,,27180,5,,,1,100,,27195,5,,,1,100,,27183,5,,,1,100,,27190,5,,,1,100,,27178,5,,,1,100,,27198,5,,,1
20500,'11',659,,27200,5,,,1,100,,27216,5,,,1,100,,27201,5,,,1,100,,27224,5,,,1,100,,27215,5,,,1,100,,27220,5,,,1,100,,27223,5,,,1,100,,27213,5,,,1,100,,27210,5,,,1,100,,27221,5,,,1,100,,27226,5,,,1,100,,27214,5,,,1,100,,27209,5,,,1,100,,27218,5,,,1
20500,'2',1859,,27230,5,,,1,100,,27227,5,,,1,100,,27234,5,,,1,100,,27233,5,,,1
20500,'3',1859,,27237,5,,,1,100,,27235,5,,,1,100,,27240,5,,,1,100,,27241,5,,,1
20500,'4',1859,,27243,5,,,1,100,,27246,5,,,1,100,,27247,5,,,1,100,,27248,5,,,1
20500,'5',1859,,27256,5,,,1,100,,27253,5,,,1,100,,27251,5,,,1,100,,27254,5,,,1
20500,'6',659,,27284,5,,,1,100,,27277,5,,,1,100,,27286,5,,,1,100,,27283,5,,,1,100,,27281,5,,,1,100,,27279,5,,,1,100,,27261,5,,,1,100,,27268,5,,,1,100,,27272,5,,,1,100,,27275,5,,,1,100,,27280,5,,,1,100,,27263,5,,,1,100,,27285,5,,,1,100,,27262,5,,,1
20500,'7',1859,,27288,5,,,1,100,,27291,5,,,1,100,,27287,5,,,1,100,,27292,5,,,1
20500,'8',1859,,27299,5,,,1,100,,27297,5,,,1,100,,27302,5,,,1,100,,27298,5,,,1
20500,'9',1859,,27305,5,,,1,100,,27309,5,,,1,100,,27308,5,,,1,100,,27307,5,,,1
