11301,'1',653,,24838,17,,,1,100,,24841,17,,,1,100,,18571,17,,,1,100,,24833,17,,,1,100,,24815,17,,,1,100,,24822,17,,,1,100,,24837,17,,,1,100,,17395,17,,,1,100,,24817,17,,,1,100,,24832,17,,,1,100,,24834,17,,,1,100,,24806,17,,,1,100,,24827,17,,,1
11301,'2',653,,24868,17,,,1,100,,24856,17,,,1,100,,24864,17,,,1,100,,24869,17,,,1,100,,14749,17,,,1,100,,24854,17,,,1,100,,24852,17,,,1,100,,24857,17,,,1,100,,24858,17,,,1,100,,24855,17,,,1,100,,24845,17,,,1,100,,24860,17,,,1,100,,24875,17,,,1
11301,'3',653,,24903,17,,,1,100,,24895,17,,,1,100,,24896,17,,,1,100,,24894,17,,,1,100,,24890,17,,,1,100,,24905,17,,,1,100,,24904,17,,,1,100,,24886,17,,,1,100,,24916,17,,,1,100,,24907,17,,,1,100,,24882,17,,,1,100,,24901,17,,,1,100,,24887,17,,,1
11301,'4',653,,24926,17,,,1,100,,24921,17,,,1,100,,24951,17,,,1,100,,24932,17,,,1,100,,24939,17,,,1,100,,24928,17,,,1,100,,24956,17,,,1,100,,24954,17,,,1,100,,24955,17,,,1,100,,24959,17,,,1,100,,24933,17,,,1,100,,24937,17,,,1,100,,24938,17,,,1
11301,'5',653,,24978,17,,,1,100,,24996,17,,,1,100,,24972,17,,,1,100,,24990,17,,,1,100,,24964,17,,,1,100,,24992,17,,,1,100,,24999,17,,,1,100,,24976,17,,,1,100,,24981,17,,,1,100,,24984,17,,,1,100,,24987,17,,,1,100,,24985,17,,,1,100,,24986,17,,,1
11301,'7',653,,25037,17,,,1,100,,25015,17,,,1,100,,25024,17,,,1,100,,25031,17,,,1,100,,25028,17,,,1,100,,25006,17,,,1,100,,25020,17,,,1,100,,25021,17,,,1,100,,25038,17,,,1,100,,25016,17,,,1,100,,25030,17,,,1,100,,25036,17,,,1,100,,25005,17,,,1
11301,'8',653,,25051,17,,,1,100,,25043,17,,,1,100,,25062,17,,,1,100,,25064,17,,,1,100,,25075,17,,,1,100,,25082,17,,,1,100,,25083,17,,,1,100,,25081,17,,,1,100,,25057,17,,,1,100,,25060,17,,,1,100,,25070,17,,,1,100,,25048,17,,,1,100,,25066,17,,,1
11301,'9',653,,25101,17,,,1,100,,25095,17,,,1,100,,25117,17,,,1,100,,25114,17,,,1,100,,25122,17,,,1,100,,25105,17,,,1,100,,25115,17,,,1,100,,25094,17,,,1,100,,25085,17,,,1,100,,25090,17,,,1,100,,25087,17,,,1,100,,25119,17,,,1,100,,25084,17,,,1
21301,'1',1953,,29030,17,,,1,100,,29026,17,,,1,100,,29027,17,,,1,100,,29032,17,,,1
21301,'10',754,,29048,17,,,1,100,,29059,17,,,1,100,,29056,17,,,1,100,,29053,17,,,1,100,,29044,17,,,1,100,,29072,17,,,1,100,,29052,17,,,1,100,,29065,17,,,1,100,,29067,17,,,1,100,,29042,17,,,1,100,,29071,17,,,1,100,,29074,17,,,1,100,,29046,17,,,1
21301,'11',754,,29100,17,,,1,100,,29081,17,,,1,100,,29085,17,,,1,100,,29109,17,,,1,100,,29083,17,,,1,100,,29098,17,,,1,100,,29094,17,,,1,100,,29115,17,,,1,100,,29105,17,,,1,100,,29112,17,,,1,100,,29092,17,,,1,100,,29084,17,,,1,100,,29088,17,,,1
21301,'2',1953,,29119,17,,,1,100,,29117,17,,,1,100,,29120,17,,,1,100,,29122,17,,,1
21301,'3',1953,,29132,17,,,1,100,,29129,17,,,1,100,,29133,17,,,1,100,,29135,17,,,1
21301,'4',1953,,29138,17,,,1,100,,29141,17,,,1,100,,29137,17,,,1,100,,29145,17,,,1
21301,'5',1953,,29158,17,,,1,100,,29157,17,,,1,100,,29155,17,,,1,100,,29150,17,,,1
21301,'6',754,,29177,17,,,1,100,,29162,17,,,1,100,,29195,17,,,1,100,,29178,17,,,1,100,,29161,17,,,1,100,,29171,17,,,1,100,,29159,17,,,1,100,,29185,17,,,1,100,,29180,17,,,1,100,,29167,17,,,1,100,,29189,17,,,1,100,,29176,17,,,1,100,,29182,17,,,1
21301,'7',1953,,29208,17,,,1,100,,29202,17,,,1,100,,29203,17,,,1,100,,29207,17,,,1
21301,'8',1953,,29218,17,,,1,100,,29212,17,,,1,100,,29213,17,,,1,100,,29215,17,,,1
21301,'9',1953,,29231,17,,,1,100,,29230,17,,,1,100,,29222,17,,,1,100,,29224,17,,,1
