11300,'1',623,,24507,7,,,1,100,,24518,7,,,1,100,,24513,7,,,1,100,,24510,7,,,1,100,,24522,7,,,1,100,,19261,7,,,1,100,,24521,7,,,1,100,,24506,7,,,1,100,,24525,7,,,1,100,,24532,7,,,1,100,,24523,7,,,1,100,,24528,7,,,1,100,,24527,7,,,1
11300,'2',623,,24538,7,,,1,100,,24542,7,,,1,100,,24556,7,,,1,100,,24552,7,,,1,100,,24548,7,,,1,100,,24534,7,,,1,100,,24546,7,,,1,100,,24533,7,,,1,100,,24563,7,,,1,100,,24570,7,,,1,100,,24541,7,,,1,100,,24566,7,,,1,100,,24557,7,,,1
11300,'3',623,,24609,7,,,1,100,,24582,7,,,1,100,,24573,7,,,1,100,,24586,7,,,1,100,,24575,7,,,1,100,,24606,7,,,1,100,,24580,7,,,1,100,,24594,7,,,1,100,,24592,7,,,1,100,,24591,7,,,1,100,,24576,7,,,1,100,,24598,7,,,1,100,,24574,7,,,1
11300,'4',623,,24637,7,,,1,100,,24647,7,,,1,100,,24642,7,,,1,100,,24634,7,,,1,100,,24619,7,,,1,100,,24628,7,,,1,100,,24630,7,,,1,100,,24618,7,,,1,100,,24617,7,,,1,100,,24629,7,,,1,100,,24633,7,,,1,100,,24632,7,,,1,100,,24643,7,,,1
11300,'5',623,,24671,7,,,1,100,,24668,7,,,1,100,,24653,7,,,1,100,,24652,7,,,1,100,,24674,7,,,1,100,,24667,7,,,1,100,,24686,7,,,1,100,,24658,7,,,1,100,,24650,7,,,1,100,,24682,7,,,1,100,,24679,7,,,1,100,,24675,7,,,1,100,,24677,7,,,1
11300,'7',623,,24711,7,,,1,100,,24719,7,,,1,100,,24724,7,,,1,100,,24700,7,,,1,100,,24716,7,,,1,100,,24718,7,,,1,100,,24726,7,,,1,100,,24720,7,,,1,100,,24709,7,,,1,100,,24703,7,,,1,100,,24696,7,,,1,100,,24704,7,,,1,100,,24722,7,,,1
11300,'8',623,,24759,7,,,1,100,,24727,7,,,1,100,,24758,7,,,1,100,,24755,7,,,1,100,,24764,7,,,1,100,,24730,7,,,1,100,,24751,7,,,1,100,,24754,7,,,1,100,,24752,7,,,1,100,,24765,7,,,1,100,,24729,7,,,1,100,,24756,7,,,1,100,,24744,7,,,1
11300,'9',623,,24778,7,,,1,100,,24797,7,,,1,100,,24795,7,,,1,100,,24766,7,,,1,100,,24772,7,,,1,100,,24801,7,,,1,100,,24803,7,,,1,100,,24773,7,,,1,100,,24770,7,,,1,100,,24787,7,,,1,100,,24798,7,,,1,100,,24768,7,,,1,100,,24780,7,,,1
21300,'1',1923,,28956,7,,,1,100,,28955,7,,,1,100,,28957,7,,,1,100,,28954,7,,,1
21300,'10',723,,28959,7,,,1,100,,28970,7,,,1,100,,28966,7,,,1,100,,28964,7,,,1,100,,28962,7,,,1,100,,28961,7,,,1,100,,28969,7,,,1,100,,28960,7,,,1,100,,28965,7,,,1,100,,28958,7,,,1,100,,28963,7,,,1,100,,28968,7,,,1,100,,28967,7,,,1
21300,'11',723,,28980,7,,,1,100,,28978,7,,,1,100,,28974,7,,,1,100,,28983,7,,,1,100,,28982,7,,,1,100,,28972,7,,,1,100,,28981,7,,,1,100,,28973,7,,,1,100,,28979,7,,,1,100,,28977,7,,,1,100,,28971,7,,,1,100,,28976,7,,,1,100,,28975,7,,,1
21300,'2',1923,,28985,7,,,1,100,,28987,7,,,1,100,,28986,7,,,1,100,,28984,7,,,1
21300,'3',1923,,28989,7,,,1,100,,28988,7,,,1,100,,28990,7,,,1,100,,28991,7,,,1
21300,'4',1923,,28992,7,,,1,100,,28993,7,,,1,100,,28994,7,,,1,100,,28995,7,,,1
21300,'5',1923,,28998,7,,,1,100,,28996,7,,,1,100,,28999,7,,,1,100,,28997,7,,,1
21300,'6',723,,29009,7,,,1,100,,29010,7,,,1,100,,29003,7,,,1,100,,29002,7,,,1,100,,29000,7,,,1,100,,29005,7,,,1,100,,29001,7,,,1,100,,29008,7,,,1,100,,29006,7,,,1,100,,29011,7,,,1,100,,29004,7,,,1,100,,29007,7,,,1,100,,29012,7,,,1
21300,'7',1923,,29015,7,,,1,100,,29016,7,,,1,100,,29014,7,,,1,100,,29013,7,,,1
21300,'8',1923,,29018,7,,,1,100,,29020,7,,,1,100,,29019,7,,,1,100,,29017,7,,,1
21300,'9',1923,,29023,7,,,1,100,,29021,7,,,1,100,,29024,7,,,1,100,,29022,7,,,1
