10201,'1',632,,20174,3,0,7 1 8,1,70,,20184,3,0,7 1 8,1,30,,20178,3,0,7 1 8,1,70,,20176,3,0,7 1 8,1,30,,20177,3,0,7 1 8,1,70,,20188,3,0,7 1 8,1,30,,20189,3,0,7 1 8,1,100,,20179,3,0,7 1 8,1,100,,20182,3,0,7 1 8,1,100,,20185,3,0,7 1 8,1,100,,20180,3,0,7 1 8,1,100,,20173,3,0,7 1 8,1,70,,20186,3,0,7 1 8,1,30,,20187,3,0,7 1 8,1,70,,20175,3,0,7 1 8,1,30,,20190,3,0,7 1 8,1,70,,20181,3,0,7 1 8,1,30,,20183,3,0,7 1 8,1
10201,'2',632,,20197,3,0,7 1 8,1,70,,18261,3,0,7 1 8,1,30,,20199,3,0,7 1 8,1,70,,20195,3,0,7 1 8,1,30,,20202,3,0,7 1 8,1,70,,20203,3,0,7 1 8,1,30,,20201,3,0,7 1 8,1,100,,20205,3,0,7 1 8,1,100,,20196,3,0,7 1 8,1,100,,20194,3,0,7 1 8,1,100,,20191,3,0,7 1 8,1,100,,20204,3,0,7 1 8,1,70,,20206,3,0,7 1 8,1,30,,20200,3,0,7 1 8,1,70,,20198,3,0,7 1 8,1,30,,20207,3,0,7 1 8,1,70,,20193,3,0,7 1 8,1,30,,20192,3,0,7 1 8,1
10201,'3',632,,20213,3,0,7 1 8,1,70,,20209,3,0,7 1 8,1,30,,20223,3,0,7 1 8,1,70,,20217,3,0,7 1 8,1,30,,20224,3,0,7 1 8,1,70,,20219,3,0,7 1 8,1,30,,20220,3,0,7 1 8,1,100,,20225,3,0,7 1 8,1,100,,20222,3,0,7 1 8,1,100,,20214,3,0,7 1 8,1,100,,20221,3,0,7 1 8,1,100,,20216,3,0,7 1 8,1,70,,20211,3,0,7 1 8,1,30,,20212,3,0,7 1 8,1,70,,20210,3,0,7 1 8,1,30,,20215,3,0,7 1 8,1,70,,20208,3,0,7 1 8,1,30,,20218,3,0,7 1 8,1
10201,'4',632,,20229,3,0,7 1 8,1,70,,20226,3,0,7 1 8,1,30,,20241,3,0,7 1 8,1,70,,20243,3,0,7 1 8,1,30,,20228,3,0,7 1 8,1,70,,20236,3,0,7 1 8,1,30,,20238,3,0,7 1 8,1,100,,20231,3,0,7 1 8,1,100,,20232,3,0,7 1 8,1,100,,20239,3,0,7 1 8,1,100,,20227,3,0,7 1 8,1,100,,20240,3,0,7 1 8,1,70,,20242,3,0,7 1 8,1,30,,20235,3,0,7 1 8,1,70,,20237,3,0,7 1 8,1,30,,20230,3,0,7 1 8,1,70,,20233,3,0,7 1 8,1,30,,20234,3,0,7 1 8,1
10201,'5',632,,20248,3,0,7 1 8,1,70,,20258,3,0,7 1 8,1,30,,20245,3,0,7 1 8,1,70,,20247,3,0,7 1 8,1,30,,20256,3,0,7 1 8,1,70,,20249,3,0,7 1 8,1,30,,20254,3,0,7 1 8,1,100,,20255,3,0,7 1 8,1,100,,20261,3,0,7 1 8,1,100,,20257,3,0,7 1 8,1,100,,20244,3,0,7 1 8,1,100,,20252,3,0,7 1 8,1,70,,20259,3,0,7 1 8,1,30,,20253,3,0,7 1 8,1,70,,20251,3,0,7 1 8,1,30,,20246,3,0,7 1 8,1,70,,20250,3,0,7 1 8,1,30,,20260,3,0,7 1 8,1
10201,'7',632,,20273,3,0,7 1 8,1,70,,20279,3,0,7 1 8,1,30,,20262,3,0,7 1 8,1,70,,20274,3,0,7 1 8,1,30,,20264,3,0,7 1 8,1,70,,20265,3,0,7 1 8,1,30,,20277,3,0,7 1 8,1,100,,20275,3,0,7 1 8,1,100,,20269,3,0,7 1 8,1,100,,20268,3,0,7 1 8,1,100,,20270,3,0,7 1 8,1,100,,20278,3,0,7 1 8,1,70,,20263,3,0,7 1 8,1,30,,20266,3,0,7 1 8,1,70,,20272,3,0,7 1 8,1,30,,20267,3,0,7 1 8,1,70,,20271,3,0,7 1 8,1,30,,20276,3,0,7 1 8,1
10201,'8',632,,20295,3,0,7 1 8,1,70,,20283,3,0,7 1 8,1,30,,20286,3,0,7 1 8,1,70,,20293,3,0,7 1 8,1,30,,20288,3,0,7 1 8,1,70,,20280,3,0,7 1 8,1,30,,20291,3,0,7 1 8,1,100,,20284,3,0,7 1 8,1,100,,20292,3,0,7 1 8,1,100,,20282,3,0,7 1 8,1,100,,20294,3,0,7 1 8,1,100,,20285,3,0,7 1 8,1,70,,20287,3,0,7 1 8,1,30,,20290,3,0,7 1 8,1,70,,20296,3,0,7 1 8,1,30,,20281,3,0,7 1 8,1,70,,20289,3,0,7 1 8,1,30,,20297,3,0,7 1 8,1
10201,'9',632,,20311,3,0,7 1 8,1,70,,20298,3,0,7 1 8,1,30,,20314,3,0,7 1 8,1,70,,20305,3,0,7 1 8,1,30,,20301,3,0,7 1 8,1,70,,20308,3,0,7 1 8,1,30,,20309,3,0,7 1 8,1,100,,20300,3,0,7 1 8,1,100,,20303,3,0,7 1 8,1,100,,20310,3,0,7 1 8,1,100,,20312,3,0,7 1 8,1,100,,20302,3,0,7 1 8,1,70,,20299,3,0,7 1 8,1,30,,20313,3,0,7 1 8,1,70,,20307,3,0,7 1 8,1,30,,20315,3,0,7 1 8,1,70,,20304,3,0,7 1 8,1,30,,20306,3,0,7 1 8,1
10401,'1',617,,20825,3,,,1,30,,20841,3,,,1,70,,20834,3,,,1,30,,20828,3,,,1,70,,20836,3,,,1,30,,20829,3,,,1,70,,20840,3,,,1,30,,20843,3,,,1,70,,20831,3,,,1,30,,16078,3,,,1,70,,20835,3,,,1,30,,20837,3,,,1,70,,20830,3,,,1,30,,20832,3,,,1,70,,20845,3,,,1,30,,20839,3,,,1,70,,20826,3,,,1,30,,17593,3,,,1,70,,20844,3,,,1,30,,20838,3,,,1,70,,20842,3,,,1,30,,20846,3,,,1,70,,20827,3,,,1,30,,20833,3,,,1,70,,18471,3,,,1
10401,'2',617,,20855,3,,,1,30,,20864,3,,,1,70,,20857,3,,,1,30,,20863,3,,,1,70,,20859,3,,,1,30,,20853,3,,,1,70,,17840,3,,,1,30,,20847,3,,,1,70,,20869,3,,,1,30,,20848,3,,,1,70,,20868,3,,,1,30,,20865,3,,,1,70,,20852,3,,,1,30,,15225,3,,,1,70,,20850,3,,,1,30,,20862,3,,,1,70,,20866,3,,,1,30,,20858,3,,,1,70,,20867,3,,,1,30,,20861,3,,,1,70,,20856,3,,,1,30,,20860,3,,,1,70,,20849,3,,,1,30,,20854,3,,,1,70,,20851,3,,,1
10401,'3',617,,20884,3,,,1,30,,20870,3,,,1,70,,20892,3,,,1,30,,20885,3,,,1,70,,20881,3,,,1,30,,20872,3,,,1,70,,20891,3,,,1,30,,20875,3,,,1,70,,20871,3,,,1,30,,20894,3,,,1,70,,20879,3,,,1,30,,20889,3,,,1,70,,20882,3,,,1,30,,20883,3,,,1,70,,20886,3,,,1,30,,20888,3,,,1,70,,20877,3,,,1,30,,20890,3,,,1,70,,20878,3,,,1,30,,20873,3,,,1,70,,20887,3,,,1,30,,20893,3,,,1,70,,20876,3,,,1,30,,20874,3,,,1,70,,20880,3,,,1
10401,'4',617,,20906,3,,,1,30,,20918,3,,,1,70,,20916,3,,,1,30,,20912,3,,,1,70,,20911,3,,,1,30,,20907,3,,,1,70,,20913,3,,,1,30,,20909,3,,,1,70,,20902,3,,,1,30,,20903,3,,,1,70,,20900,3,,,1,30,,20895,3,,,1,70,,20915,3,,,1,30,,20914,3,,,1,70,,20910,3,,,1,30,,20897,3,,,1,70,,20904,3,,,1,30,,20908,3,,,1,70,,20919,3,,,1,30,,20901,3,,,1,70,,20905,3,,,1,30,,20898,3,,,1,70,,20899,3,,,1,30,,20896,3,,,1,70,,20917,3,,,1
10401,'5',617,,20942,3,,,1,30,,20943,3,,,1,70,,20938,3,,,1,30,,20936,3,,,1,70,,20934,3,,,1,30,,20928,3,,,1,70,,20922,3,,,1,30,,20940,3,,,1,70,,20926,3,,,1,30,,20935,3,,,1,70,,20921,3,,,1,30,,20933,3,,,1,70,,20944,3,,,1,30,,20939,3,,,1,70,,20920,3,,,1,30,,20941,3,,,1,70,,20930,3,,,1,30,,20931,3,,,1,70,,20927,3,,,1,30,,20923,3,,,1,70,,20932,3,,,1,30,,20929,3,,,1,70,,20925,3,,,1,30,,20937,3,,,1,70,,20924,3,,,1
10401,'7',617,,20963,3,,,1,30,,20965,3,,,1,70,,20949,3,,,1,30,,20950,3,,,1,70,,20967,3,,,1,30,,20953,3,,,1,70,,20956,3,,,1,30,,20952,3,,,1,70,,20951,3,,,1,30,,20958,3,,,1,70,,20962,3,,,1,30,,20960,3,,,1,70,,20945,3,,,1,30,,20948,3,,,1,70,,20969,3,,,1,30,,20959,3,,,1,70,,20955,3,,,1,30,,20954,3,,,1,70,,20957,3,,,1,30,,20964,3,,,1,70,,20946,3,,,1,30,,20966,3,,,1,70,,20947,3,,,1,30,,20961,3,,,1,70,,20968,3,,,1
10401,'8',617,,20989,3,,,1,30,,20971,3,,,1,70,,20986,3,,,1,30,,20984,3,,,1,70,,20970,3,,,1,30,,20975,3,,,1,70,,20981,3,,,1,30,,20978,3,,,1,70,,20992,3,,,1,30,,20985,3,,,1,70,,20991,3,,,1,30,,20977,3,,,1,70,,20976,3,,,1,30,,20972,3,,,1,70,,20974,3,,,1,30,,20987,3,,,1,70,,20982,3,,,1,30,,20994,3,,,1,70,,20993,3,,,1,30,,20973,3,,,1,70,,20983,3,,,1,30,,20980,3,,,1,70,,20988,3,,,1,30,,20979,3,,,1,70,,20990,3,,,1
10401,'9',617,,20997,3,,,1,30,,20998,3,,,1,70,,21005,3,,,1,30,,21011,3,,,1,70,,21008,3,,,1,30,,21001,3,,,1,70,,21009,3,,,1,30,,21018,3,,,1,70,,20995,3,,,1,30,,21004,3,,,1,70,,21014,3,,,1,30,,21000,3,,,1,70,,21010,3,,,1,30,,20996,3,,,1,70,,21012,3,,,1,30,,21017,3,,,1,70,,21019,3,,,1,30,,21002,3,,,1,70,,21015,3,,,1,30,,20999,3,,,1,70,,21006,3,,,1,30,,21013,3,,,1,70,,21016,3,,,1,30,,21003,3,,,1,70,,21007,3,,,1
20401,'1',1847,,27005,3,,,1,70,,27003,3,,,1,30,,27008,3,,,1,70,,27009,3,,,1,30,,27002,3,,,1,70,,27001,3,,,1,30,,27007,3,,,1,70,,27006,3,,,1,30,,27000,3,,,1,70,,27004,3,,,1
20401,'10',717,,27019,3,,,1,30,,27011,3,,,1,70,,27035,3,,,1,30,,27010,3,,,1,70,,27012,3,,,1,30,,27027,3,,,1,70,,27020,3,,,1,30,,27037,3,,,1,70,,27021,3,,,1,30,,27017,3,,,1,70,,27022,3,,,1,30,,27034,3,,,1,70,,27018,3,,,1,30,,27028,3,,,1,70,,27036,3,,,1,30,,27025,3,,,1,70,,27023,3,,,1,30,,27033,3,,,1,70,,27030,3,,,1,30,,27024,3,,,1,70,,27013,3,,,1,30,,27029,3,,,1,70,,27031,3,,,1,30,,27032,3,,,1,70,,27026,3,,,1,30,,27015,3,,,1,70,,27014,3,,,1,30,,27016,3,,,1
20401,'11',717,,27051,3,,,1,30,,27053,3,,,1,70,,27057,3,,,1,30,,27061,3,,,1,70,,27058,3,,,1,30,,27046,3,,,1,70,,27062,3,,,1,30,,27063,3,,,1,70,,27045,3,,,1,30,,27038,3,,,1,70,,27043,3,,,1,30,,27056,3,,,1,70,,27042,3,,,1,30,,27064,3,,,1,70,,27041,3,,,1,30,,27059,3,,,1,70,,27049,3,,,1,30,,27047,3,,,1,70,,27048,3,,,1,30,,27055,3,,,1,70,,27060,3,,,1,30,,27065,3,,,1,70,,27052,3,,,1,30,,27054,3,,,1,70,,27040,3,,,1,30,,27039,3,,,1,70,,27050,3,,,1,30,,27044,3,,,1
20401,'2',1847,,27067,3,,,1,70,,27072,3,,,1,30,,27073,3,,,1,70,,27071,3,,,1,30,,27075,3,,,1,70,,27068,3,,,1,30,,27066,3,,,1,70,,27069,3,,,1,30,,27070,3,,,1,70,,27074,3,,,1
20401,'3',1847,,27082,3,,,1,70,,27078,3,,,1,30,,27083,3,,,1,70,,27085,3,,,1,30,,27076,3,,,1,70,,27079,3,,,1,30,,27084,3,,,1,70,,27081,3,,,1,30,,27080,3,,,1,70,,27077,3,,,1
20401,'4',1847,,27093,3,,,1,70,,27090,3,,,1,30,,27095,3,,,1,70,,27089,3,,,1,30,,27087,3,,,1,70,,27088,3,,,1,30,,27091,3,,,1,70,,27092,3,,,1,30,,27094,3,,,1,70,,27086,3,,,1
20401,'5',1847,,27096,3,,,1,70,,27099,3,,,1,30,,27103,3,,,1,70,,27105,3,,,1,30,,27100,3,,,1,70,,27101,3,,,1,30,,27104,3,,,1,70,,27097,3,,,1,30,,27102,3,,,1,70,,27098,3,,,1
20401,'6',717,,27111,3,,,1,30,,27130,3,,,1,70,,27115,3,,,1,30,,27127,3,,,1,70,,27123,3,,,1,30,,27120,3,,,1,70,,27116,3,,,1,30,,27124,3,,,1,70,,27126,3,,,1,30,,27114,3,,,1,70,,27107,3,,,1,30,,27110,3,,,1,70,,27122,3,,,1,30,,27113,3,,,1,70,,27112,3,,,1,30,,27108,3,,,1,70,,27106,3,,,1,30,,27129,3,,,1,70,,27128,3,,,1,30,,27133,3,,,1,70,,27131,3,,,1,30,,27119,3,,,1,70,,27118,3,,,1,30,,27121,3,,,1,70,,27109,3,,,1,30,,27132,3,,,1,70,,27117,3,,,1,30,,27125,3,,,1
20401,'7',1847,,27135,3,,,1,70,,27139,3,,,1,30,,27141,3,,,1,70,,27136,3,,,1,30,,27143,3,,,1,70,,27134,3,,,1,30,,27142,3,,,1,70,,27138,3,,,1,30,,27137,3,,,1,70,,27140,3,,,1
20401,'8',1847,,27153,3,,,1,70,,27151,3,,,1,30,,27148,3,,,1,70,,27149,3,,,1,30,,27145,3,,,1,70,,27150,3,,,1,30,,27152,3,,,1,70,,27144,3,,,1,30,,27146,3,,,1,70,,27147,3,,,1
20401,'9',1847,,27156,3,,,1,70,,27163,3,,,1,30,,27160,3,,,1,70,,27159,3,,,1,30,,27158,3,,,1,70,,27162,3,,,1,30,,27154,3,,,1,70,,27157,3,,,1,30,,27155,3,,,1,70,,27161,3,,,1
