11201,'1',724,,24323,19,,,1,100,,24322,19,,,1,100,,24337,19,,,1,100,,24324,19,,,1,100,,24333,19,,,1,100,,24334,19,,,1,100,,24336,19,,,1,100,,24339,19,,,1,100,,24331,19,,,1,100,,24330,19,,,1,100,,24341,19,,,1
11201,'2',724,,24359,19,,,1,100,,24348,19,,,1,100,,24356,19,,,1,100,,24347,19,,,1,100,,19525,19,,,1,100,,24352,19,,,1,100,,24360,19,,,1,100,,24346,19,,,1,100,,24353,19,,,1,100,,24345,19,,,1,100,,24354,19,,,1
11201,'3',724,,24385,19,,,1,100,,24367,19,,,1,100,,24365,19,,,1,100,,24383,19,,,1,100,,24380,19,,,1,100,,24374,19,,,1,100,,24382,19,,,1,100,,24366,19,,,1,100,,24371,19,,,1,100,,24378,19,,,1,100,,24364,19,,,1
11201,'4',724,,24394,19,,,1,100,,24387,19,,,1,100,,24406,19,,,1,100,,24393,19,,,1,100,,24404,19,,,1,100,,24403,19,,,1,100,,24401,19,,,1,100,,24405,19,,,1,100,,24391,19,,,1,100,,24407,19,,,1,100,,24392,19,,,1
11201,'5',724,,24413,19,,,1,100,,24408,19,,,1,100,,24426,19,,,1,100,,24429,19,,,1,100,,24412,19,,,1,100,,24417,19,,,1,100,,24419,19,,,1,100,,24423,19,,,1,100,,24427,19,,,1,100,,24428,19,,,1,100,,24418,19,,,1
11201,'7',724,,24440,19,,,1,100,,24438,19,,,1,100,,24451,19,,,1,100,,24431,19,,,1,100,,24448,19,,,1,100,,24435,19,,,1,100,,24447,19,,,1,100,,24442,19,,,1,100,,24441,19,,,1,100,,24449,19,,,1,100,,24432,19,,,1
11201,'8',724,,24473,19,,,1,100,,24467,19,,,1,100,,24459,19,,,1,100,,24472,19,,,1,100,,24456,19,,,1,100,,24469,19,,,1,100,,24468,19,,,1,100,,24454,19,,,1,100,,24466,19,,,1,100,,24461,19,,,1,100,,24452,19,,,1
11201,'9',724,,24484,19,,,1,100,,24485,19,,,1,100,,24479,19,,,1,100,,24474,19,,,1,100,,24481,19,,,1,100,,24478,19,,,1,100,,24487,19,,,1,100,,24494,19,,,1,100,,24482,19,,,1,100,,24488,19,,,1,100,,24477,19,,,1
20600,'1',1817,,27467,13,,,1,30,,27459,13,,,1,70,,27463,13,,,1,30,,27464,13,,,1,70,,27458,13,,,1,30,,27460,13,,,1,70,,27466,13,,,1,30,,27462,13,,,1,70,,27465,13,,,1,30,,27461,13,,,1
20600,'10',740,,18923,13,,,1,70,,27477,13,,,1,30,,27486,13,,,1,70,,27470,13,,,1,30,,27482,13,,,1,70,,27488,13,,,1,30,,27491,13,,,1,70,,27492,13,,,1,30,,27474,13,,,1,70,,27473,13,,,1,30,,27484,13,,,1,70,,27479,13,,,1,30,,27472,13,,,1,70,,27468,13,,,1,30,,27480,13,,,1,70,,27489,13,,,1,30,,27485,13,,,1,70,,27476,13,,,1,30,,27475,13,,,1,70,,27481,13,,,1,30,,27478,13,,,1,70,,27487,13,,,1,30,,27471,13,,,1,70,,27483,13,,,1,30,,27490,13,,,1,70,,27469,13,,,1
20600,'11',740,,27493,13,,,1,70,,27515,13,,,1,30,,27512,13,,,1,70,,27506,13,,,1,30,,27495,13,,,1,70,,27504,13,,,1,30,,27507,13,,,1,70,,27518,13,,,1,30,,27496,13,,,1,70,,27498,13,,,1,30,,27508,13,,,1,70,,27509,13,,,1,30,,27502,13,,,1,70,,27511,13,,,1,30,,27510,13,,,1,70,,27497,13,,,1,30,,27494,13,,,1,70,,27513,13,,,1,30,,27500,13,,,1,70,,27516,13,,,1,30,,27503,13,,,1,70,,27514,13,,,1,30,,27505,13,,,1,70,,27501,13,,,1,30,,27499,13,,,1,70,,27517,13,,,1
20600,'2',1817,,27521,13,,,1,30,,27528,13,,,1,70,,27526,13,,,1,30,,27522,13,,,1,70,,27519,13,,,1,30,,27525,13,,,1,70,,27520,13,,,1,30,,27527,13,,,1,70,,27524,13,,,1,30,,27523,13,,,1
20600,'3',1817,,27532,13,,,1,30,,27530,13,,,1,70,,27533,13,,,1,30,,27535,13,,,1,70,,27531,13,,,1,30,,27537,13,,,1,70,,27536,13,,,1,30,,27529,13,,,1,70,,27534,13,,,1,30,,27538,13,,,1
20600,'4',1817,,27539,13,,,1,30,,27547,13,,,1,70,,27541,13,,,1,30,,27544,13,,,1,70,,27543,13,,,1,30,,27546,13,,,1,70,,27545,13,,,1,30,,27548,13,,,1,70,,27540,13,,,1,30,,27542,13,,,1
20600,'5',1817,,27550,13,,,1,30,,27555,13,,,1,70,,27558,13,,,1,30,,27549,13,,,1,70,,27551,13,,,1,30,,27556,13,,,1,70,,27554,13,,,1,30,,27552,13,,,1,70,,27557,13,,,1,30,,27553,13,,,1
20600,'6',740,,27575,13,,,1,70,,27571,13,,,1,30,,27579,13,,,1,70,,27584,13,,,1,30,,27562,13,,,1,70,,27578,13,,,1,30,,27566,13,,,1,70,,27570,13,,,1,30,,27563,13,,,1,70,,27559,13,,,1,30,,27582,13,,,1,70,,27560,13,,,1,30,,27567,13,,,1,70,,27577,13,,,1,30,,27561,13,,,1,70,,27583,13,,,1,30,,27574,13,,,1,70,,27573,13,,,1,30,,27564,13,,,1,70,,27581,13,,,1,30,,27572,13,,,1,70,,27565,13,,,1,30,,27569,13,,,1,70,,27568,13,,,1,30,,27580,13,,,1,70,,27576,13,,,1
20600,'7',1817,,27586,13,,,1,30,,27589,13,,,1,70,,27591,13,,,1,30,,27593,13,,,1,70,,27592,13,,,1,30,,27588,13,,,1,70,,27585,13,,,1,30,,27590,13,,,1,70,,27594,13,,,1,30,,27587,13,,,1
20600,'8',1817,,27601,13,,,1,30,,27596,13,,,1,70,,27600,13,,,1,30,,27595,13,,,1,70,,27604,13,,,1,30,,27598,13,,,1,70,,27603,13,,,1,30,,27599,13,,,1,70,,27602,13,,,1,30,,27597,13,,,1
20600,'9',1817,,27608,13,,,1,30,,27611,13,,,1,70,,27614,13,,,1,30,,27607,13,,,1,70,,27609,13,,,1,30,,27613,13,,,1,70,,27610,13,,,1,30,,27605,13,,,1,70,,27612,13,,,1,30,,27606,13,,,1
