11100,'1',604,,23841,5,,,1,30,,23848,5,,,1,70,,23853,5,,,1,30,,23835,5,,,1,70,,23840,5,,,1,30,,23845,5,,,1,70,,23843,5,,,1,30,,23838,5,,,1,70,,23831,5,,,1,30,,23839,5,,,1,70,,23850,5,,,1,30,,23851,5,,,1,70,,23844,5,,,1,30,,23834,5,,,1,70,,23847,5,,,1,30,,23832,5,,,1,70,,23836,5,,,1,30,,18733,5,,,1,70,,23852,5,,,1,30,,23837,5,,,1,70,,18504,5,,,1,30,,23849,5,,,1,70,,23842,5,,,1,30,,23833,5,,,1,70,,23830,5,,,1,30,,23846,5,,,1
11100,'2',604,,16031,5,,,1,30,,23858,5,,,1,70,,23873,5,,,1,30,,23856,5,,,1,70,,23862,5,,,1,30,,23877,5,,,1,70,,23874,5,,,1,30,,23864,5,,,1,70,,23875,5,,,1,30,,23870,5,,,1,70,,23868,5,,,1,30,,23865,5,,,1,70,,23869,5,,,1,30,,23857,5,,,1,70,,23860,5,,,1,30,,23855,5,,,1,70,,23872,5,,,1,30,,23867,5,,,1,70,,23854,5,,,1,30,,23859,5,,,1,70,,23863,5,,,1,30,,23876,5,,,1,70,,18688,5,,,1,30,,23866,5,,,1,70,,23871,5,,,1,30,,23861,5,,,1
11100,'3',604,,23903,5,,,1,30,,23881,5,,,1,70,,23899,5,,,1,30,,23879,5,,,1,70,,23900,5,,,1,30,,23902,5,,,1,70,,23901,5,,,1,30,,23896,5,,,1,70,,23887,5,,,1,30,,23897,5,,,1,70,,23891,5,,,1,30,,23885,5,,,1,70,,23878,5,,,1,30,,23888,5,,,1,70,,23893,5,,,1,30,,23882,5,,,1,70,,23892,5,,,1,30,,23889,5,,,1,70,,23880,5,,,1,30,,23884,5,,,1,70,,23883,5,,,1,30,,23895,5,,,1,70,,23890,5,,,1,30,,23894,5,,,1,70,,23898,5,,,1,30,,23886,5,,,1
11100,'4',604,,23918,5,,,1,30,,23911,5,,,1,70,,23915,5,,,1,30,,23906,5,,,1,70,,23929,5,,,1,30,,23919,5,,,1,70,,23912,5,,,1,30,,23917,5,,,1,70,,23910,5,,,1,30,,23925,5,,,1,70,,23907,5,,,1,30,,23924,5,,,1,70,,23909,5,,,1,30,,23927,5,,,1,70,,23926,5,,,1,30,,23908,5,,,1,70,,23905,5,,,1,30,,23904,5,,,1,70,,23913,5,,,1,30,,23916,5,,,1,70,,23923,5,,,1,30,,23920,5,,,1,70,,23921,5,,,1,30,,23914,5,,,1,70,,23928,5,,,1,30,,23922,5,,,1
11100,'5',604,,23945,5,,,1,30,,23950,5,,,1,70,,23931,5,,,1,30,,23938,5,,,1,70,,23939,5,,,1,30,,23953,5,,,1,70,,23951,5,,,1,30,,23946,5,,,1,70,,23948,5,,,1,30,,23935,5,,,1,70,,23942,5,,,1,30,,23940,5,,,1,70,,23954,5,,,1,30,,23944,5,,,1,70,,23934,5,,,1,30,,23947,5,,,1,70,,23943,5,,,1,30,,23952,5,,,1,70,,23949,5,,,1,30,,23955,5,,,1,70,,23930,5,,,1,30,,23932,5,,,1,70,,23936,5,,,1,30,,23941,5,,,1,70,,23937,5,,,1,30,,23933,5,,,1
11100,'7',604,,23964,5,,,1,30,,23981,5,,,1,70,,23965,5,,,1,30,,23971,5,,,1,70,,23960,5,,,1,30,,23967,5,,,1,70,,23961,5,,,1,30,,23958,5,,,1,70,,23956,5,,,1,30,,23969,5,,,1,70,,23962,5,,,1,30,,23980,5,,,1,70,,23977,5,,,1,30,,23959,5,,,1,70,,23974,5,,,1,30,,23973,5,,,1,70,,23979,5,,,1,30,,23978,5,,,1,70,,23966,5,,,1,30,,23970,5,,,1,70,,23972,5,,,1,30,,23975,5,,,1,70,,23968,5,,,1,30,,23976,5,,,1,70,,23963,5,,,1,30,,23957,5,,,1
11100,'8',604,,23997,5,,,1,30,,23996,5,,,1,70,,23995,5,,,1,30,,23988,5,,,1,70,,23993,5,,,1,30,,23983,5,,,1,70,,23992,5,,,1,30,,24004,5,,,1,70,,24003,5,,,1,30,,23984,5,,,1,70,,24006,5,,,1,30,,23994,5,,,1,70,,24007,5,,,1,30,,24002,5,,,1,70,,24005,5,,,1,30,,23998,5,,,1,70,,23985,5,,,1,30,,24001,5,,,1,70,,23990,5,,,1,30,,23987,5,,,1,70,,23999,5,,,1,30,,24000,5,,,1,70,,23982,5,,,1,30,,23989,5,,,1,70,,23991,5,,,1,30,,23986,5,,,1
11100,'9',604,,24019,5,,,1,30,,24018,5,,,1,70,,24014,5,,,1,30,,24022,5,,,1,70,,24027,5,,,1,30,,24033,5,,,1,70,,24016,5,,,1,30,,24020,5,,,1,70,,24015,5,,,1,30,,24017,5,,,1,70,,24013,5,,,1,30,,24026,5,,,1,70,,24023,5,,,1,30,,24011,5,,,1,70,,24021,5,,,1,30,,24012,5,,,1,70,,24030,5,,,1,30,,24008,5,,,1,70,,24009,5,,,1,30,,24024,5,,,1,70,,24032,5,,,1,30,,24029,5,,,1,70,,24031,5,,,1,30,,24010,5,,,1,70,,24028,5,,,1,30,,24025,5,,,1
21100,'1',1904,,28653,5,,,1,30,,28657,5,,,1,70,,28658,5,,,1,30,,18236,5,,,1,70,,28652,5,,,1,30,,28651,5,,,1,70,,28656,5,,,1,30,,28655,5,,,1,70,,28654,5,,,1
21100,'10',734,,28668,5,,,1,70,,28660,5,,,1,30,,28665,5,,,1,70,,28680,5,,,1,30,,28671,5,,,1,70,,28669,5,,,1,30,,28672,5,,,1,70,,19674,5,,,1,30,,28679,5,,,1,70,,28682,5,,,1,30,,28664,5,,,1,70,,28674,5,,,1,30,,28661,5,,,1,70,,28662,5,,,1,30,,28676,5,,,1,70,,28675,5,,,1,30,,28681,5,,,1,70,,28673,5,,,1,30,,28670,5,,,1,70,,28667,5,,,1,30,,28677,5,,,1,70,,28683,5,,,1,30,,19537,5,,,1,70,,28659,5,,,1,30,,28663,5,,,1,70,,28666,5,,,1,30,,28678,5,,,1
21100,'11',734,,28685,5,,,1,70,,28698,5,,,1,30,,28696,5,,,1,70,,28703,5,,,1,30,,28707,5,,,1,70,,28693,5,,,1,30,,28697,5,,,1,70,,28686,5,,,1,30,,28691,5,,,1,70,,28709,5,,,1,30,,28702,5,,,1,70,,28689,5,,,1,30,,28694,5,,,1,70,,28688,5,,,1,30,,28700,5,,,1,70,,28684,5,,,1,30,,28687,5,,,1,70,,28701,5,,,1,30,,28695,5,,,1,70,,28690,5,,,1,30,,28710,5,,,1,70,,28699,5,,,1,30,,28706,5,,,1,70,,28704,5,,,1,30,,28705,5,,,1,70,,28708,5,,,1,30,,28692,5,,,1
21100,'2',1904,,28716,5,,,1,30,,28718,5,,,1,70,,28719,5,,,1,30,,28711,5,,,1,70,,28712,5,,,1,30,,28715,5,,,1,70,,28717,5,,,1,30,,28714,5,,,1,70,,28713,5,,,1
21100,'3',1904,,28727,5,,,1,30,,28728,5,,,1,70,,28721,5,,,1,30,,28724,5,,,1,70,,28723,5,,,1,30,,28725,5,,,1,70,,28720,5,,,1,30,,28726,5,,,1,70,,28722,5,,,1
21100,'4',1904,,28729,5,,,1,30,,28731,5,,,1,70,,28732,5,,,1,30,,28734,5,,,1,70,,28730,5,,,1,30,,28733,5,,,1,70,,28736,5,,,1,30,,28735,5,,,1,70,,28737,5,,,1
21100,'5',1904,,28742,5,,,1,30,,28739,5,,,1,70,,28745,5,,,1,30,,28740,5,,,1,70,,28744,5,,,1,30,,28738,5,,,1,70,,28741,5,,,1,30,,28743,5,,,1,70,,28746,5,,,1
21100,'6',734,,28772,5,,,1,70,,28760,5,,,1,30,,28753,5,,,1,70,,28769,5,,,1,30,,28762,5,,,1,70,,28767,5,,,1,30,,28757,5,,,1,70,,28768,5,,,1,30,,28750,5,,,1,70,,28765,5,,,1,30,,28761,5,,,1,70,,28771,5,,,1,30,,28763,5,,,1,70,,28770,5,,,1,30,,28756,5,,,1,70,,28755,5,,,1,30,,28749,5,,,1,70,,28752,5,,,1,30,,28759,5,,,1,70,,28764,5,,,1,30,,28766,5,,,1,70,,28773,5,,,1,30,,28758,5,,,1,70,,28748,5,,,1,30,,28754,5,,,1,70,,28751,5,,,1,30,,28747,5,,,1
21100,'7',1904,,28777,5,,,1,30,,28782,5,,,1,70,,28780,5,,,1,30,,28779,5,,,1,70,,28775,5,,,1,30,,28774,5,,,1,70,,28778,5,,,1,30,,28776,5,,,1,70,,28781,5,,,1
21100,'8',1904,,28786,5,,,1,30,,28787,5,,,1,70,,28790,5,,,1,30,,28789,5,,,1,70,,28788,5,,,1,30,,28791,5,,,1,70,,28784,5,,,1,30,,28783,5,,,1,70,,28785,5,,,1
21100,'9',1904,,28792,5,,,1,30,,28796,5,,,1,70,,28795,5,,,1,30,,28798,5,,,1,70,,28799,5,,,1,30,,28794,5,,,1,70,,28800,5,,,1,30,,28797,5,,,1,70,,28793,5,,,1
