11401,'1',638,,25223,6,,,1,100,,25228,6,,,1,100,,25220,6,,,1,100,,25219,6,,,1,100,,25230,6,,,1,100,,25227,6,,,1,100,,25226,6,,,1,100,,25225,6,,,1,100,,25229,6,,,1,100,,25222,6,,,1,100,,25224,6,,,1,100,,25221,6,,,1
11401,'2',638,,25242,6,,,1,100,,25234,6,,,1,100,,25240,6,,,1,100,,25232,6,,,1,100,,25238,6,,,1,100,,25239,6,,,1,100,,25233,6,,,1,100,,25236,6,,,1,100,,25231,6,,,1,100,,25235,6,,,1,100,,25237,6,,,1,100,,25241,6,,,1
11401,'3',638,,25245,6,,,1,100,,25247,6,,,1,100,,25243,6,,,1,100,,25248,6,,,1,100,,25251,6,,,1,100,,25254,6,,,1,100,,25250,6,,,1,100,,25252,6,,,1,100,,25253,6,,,1,100,,25244,6,,,1,100,,25246,6,,,1,100,,25249,6,,,1
11401,'4',638,,25256,6,,,1,100,,25257,6,,,1,100,,25261,6,,,1,100,,25258,6,,,1,100,,25255,6,,,1,100,,25263,6,,,1,100,,25264,6,,,1,100,,25262,6,,,1,100,,25260,6,,,1,100,,25265,6,,,1,100,,25259,6,,,1,100,,25266,6,,,1
11401,'5',638,,25270,6,,,1,100,,25273,6,,,1,100,,25271,6,,,1,100,,25275,6,,,1,100,,25277,6,,,1,100,,25272,6,,,1,100,,25274,6,,,1,100,,25268,6,,,1,100,,25278,6,,,1,100,,25267,6,,,1,100,,25276,6,,,1,100,,25269,6,,,1
11401,'7',638,,25280,6,,,1,100,,25283,6,,,1,100,,25286,6,,,1,100,,25290,6,,,1,100,,25289,6,,,1,100,,25287,6,,,1,100,,25282,6,,,1,100,,25285,6,,,1,100,,25281,6,,,1,100,,25279,6,,,1,100,,25288,6,,,1,100,,25284,6,,,1
11401,'8',638,,25299,6,,,1,100,,25298,6,,,1,100,,25301,6,,,1,100,,25292,6,,,1,100,,25295,6,,,1,100,,25294,6,,,1,100,,25302,6,,,1,100,,25300,6,,,1,100,,25291,6,,,1,100,,25296,6,,,1,100,,25297,6,,,1,100,,25293,6,,,1
11401,'9',638,,25312,6,,,1,100,,25308,6,,,1,100,,25305,6,,,1,100,,25314,6,,,1,100,,25310,6,,,1,100,,25307,6,,,1,100,,25304,6,,,1,100,,25306,6,,,1,100,,25309,6,,,1,100,,25311,6,,,1,100,,25303,6,,,1,100,,25313,6,,,1
21401,'1',1842,,29314,17,,,1,100,,29315,17,,,1,100,,29313,17,,,1,100,,29312,17,,,1,100,,29311,17,,,1
21401,'10',742,,29324,17,,,1,100,,29323,17,,,1,100,,29327,17,,,1,100,,29322,17,,,1,100,,29325,17,,,1,100,,29316,17,,,1,100,,29326,17,,,1,100,,29319,17,,,1,100,,29320,17,,,1,100,,17231,17,,,1,100,,29317,17,,,1,100,,29318,17,,,1,100,,29321,17,,,1
21401,'11',742,,29335,17,,,1,100,,29331,17,,,1,100,,29334,17,,,1,100,,29328,17,,,1,100,,29329,17,,,1,100,,29336,17,,,1,100,,29330,17,,,1,100,,29338,17,,,1,100,,29339,17,,,1,100,,29332,17,,,1,100,,29337,17,,,1,100,,29340,17,,,1,100,,29333,17,,,1
21401,'2',1842,,29344,17,,,1,100,,29343,17,,,1,100,,29342,17,,,1,100,,29341,17,,,1,100,,29345,17,,,1
21401,'3',1842,,29347,17,,,1,100,,29350,17,,,1,100,,29348,17,,,1,100,,29346,17,,,1,100,,29349,17,,,1
21401,'4',1842,,29354,17,,,1,100,,29352,17,,,1,100,,29355,17,,,1,100,,29353,17,,,1,100,,29351,17,,,1
21401,'5',1842,,29360,17,,,1,100,,29358,17,,,1,100,,29357,17,,,1,100,,29356,17,,,1,100,,29359,17,,,1
21401,'6',742,,29373,17,,,1,100,,29365,17,,,1,100,,29368,17,,,1,100,,29367,17,,,1,100,,29370,17,,,1,100,,29366,17,,,1,100,,29361,17,,,1,100,,29364,17,,,1,100,,29372,17,,,1,100,,29369,17,,,1,100,,29363,17,,,1,100,,29371,17,,,1,100,,29362,17,,,1
21401,'7',1842,,29377,17,,,1,100,,29374,17,,,1,100,,29375,17,,,1,100,,29378,17,,,1,100,,29376,17,,,1
21401,'8',1842,,29382,17,,,1,100,,29379,17,,,1,100,,29380,17,,,1,100,,29381,17,,,1,100,,29383,17,,,1
21401,'9',1842,,29388,17,,,1,100,,29386,17,,,1,100,,29387,17,,,1,100,,29385,17,,,1,100,,29384,17,,,1
