10700,'1',640,,21914,15,0,5 6,1,100,,21915,15,0,5 6,1,70,,21920,15,0,5 6,1,30,,21926,15,0,5 6,1,70,,21913,15,0,5 6,1,30,,21912,15,0,5 6,1,100,,21917,15,0,5 6,1,100,,21923,15,0,5 6,1,100,,21924,15,0,5 6,1,100,,17265,15,0,5 6,1,100,,21925,15,0,5 6,1,70,,21922,15,0,5 6,1,30,,21919,15,0,5 6,1,70,,18192,15,0,5 6,1,30,,21911,15,0,5 6,1,70,,21921,15,0,5 6,1,30,,18668,15,0,5 6,1,70,,21916,15,0,5 6,1,30,,21918,15,0,5 6,1
10700,'2',640,,21936,15,0,5 6,1,100,,21932,15,0,5 6,1,70,,21927,15,0,5 6,1,30,,21943,15,0,5 6,1,70,,21933,15,0,5 6,1,30,,21944,15,0,5 6,1,100,,21935,15,0,5 6,1,100,,21942,15,0,5 6,1,100,,21937,15,0,5 6,1,100,,21938,15,0,5 6,1,100,,15154,15,0,5 6,1,70,,21934,15,0,5 6,1,30,,21931,15,0,5 6,1,70,,21930,15,0,5 6,1,30,,21940,15,0,5 6,1,70,,21939,15,0,5 6,1,30,,21941,15,0,5 6,1,70,,21928,15,0,5 6,1,30,,21929,15,0,5 6,1
10700,'3',640,,21959,15,0,5 6,1,100,,21954,15,0,5 6,1,70,,21956,15,0,5 6,1,30,,21948,15,0,5 6,1,70,,21962,15,0,5 6,1,30,,21957,15,0,5 6,1,100,,21963,15,0,5 6,1,100,,21961,15,0,5 6,1,100,,21950,15,0,5 6,1,100,,21945,15,0,5 6,1,100,,21947,15,0,5 6,1,70,,21949,15,0,5 6,1,30,,21953,15,0,5 6,1,70,,21955,15,0,5 6,1,30,,21951,15,0,5 6,1,70,,21952,15,0,5 6,1,30,,21958,15,0,5 6,1,70,,21960,15,0,5 6,1,30,,21946,15,0,5 6,1
10700,'4',640,,21981,15,0,5 6,1,100,,21977,15,0,5 6,1,70,,21968,15,0,5 6,1,30,,21966,15,0,5 6,1,70,,21979,15,0,5 6,1,30,,21980,15,0,5 6,1,100,,21976,15,0,5 6,1,100,,21973,15,0,5 6,1,100,,21969,15,0,5 6,1,100,,21971,15,0,5 6,1,100,,21974,15,0,5 6,1,70,,21970,15,0,5 6,1,30,,21972,15,0,5 6,1,70,,21978,15,0,5 6,1,30,,21964,15,0,5 6,1,70,,21982,15,0,5 6,1,30,,21967,15,0,5 6,1,70,,21965,15,0,5 6,1,30,,21975,15,0,5 6,1
10700,'5',640,,22000,15,0,5 6,1,100,,22001,15,0,5 6,1,70,,21994,15,0,5 6,1,30,,21992,15,0,5 6,1,70,,21999,15,0,5 6,1,30,,21993,15,0,5 6,1,100,,21998,15,0,5 6,1,100,,21986,15,0,5 6,1,100,,21991,15,0,5 6,1,100,,21995,15,0,5 6,1,100,,21983,15,0,5 6,1,70,,21989,15,0,5 6,1,30,,21990,15,0,5 6,1,70,,21984,15,0,5 6,1,30,,21996,15,0,5 6,1,70,,21997,15,0,5 6,1,30,,21987,15,0,5 6,1,70,,21985,15,0,5 6,1,30,,21988,15,0,5 6,1
10700,'7',640,,22012,15,0,5 6,1,100,,22007,15,0,5 6,1,70,,22008,15,0,5 6,1,30,,22017,15,0,5 6,1,70,,22018,15,0,5 6,1,30,,22004,15,0,5 6,1,100,,22009,15,0,5 6,1,100,,22019,15,0,5 6,1,100,,22015,15,0,5 6,1,100,,22003,15,0,5 6,1,100,,22006,15,0,5 6,1,70,,22011,15,0,5 6,1,30,,22020,15,0,5 6,1,70,,22005,15,0,5 6,1,30,,22016,15,0,5 6,1,70,,22013,15,0,5 6,1,30,,22002,15,0,5 6,1,70,,22014,15,0,5 6,1,30,,22010,15,0,5 6,1
10700,'8',640,,22029,15,0,5 6,1,100,,22031,15,0,5 6,1,70,,22026,15,0,5 6,1,30,,22030,15,0,5 6,1,70,,22027,15,0,5 6,1,30,,22035,15,0,5 6,1,100,,22034,15,0,5 6,1,100,,22024,15,0,5 6,1,100,,22025,15,0,5 6,1,100,,22032,15,0,5 6,1,100,,22033,15,0,5 6,1,70,,22022,15,0,5 6,1,30,,22038,15,0,5 6,1,70,,22021,15,0,5 6,1,30,,22023,15,0,5 6,1,70,,22039,15,0,5 6,1,30,,22037,15,0,5 6,1,70,,22036,15,0,5 6,1,30,,22028,15,0,5 6,1
10700,'9',640,,22044,15,0,5 6,1,100,,22057,15,0,5 6,1,70,,22058,15,0,5 6,1,30,,22048,15,0,5 6,1,70,,22043,15,0,5 6,1,30,,22045,15,0,5 6,1,100,,22055,15,0,5 6,1,100,,22051,15,0,5 6,1,100,,22054,15,0,5 6,1,100,,22052,15,0,5 6,1,100,,22046,15,0,5 6,1,70,,22047,15,0,5 6,1,30,,22042,15,0,5 6,1,70,,22049,15,0,5 6,1,30,,22053,15,0,5 6,1,70,,22050,15,0,5 6,1,30,,22041,15,0,5 6,1,70,,22056,15,0,5 6,1,30,,22040,15,0,5 6,1
10801,'1',644,,22808,21,,,1,70,,22821,21,,,1,30,,22819,21,,,1,70,,22814,21,,,1,30,,22823,21,,,1,70,,22809,21,,,1,100,,22820,21,,,1,100,,22811,21,,,1,100,,22815,21,,,1,100,,22825,21,,,1,100,,22817,21,,,1,30,,22807,21,,,1,70,,22810,21,,,1,30,,22822,21,,,1,70,,22813,21,,,1,30,,22816,21,,,1,70,,22812,21,,,1
10801,'2',644,,22837,21,,,1,70,,22840,21,,,1,30,,22831,21,,,1,70,,22835,21,,,1,30,,22843,21,,,1,70,,22838,21,,,1,100,,22833,21,,,1,100,,22842,21,,,1,100,,22836,21,,,1,100,,22839,21,,,1,100,,22844,21,,,1,30,,22834,21,,,1,70,,22826,21,,,1,30,,22830,21,,,1,70,,22841,21,,,1,30,,22827,21,,,1,70,,22829,21,,,1
10801,'3',644,,22854,21,,,1,70,,22851,21,,,1,30,,22849,21,,,1,70,,22848,21,,,1,30,,22852,21,,,1,70,,22861,21,,,1,100,,22859,21,,,1,100,,22858,21,,,1,100,,22846,21,,,1,100,,22863,21,,,1,100,,22853,21,,,1,30,,22845,21,,,1,70,,22857,21,,,1,30,,22850,21,,,1,70,,22860,21,,,1,30,,22856,21,,,1,70,,22862,21,,,1
10801,'4',644,,22869,21,,,1,70,,22879,21,,,1,30,,22864,21,,,1,70,,22866,21,,,1,30,,22877,21,,,1,70,,22871,21,,,1,100,,22881,21,,,1,100,,22867,21,,,1,100,,22865,21,,,1,100,,22876,21,,,1,100,,22875,21,,,1,30,,22868,21,,,1,70,,22873,21,,,1,30,,22882,21,,,1,70,,22874,21,,,1,30,,22880,21,,,1,70,,22878,21,,,1
10801,'5',644,,22891,21,,,1,70,,22899,21,,,1,30,,22892,21,,,1,70,,22896,21,,,1,30,,22884,21,,,1,70,,22901,21,,,1,100,,22886,21,,,1,100,,22897,21,,,1,100,,22887,21,,,1,100,,22894,21,,,1,100,,22885,21,,,1,30,,22890,21,,,1,70,,22898,21,,,1,30,,22900,21,,,1,70,,22893,21,,,1,30,,22888,21,,,1,70,,22883,21,,,1
10801,'7',644,,22919,21,,,1,70,,22909,21,,,1,30,,22903,21,,,1,70,,22918,21,,,1,30,,22904,21,,,1,70,,22915,21,,,1,100,,22902,21,,,1,100,,22920,21,,,1,100,,22905,21,,,1,100,,22916,21,,,1,100,,22906,21,,,1,30,,22917,21,,,1,70,,22914,21,,,1,30,,22910,21,,,1,70,,22907,21,,,1,30,,22911,21,,,1,70,,22912,21,,,1
10801,'8',644,,22938,21,,,1,70,,22927,21,,,1,30,,22924,21,,,1,70,,22939,21,,,1,30,,22930,21,,,1,70,,22935,21,,,1,100,,22931,21,,,1,100,,22934,21,,,1,100,,22933,21,,,1,100,,22923,21,,,1,100,,22932,21,,,1,30,,22922,21,,,1,70,,22936,21,,,1,30,,22921,21,,,1,70,,22928,21,,,1,30,,22937,21,,,1,70,,22929,21,,,1
10801,'9',644,,22952,21,,,1,70,,22946,21,,,1,30,,22958,21,,,1,70,,22957,21,,,1,30,,22951,21,,,1,70,,22953,21,,,1,100,,22944,21,,,1,100,,22955,21,,,1,100,,22943,21,,,1,100,,22954,21,,,1,100,,22956,21,,,1,30,,22949,21,,,1,70,,22940,21,,,1,30,,22947,21,,,1,70,,22945,21,,,1,30,,22941,21,,,1,70,,22942,21,,,1
11400,'1',636,,25131,12,4,,1,100,,25128,12,4,,1,100,,25135,12,4,,1,100,,25134,12,4,,1,100,,25132,12,4,,1,100,,25125,12,4,,1,100,,25127,12,4,,1,100,,25133,12,4,,1,100,,25126,12,4,,1,100,,25129,12,4,,1,100,,25130,12,4,,1,100,,17882,12,4,,1
11400,'2',636,,25139,12,4,,1,100,,25138,12,4,,1,100,,25140,12,4,,1,100,,25142,12,4,,1,100,,18115,12,4,,1,100,,25144,12,4,,1,100,,25137,12,4,,1,100,,25136,12,4,,1,100,,25146,12,4,,1,100,,25141,12,4,,1,100,,25143,12,4,,1,100,,25145,12,4,,1
11400,'3',636,,25147,12,4,,1,100,,25154,12,4,,1,100,,25158,12,4,,1,100,,25149,12,4,,1,100,,25153,12,4,,1,100,,25152,12,4,,1,100,,25157,12,4,,1,100,,25156,12,4,,1,100,,25148,12,4,,1,100,,25155,12,4,,1,100,,25151,12,4,,1,100,,25150,12,4,,1
11400,'4',636,,25165,12,4,,1,100,,25160,12,4,,1,100,,25166,12,4,,1,100,,25169,12,4,,1,100,,25168,12,4,,1,100,,25161,12,4,,1,100,,25162,12,4,,1,100,,25159,12,4,,1,100,,25167,12,4,,1,100,,25164,12,4,,1,100,,25170,12,4,,1,100,,25163,12,4,,1
11400,'5',636,,25174,12,4,,1,100,,25175,12,4,,1,100,,25180,12,4,,1,100,,25172,12,4,,1,100,,25176,12,4,,1,100,,25177,12,4,,1,100,,25182,12,4,,1,100,,25179,12,4,,1,100,,25171,12,4,,1,100,,25173,12,4,,1,100,,25178,12,4,,1,100,,25181,12,4,,1
11400,'7',636,,25193,12,4,,1,100,,25190,12,4,,1,100,,25189,12,4,,1,100,,25184,12,4,,1,100,,25183,12,4,,1,100,,25188,12,4,,1,100,,25192,12,4,,1,100,,25186,12,4,,1,100,,25185,12,4,,1,100,,25194,12,4,,1,100,,25187,12,4,,1,100,,25191,12,4,,1
11400,'8',636,,25202,12,4,,1,100,,25201,12,4,,1,100,,25199,12,4,,1,100,,25206,12,4,,1,100,,25197,12,4,,1,100,,25196,12,4,,1,100,,25205,12,4,,1,100,,25203,12,4,,1,100,,25195,12,4,,1,100,,25198,12,4,,1,100,,25200,12,4,,1,100,,25204,12,4,,1
11400,'9',636,,25213,12,4,,1,100,,25218,12,4,,1,100,,25208,12,4,,1,100,,25217,12,4,,1,100,,25211,12,4,,1,100,,25214,12,4,,1,100,,25215,12,4,,1,100,,25212,12,4,,1,100,,25207,12,4,,1,100,,25216,12,4,,1,100,,25210,12,4,,1,100,,25209,12,4,,1
11401,'1',636,,25223,1,,,1,100,,25228,1,,,1,100,,25220,1,,,1,100,,25219,1,,,1,100,,25230,1,,,1,100,,25227,1,,,1,100,,25226,1,,,1,100,,25225,1,,,1,100,,25229,1,,,1,100,,25222,1,,,1,100,,25224,1,,,1,100,,25221,1,,,1
11401,'2',636,,25242,1,,,1,100,,25234,1,,,1,100,,25240,1,,,1,100,,25232,1,,,1,100,,25238,1,,,1,100,,25239,1,,,1,100,,25233,1,,,1,100,,25236,1,,,1,100,,25231,1,,,1,100,,25235,1,,,1,100,,25237,1,,,1,100,,25241,1,,,1
11401,'3',636,,25245,1,,,1,100,,25247,1,,,1,100,,25243,1,,,1,100,,25248,1,,,1,100,,25251,1,,,1,100,,25254,1,,,1,100,,25250,1,,,1,100,,25252,1,,,1,100,,25253,1,,,1,100,,25244,1,,,1,100,,25246,1,,,1,100,,25249,1,,,1
11401,'4',636,,25256,1,,,1,100,,25257,1,,,1,100,,25261,1,,,1,100,,25258,1,,,1,100,,25255,1,,,1,100,,25263,1,,,1,100,,25264,1,,,1,100,,25262,1,,,1,100,,25260,1,,,1,100,,25265,1,,,1,100,,25259,1,,,1,100,,25266,1,,,1
11401,'5',636,,25270,1,,,1,100,,25273,1,,,1,100,,25271,1,,,1,100,,25275,1,,,1,100,,25277,1,,,1,100,,25272,1,,,1,100,,25274,1,,,1,100,,25268,1,,,1,100,,25278,1,,,1,100,,25267,1,,,1,100,,25276,1,,,1,100,,25269,1,,,1
11401,'7',636,,25280,1,,,1,100,,25283,1,,,1,100,,25286,1,,,1,100,,25290,1,,,1,100,,25289,1,,,1,100,,25287,1,,,1,100,,25282,1,,,1,100,,25285,1,,,1,100,,25281,1,,,1,100,,25279,1,,,1,100,,25288,1,,,1,100,,25284,1,,,1
11401,'8',636,,25299,1,,,1,100,,25298,1,,,1,100,,25301,1,,,1,100,,25292,1,,,1,100,,25295,1,,,1,100,,25294,1,,,1,100,,25302,1,,,1,100,,25300,1,,,1,100,,25291,1,,,1,100,,25296,1,,,1,100,,25297,1,,,1,100,,25293,1,,,1
11401,'9',636,,25312,1,,,1,100,,25308,1,,,1,100,,25305,1,,,1,100,,25314,1,,,1,100,,25310,1,,,1,100,,25307,1,,,1,100,,25304,1,,,1,100,,25306,1,,,1,100,,25309,1,,,1,100,,25311,1,,,1,100,,25303,1,,,1,100,,25313,1,,,1
21400,'1',1836,,29235,12,4,,1,100,,29236,12,4,,1,100,,29234,12,4,,1,100,,29232,12,4,,1,100,,29233,12,4,,1
21400,'10',736,,29238,12,4,,1,100,,29244,12,4,,1,100,,29245,12,4,,1,100,,29240,12,4,,1,100,,29246,12,4,,1,100,,29243,12,4,,1,100,,29241,12,4,,1,100,,29249,12,4,,1,100,,29237,12,4,,1,100,,29239,12,4,,1,100,,29242,12,4,,1,100,,29248,12,4,,1,100,,29247,12,4,,1
21400,'11',736,,29262,12,4,,1,100,,29251,12,4,,1,100,,29259,12,4,,1,100,,29252,12,4,,1,100,,29256,12,4,,1,100,,29254,12,4,,1,100,,29260,12,4,,1,100,,29253,12,4,,1,100,,29261,12,4,,1,100,,29255,12,4,,1,100,,29258,12,4,,1,100,,29257,12,4,,1,100,,29250,12,4,,1
21400,'2',1836,,29263,12,4,,1,100,,29264,12,4,,1,100,,29266,12,4,,1,100,,29267,12,4,,1,100,,29265,12,4,,1
21400,'3',1836,,29268,12,4,,1,100,,29272,12,4,,1,100,,29269,12,4,,1,100,,29271,12,4,,1,100,,29270,12,4,,1
21400,'4',1836,,29277,12,4,,1,100,,29273,12,4,,1,100,,29276,12,4,,1,100,,29274,12,4,,1,100,,29275,12,4,,1
21400,'5',1836,,29280,12,4,,1,100,,29282,12,4,,1,100,,29278,12,4,,1,100,,29279,12,4,,1,100,,29281,12,4,,1
21400,'6',736,,29294,12,4,,1,100,,29288,12,4,,1,100,,29292,12,4,,1,100,,29287,12,4,,1,100,,29295,12,4,,1,100,,29283,12,4,,1,100,,29293,12,4,,1,100,,29289,12,4,,1,100,,29285,12,4,,1,100,,29291,12,4,,1,100,,29284,12,4,,1,100,,29286,12,4,,1,100,,29290,12,4,,1
21400,'7',1836,,29296,12,4,,1,100,,29297,12,4,,1,100,,29300,12,4,,1,100,,29298,12,4,,1,100,,29299,12,4,,1
21400,'8',1836,,29305,12,4,,1,100,,29304,12,4,,1,100,,29301,12,4,,1,100,,29302,12,4,,1,100,,29303,12,4,,1
21400,'9',1836,,29308,12,4,,1,100,,29309,12,4,,1,100,,29310,12,4,,1,100,,29307,12,4,,1,100,,29306,12,4,,1
21401,'1',1836,,29314,1,,,1,100,,29315,1,,,1,100,,29313,1,,,1,100,,29312,1,,,1,100,,29311,1,,,1
21401,'10',736,,29324,1,,,1,100,,29323,1,,,1,100,,29327,1,,,1,100,,29322,1,,,1,100,,29325,1,,,1,100,,29316,1,,,1,100,,29326,1,,,1,100,,29319,1,,,1,100,,29320,1,,,1,100,,17231,1,,,1,100,,29317,1,,,1,100,,29318,1,,,1,100,,29321,1,,,1
21401,'11',736,,29335,1,,,1,100,,29331,1,,,1,100,,29334,1,,,1,100,,29328,1,,,1,100,,29329,1,,,1,100,,29336,1,,,1,100,,29330,1,,,1,100,,29338,1,,,1,100,,29339,1,,,1,100,,29332,1,,,1,100,,29337,1,,,1,100,,29340,1,,,1,100,,29333,1,,,1
21401,'2',1836,,29344,1,,,1,100,,29343,1,,,1,100,,29342,1,,,1,100,,29341,1,,,1,100,,29345,1,,,1
21401,'3',1836,,29347,1,,,1,100,,29350,1,,,1,100,,29348,1,,,1,100,,29346,1,,,1,100,,29349,1,,,1
21401,'4',1836,,29354,1,,,1,100,,29352,1,,,1,100,,29355,1,,,1,100,,29353,1,,,1,100,,29351,1,,,1
21401,'5',1836,,29360,1,,,1,100,,29358,1,,,1,100,,29357,1,,,1,100,,29356,1,,,1,100,,29359,1,,,1
21401,'6',736,,29373,1,,,1,100,,29365,1,,,1,100,,29368,1,,,1,100,,29367,1,,,1,100,,29370,1,,,1,100,,29366,1,,,1,100,,29361,1,,,1,100,,29364,1,,,1,100,,29372,1,,,1,100,,29369,1,,,1,100,,29363,1,,,1,100,,29371,1,,,1,100,,29362,1,,,1
21401,'7',1836,,29377,1,,,1,100,,29374,1,,,1,100,,29375,1,,,1,100,,29378,1,,,1,100,,29376,1,,,1
21401,'8',1836,,29382,1,,,1,100,,29379,1,,,1,100,,29380,1,,,1,100,,29381,1,,,1,100,,29383,1,,,1
21401,'9',1836,,29388,1,,,1,100,,29386,1,,,1,100,,29387,1,,,1,100,,29385,1,,,1,100,,29384,1,,,1
