10501,'1',627,,21326,6,,,1,100,,21351,6,,,1,30,,21333,6,,,1,70,,21342,6,,,1,30,,21345,6,,,1,70,,21340,6,,,1,30,,21324,6,,,1,70,,21349,6,,,1,100,,21335,6,,,1,100,,21352,6,,,1,100,,21338,6,,,1,100,,21323,6,,,1,100,,21327,6,,,1,30,,21329,6,,,1,70,,21353,6,,,1,30,,21322,6,,,1,70,,21336,6,,,1,30,,21344,6,,,1,70,,21321,6,,,1
10501,'2',627,,21376,6,,,1,100,,21379,6,,,1,30,,21387,6,,,1,70,,21369,6,,,1,30,,21378,6,,,1,70,,21377,6,,,1,30,,21372,6,,,1,70,,21386,6,,,1,100,,21383,6,,,1,100,,21357,6,,,1,100,,21382,6,,,1,100,,21374,6,,,1,100,,18132,6,,,1,30,,21373,6,,,1,70,,21367,6,,,1,30,,21368,6,,,1,70,,21359,6,,,1,30,,17299,6,,,1,70,,21389,6,,,1
10501,'3',627,,21427,6,,,1,100,,21408,6,,,1,30,,21407,6,,,1,70,,21392,6,,,1,30,,21406,6,,,1,70,,21393,6,,,1,30,,21414,6,,,1,70,,21424,6,,,1,100,,21409,6,,,1,100,,21397,6,,,1,100,,21423,6,,,1,100,,21403,6,,,1,100,,21401,6,,,1,30,,21398,6,,,1,70,,21396,6,,,1,30,,21425,6,,,1,70,,21390,6,,,1,30,,21400,6,,,1,70,,21417,6,,,1
10501,'4',627,,21446,6,,,1,100,,21465,6,,,1,30,,21459,6,,,1,70,,21444,6,,,1,30,,21432,6,,,1,70,,21464,6,,,1,30,,21452,6,,,1,70,,21463,6,,,1,100,,21450,6,,,1,100,,21435,6,,,1,100,,21454,6,,,1,100,,21461,6,,,1,100,,21458,6,,,1,30,,21436,6,,,1,70,,21430,6,,,1,30,,21456,6,,,1,70,,21460,6,,,1,30,,21453,6,,,1,70,,21455,6,,,1
10501,'5',627,,21498,6,,,1,100,,21493,6,,,1,30,,21499,6,,,1,70,,21469,6,,,1,30,,21476,6,,,1,70,,21473,6,,,1,30,,21478,6,,,1,70,,21501,6,,,1,100,,21490,6,,,1,100,,21486,6,,,1,100,,21470,6,,,1,100,,21475,6,,,1,100,,21481,6,,,1,30,,21492,6,,,1,70,,21484,6,,,1,30,,21485,6,,,1,70,,21489,6,,,1,30,,21471,6,,,1,70,,21477,6,,,1
10501,'7',627,,21536,6,,,1,100,,21512,6,,,1,30,,21506,6,,,1,70,,21504,6,,,1,30,,21529,6,,,1,70,,21526,6,,,1,30,,21532,6,,,1,70,,21527,6,,,1,100,,21509,6,,,1,100,,21505,6,,,1,100,,21537,6,,,1,100,,21534,6,,,1,100,,21517,6,,,1,30,,21514,6,,,1,70,,21513,6,,,1,30,,21519,6,,,1,70,,21530,6,,,1,30,,21528,6,,,1,70,,21515,6,,,1
10501,'8',627,,21561,6,,,1,100,,21559,6,,,1,30,,21552,6,,,1,70,,21560,6,,,1,30,,21544,6,,,1,70,,21562,6,,,1,30,,21556,6,,,1,70,,21542,6,,,1,100,,21555,6,,,1,100,,21557,6,,,1,100,,21551,6,,,1,100,,21549,6,,,1,100,,21547,6,,,1,30,,21576,6,,,1,70,,21566,6,,,1,30,,21550,6,,,1,70,,21546,6,,,1,30,,21563,6,,,1,70,,21575,6,,,1
10501,'9',627,,21596,6,,,1,100,,21591,6,,,1,30,,21586,6,,,1,70,,21614,6,,,1,30,,21610,6,,,1,70,,21611,6,,,1,30,,21615,6,,,1,70,,21597,6,,,1,100,,21617,6,,,1,100,,21600,6,,,1,100,,21606,6,,,1,100,,21594,6,,,1,100,,21581,6,,,1,30,,21592,6,,,1,70,,21607,6,,,1,30,,21603,6,,,1,70,,21601,6,,,1,30,,21590,6,,,1,70,,21598,6,,,1
20501,'1',1926,,18082,6,,,1,100,,27311,6,,,1,100,,27314,6,,,1,100,,27316,6,,,1
20501,'10',726,,27340,6,,,1,100,,27344,6,,,1,100,,27327,6,,,1,100,,27335,6,,,1,100,,27339,6,,,1,100,,27320,6,,,1,100,,27326,6,,,1,100,,27338,6,,,1,100,,27324,6,,,1,100,,27325,6,,,1,100,,27322,6,,,1,100,,27334,6,,,1,100,,27333,6,,,1,100,,27341,6,,,1
20501,'11',726,,27354,6,,,1,100,,27350,6,,,1,100,,27362,6,,,1,100,,27347,6,,,1,100,,27355,6,,,1,100,,27359,6,,,1,100,,27372,6,,,1,100,,27364,6,,,1,100,,27357,6,,,1,100,,27371,6,,,1,100,,27373,6,,,1,100,,27353,6,,,1,100,,27369,6,,,1,100,,27356,6,,,1
20501,'2',1926,,27378,6,,,1,100,,27376,6,,,1,100,,27379,6,,,1,100,,27377,6,,,1
20501,'3',1926,,27389,6,,,1,100,,27383,6,,,1,100,,27387,6,,,1,100,,27382,6,,,1
20501,'4',1926,,27393,6,,,1,100,,27395,6,,,1,100,,27392,6,,,1,100,,27394,6,,,1
20501,'5',1926,,27405,6,,,1,100,,27401,6,,,1,100,,27402,6,,,1,100,,27399,6,,,1
20501,'6',726,,27408,6,,,1,100,,27432,6,,,1,100,,27424,6,,,1,100,,27433,6,,,1,100,,27417,6,,,1,100,,27412,6,,,1,100,,27420,6,,,1,100,,27410,6,,,1,100,,27430,6,,,1,100,,27411,6,,,1,100,,27429,6,,,1,100,,27406,6,,,1,100,,27409,6,,,1,100,,27426,6,,,1
20501,'7',1926,,27438,6,,,1,100,,27439,6,,,1,100,,27441,6,,,1,100,,27437,6,,,1
20501,'8',1926,,27445,6,,,1,100,,27449,6,,,1,100,,27443,6,,,1,100,,27447,6,,,1
20501,'9',1926,,27457,6,,,1,100,,27452,6,,,1,100,,27450,6,,,1,100,,27453,6,,,1
