10101,'1',648,,19889,17,,,1,70,,19898,17,,,1,30,,19892,17,,,1,70,,19890,17,,,1,30,,19901,17,,,1,70,,19887,17,,,1,30,,19897,17,,,1,100,,19900,17,,,1,100,,19886,17,,,1,100,,19903,17,,,1,100,,19896,17,,,1,102,,19902,17,,,1,70,,19888,17,,,1,30,,19899,17,,,1,70,,19894,17,,,1,30,,19891,17,,,1,70,,19893,17,,,1,30,,19895,17,,,1
10101,'2',648,,19909,17,,,1,70,,19915,17,,,1,30,,19912,17,,,1,70,,19919,17,,,1,30,,19907,17,,,1,70,,19911,17,,,1,30,,19913,17,,,1,100,,19908,17,,,1,100,,19904,17,,,1,100,,19920,17,,,1,100,,19906,17,,,1,102,,19917,17,,,1,70,,19910,17,,,1,30,,19914,17,,,1,70,,18685,17,,,1,30,,19916,17,,,1,70,,19905,17,,,1,30,,19918,17,,,1
10101,'3',648,,19933,17,,,1,70,,19937,17,,,1,30,,19930,17,,,1,70,,19923,17,,,1,30,,19931,17,,,1,70,,19927,17,,,1,30,,19921,17,,,1,100,,19935,17,,,1,100,,19928,17,,,1,100,,19932,17,,,1,100,,19926,17,,,1,102,,19934,17,,,1,70,,19925,17,,,1,30,,19936,17,,,1,70,,19938,17,,,1,30,,19922,17,,,1,70,,19929,17,,,1,30,,19924,17,,,1
10101,'4',648,,19945,17,,,1,70,,19949,17,,,1,30,,19943,17,,,1,70,,19942,17,,,1,30,,19948,17,,,1,70,,19939,17,,,1,30,,19950,17,,,1,100,,19941,17,,,1,100,,19954,17,,,1,100,,19955,17,,,1,100,,19940,17,,,1,102,,19947,17,,,1,70,,19944,17,,,1,30,,19952,17,,,1,70,,19956,17,,,1,30,,19946,17,,,1,70,,19951,17,,,1,30,,19953,17,,,1
10101,'5',648,,19963,17,,,1,70,,19959,17,,,1,30,,19961,17,,,1,70,,19965,17,,,1,30,,19962,17,,,1,70,,19967,17,,,1,30,,19968,17,,,1,100,,19964,17,,,1,100,,19957,17,,,1,100,,19958,17,,,1,100,,19969,17,,,1,102,,19974,17,,,1,70,,19972,17,,,1,30,,19970,17,,,1,70,,19960,17,,,1,30,,19973,17,,,1,70,,19966,17,,,1,30,,19971,17,,,1
10101,'7',648,,19992,17,,,1,70,,19982,17,,,1,30,,19978,17,,,1,70,,19988,17,,,1,30,,19984,17,,,1,70,,19990,17,,,1,30,,19989,17,,,1,100,,19983,17,,,1,100,,19980,17,,,1,100,,19975,17,,,1,100,,19977,17,,,1,102,,19985,17,,,1,70,,19986,17,,,1,30,,19987,17,,,1,70,,19991,17,,,1,30,,19976,17,,,1,70,,19979,17,,,1,30,,19981,17,,,1
10101,'8',648,,20005,17,,,1,70,,19995,17,,,1,30,,20002,17,,,1,70,,20001,17,,,1,30,,20003,17,,,1,70,,20008,17,,,1,30,,19994,17,,,1,100,,19997,17,,,1,100,,20006,17,,,1,100,,19993,17,,,1,100,,19996,17,,,1,102,,19998,17,,,1,70,,20010,17,,,1,30,,20004,17,,,1,70,,20007,17,,,1,30,,19999,17,,,1,70,,20009,17,,,1,30,,20000,17,,,1
10101,'9',648,,20018,17,,,1,70,,20015,17,,,1,30,,20013,17,,,1,70,,20011,17,,,1,30,,20027,17,,,1,70,,20028,17,,,1,30,,20022,17,,,1,100,,20025,17,,,1,100,,20021,17,,,1,100,,20023,17,,,1,100,,20014,17,,,1,102,,20020,17,,,1,70,,20019,17,,,1,30,,20016,17,,,1,70,,20026,17,,,1,30,,20012,17,,,1,70,,20024,17,,,1,30,,20017,17,,,1
11200,'1',659,,24244,18,,,1,100,,24237,18,,,1,100,,24236,18,,,1,100,,24235,18,,,1,100,,24238,18,,,1,100,,24239,18,,,1,100,,24243,18,,,1,100,,24234,18,,,1,100,,24240,18,,,1,100,,24242,18,,,1,100,,24241,18,,,1
11200,'2',659,,24254,18,,,1,100,,24252,18,,,1,100,,24245,18,,,1,100,,24248,18,,,1,100,,24250,18,,,1,100,,24255,18,,,1,100,,24253,18,,,1,100,,24247,18,,,1,100,,24249,18,,,1,100,,24251,18,,,1,100,,24246,18,,,1
11200,'3',659,,24258,18,,,1,100,,24266,18,,,1,100,,24264,18,,,1,100,,24260,18,,,1,100,,24259,18,,,1,100,,24257,18,,,1,100,,24265,18,,,1,100,,24261,18,,,1,100,,24262,18,,,1,100,,24256,18,,,1,100,,24263,18,,,1
11200,'4',659,,24274,18,,,1,100,,24272,18,,,1,100,,24273,18,,,1,100,,24275,18,,,1,100,,24277,18,,,1,100,,24267,18,,,1,100,,24276,18,,,1,100,,24268,18,,,1,100,,24270,18,,,1,100,,24271,18,,,1,100,,24269,18,,,1
11200,'5',659,,24281,18,,,1,100,,24282,18,,,1,100,,24287,18,,,1,100,,24278,18,,,1,100,,24279,18,,,1,100,,24280,18,,,1,100,,24286,18,,,1,100,,24288,18,,,1,100,,24284,18,,,1,100,,24285,18,,,1,100,,24283,18,,,1
11200,'7',659,,24290,18,,,1,100,,24294,18,,,1,100,,24295,18,,,1,100,,24296,18,,,1,100,,24291,18,,,1,100,,24299,18,,,1,100,,24293,18,,,1,100,,24297,18,,,1,100,,24289,18,,,1,100,,24298,18,,,1,100,,24292,18,,,1
11200,'8',659,,24308,18,,,1,100,,24301,18,,,1,100,,24304,18,,,1,100,,24307,18,,,1,100,,24305,18,,,1,100,,24310,18,,,1,100,,24300,18,,,1,100,,24302,18,,,1,100,,24303,18,,,1,100,,24306,18,,,1,100,,24309,18,,,1
11200,'9',659,,24320,18,,,1,100,,24311,18,,,1,100,,24315,18,,,1,100,,24319,18,,,1,100,,24317,18,,,1,100,,24316,18,,,1,100,,24312,18,,,1,100,,24314,18,,,1,100,,24321,18,,,1,100,,24318,18,,,1,100,,24313,18,,,1
