10600,'1',653,,21619,20,4,,1,100,,21625,20,4,,1,70,,21632,20,4,,1,30,,21627,20,4,,1,70,,21621,20,4,,1,30,,21626,20,4,,1,100,,21629,20,4,,1,100,,21631,20,4,,1,100,,21618,20,4,,1,100,,16062,20,4,,1,100,,21633,20,4,,1,70,,21620,20,4,,1,30,,21623,20,4,,1,70,,21622,20,4,,1,23,,21630,20,4,,1,77,,21628,20,4,,1,23,,21624,20,4,,1
10600,'2',653,,21646,20,4,,1,100,,21649,20,4,,1,70,,17440,20,4,,1,30,,21643,20,4,,1,70,,21645,20,4,,1,30,,21634,20,4,,1,100,,21638,20,4,,1,100,,21647,20,4,,1,100,,21636,20,4,,1,100,,21642,20,4,,1,100,,21637,20,4,,1,70,,21641,20,4,,1,30,,21635,20,4,,1,70,,21644,20,4,,1,23,,21648,20,4,,1,77,,21639,20,4,,1,23,,21640,20,4,,1
10600,'3',653,,21666,20,4,,1,100,,21664,20,4,,1,70,,21655,20,4,,1,30,,21661,20,4,,1,70,,21656,20,4,,1,30,,21653,20,4,,1,100,,21651,20,4,,1,100,,21665,20,4,,1,100,,21663,20,4,,1,100,,21657,20,4,,1,100,,21654,20,4,,1,70,,21662,20,4,,1,30,,21650,20,4,,1,70,,21658,20,4,,1,23,,21659,20,4,,1,77,,21660,20,4,,1,23,,21652,20,4,,1
10600,'4',653,,21682,20,4,,1,100,,21676,20,4,,1,70,,21674,20,4,,1,30,,21681,20,4,,1,70,,21675,20,4,,1,30,,21680,20,4,,1,100,,21671,20,4,,1,100,,21678,20,4,,1,100,,21673,20,4,,1,100,,21668,20,4,,1,100,,21667,20,4,,1,70,,21683,20,4,,1,30,,21670,20,4,,1,70,,21679,20,4,,1,23,,21669,20,4,,1,77,,21677,20,4,,1,23,,21672,20,4,,1
10600,'5',653,,21697,20,4,,1,100,,21693,20,4,,1,70,,21684,20,4,,1,30,,21696,20,4,,1,70,,21686,20,4,,1,30,,21690,20,4,,1,100,,21692,20,4,,1,100,,21685,20,4,,1,100,,21691,20,4,,1,100,,21699,20,4,,1,100,,21694,20,4,,1,70,,21698,20,4,,1,30,,21695,20,4,,1,70,,21700,20,4,,1,23,,21688,20,4,,1,77,,21689,20,4,,1,23,,21687,20,4,,1
10600,'7',653,,21713,20,4,,1,100,,21716,20,4,,1,70,,21703,20,4,,1,30,,21705,20,4,,1,70,,21702,20,4,,1,30,,21701,20,4,,1,100,,21708,20,4,,1,100,,21710,20,4,,1,100,,21706,20,4,,1,100,,21717,20,4,,1,100,,21712,20,4,,1,70,,21704,20,4,,1,30,,21715,20,4,,1,70,,21714,20,4,,1,23,,21707,20,4,,1,77,,21711,20,4,,1,23,,21709,20,4,,1
10600,'8',653,,21727,20,4,,1,100,,21721,20,4,,1,70,,21723,20,4,,1,30,,21730,20,4,,1,70,,21734,20,4,,1,30,,21729,20,4,,1,100,,21726,20,4,,1,100,,21718,20,4,,1,100,,21732,20,4,,1,100,,21720,20,4,,1,100,,21725,20,4,,1,70,,21731,20,4,,1,30,,21722,20,4,,1,70,,21724,20,4,,1,23,,21728,20,4,,1,77,,21719,20,4,,1,23,,21733,20,4,,1
10600,'9',653,,21739,20,4,,1,100,,21749,20,4,,1,70,,21746,20,4,,1,30,,21751,20,4,,1,70,,21743,20,4,,1,30,,21737,20,4,,1,100,,21750,20,4,,1,100,,21744,20,4,,1,100,,21745,20,4,,1,100,,21740,20,4,,1,100,,21742,20,4,,1,70,,21736,20,4,,1,30,,21748,20,4,,1,70,,21747,20,4,,1,23,,21738,20,4,,1,77,,21741,20,4,,1,23,,21735,20,4,,1
10601,'1',556,,21756,1,,,1,100,,21766,1,,,1,70,,21752,1,,,1,30,,21767,1,,,1,70,,21760,1,,,1,30,,21758,1,,,1,70,,21754,1,0,17,1,30,,21755,1,,,1,100,,21757,1,,,1,100,,21764,1,,,1,100,,18489,1,,,1,100,,21759,1,,,1,70,,21765,1,,,1,30,,21763,1,,,1,70,,21753,1,,,1,30,,21770,1,,,1,70,,21769,1,,,1,30,,21761,1,,,1,70,,21762,1,,,1,30,,21768,1,,,1
10601,'2',556,,21775,1,,,1,100,,21776,1,,,1,70,,21790,1,,,1,30,,21780,1,,,1,70,,21788,1,,,1,30,,21784,1,,,1,70,,21778,1,0,17,1,30,,21782,1,,,1,100,,21787,1,,,1,100,,21786,1,,,1,100,,21771,1,,,1,100,,21779,1,,,1,70,,21773,1,,,1,30,,21772,1,,,1,70,,21785,1,,,1,30,,21777,1,,,1,70,,21781,1,,,1,30,,21783,1,,,1,70,,21789,1,,,1,30,,21774,1,,,1
10601,'3',556,,21802,1,,,1,100,,21803,1,,,1,70,,21799,1,,,1,30,,21797,1,,,1,70,,21795,1,,,1,30,,21798,1,,,1,70,,21804,1,0,17,1,30,,21793,1,,,1,100,,21808,1,,,1,100,,21805,1,,,1,100,,21810,1,,,1,100,,21792,1,,,1,70,,21807,1,,,1,30,,21800,1,,,1,70,,21791,1,,,1,30,,21794,1,,,1,70,,21806,1,,,1,30,,21796,1,,,1,70,,21809,1,,,1,30,,21801,1,,,1
10601,'4',556,,21812,1,,,1,100,,21818,1,,,1,70,,21822,1,,,1,30,,21820,1,,,1,70,,21828,1,,,1,30,,21830,1,,,1,70,,21819,1,0,17,1,30,,21815,1,,,1,100,,21821,1,,,1,100,,21814,1,,,1,100,,21816,1,,,1,100,,21826,1,,,1,70,,21825,1,,,1,30,,21823,1,,,1,70,,21813,1,,,1,30,,21829,1,,,1,70,,21824,1,,,1,30,,21811,1,,,1,70,,21817,1,,,1,30,,21827,1,,,1
10601,'5',556,,21840,1,,,1,100,,21834,1,,,1,70,,21835,1,,,1,30,,21833,1,,,1,70,,21838,1,,,1,30,,21843,1,,,1,70,,21849,1,0,17,1,30,,21845,1,,,1,100,,21839,1,,,1,100,,21848,1,,,1,100,,21842,1,,,1,100,,21832,1,,,1,70,,21846,1,,,1,30,,21844,1,,,1,70,,21837,1,,,1,30,,21841,1,,,1,70,,21850,1,,,1,30,,21831,1,,,1,70,,21836,1,,,1,30,,21847,1,,,1
10601,'7',556,,21851,1,,,1,100,,21868,1,,,1,70,,21853,1,,,1,30,,21865,1,,,1,70,,21863,1,,,1,30,,21857,1,,,1,70,,21864,1,0,17,1,30,,21867,1,,,1,100,,21861,1,,,1,100,,21866,1,,,1,100,,21860,1,,,1,100,,21856,1,,,1,70,,21854,1,,,1,30,,21859,1,,,1,70,,21862,1,,,1,30,,21855,1,,,1,70,,21870,1,,,1,30,,21858,1,,,1,70,,21869,1,,,1,30,,21852,1,,,1
10601,'8',556,,21882,1,,,1,100,,21875,1,,,1,70,,21888,1,,,1,30,,21877,1,,,1,70,,21879,1,,,1,30,,21881,1,,,1,70,,21890,1,0,17,1,30,,21886,1,,,1,100,,21885,1,,,1,100,,21874,1,,,1,100,,21889,1,,,1,100,,21880,1,,,1,70,,21872,1,,,1,30,,21883,1,,,1,70,,21878,1,,,1,30,,21884,1,,,1,70,,21887,1,,,1,30,,21876,1,,,1,70,,21873,1,,,1,30,,21871,1,,,1
10601,'9',556,,21902,1,,,1,100,,21895,1,,,1,70,,21903,1,,,1,30,,21893,1,,,1,70,,21904,1,,,1,30,,21910,1,,,1,70,,21901,1,0,17,1,30,,21900,1,,,1,100,,21897,1,,,1,100,,21898,1,,,1,100,,21909,1,,,1,100,,21896,1,,,1,70,,21899,1,,,1,30,,21907,1,,,1,70,,21908,1,,,1,30,,21905,1,,,1,70,,21894,1,,,1,30,,21891,1,,,1,70,,21892,1,,,1,30,,21906,1,,,1
11200,'1',704,,24244,27,,,1,100,,24237,27,,,1,100,,24236,27,,,1,100,,24235,27,,,1,100,,24238,27,,,1,100,,24239,27,,,1,100,,24243,27,,,1,100,,24234,27,,,1,100,,24240,27,,,1,100,,24242,27,,,1,100,,24241,27,,,1
11200,'2',704,,24254,27,,,1,100,,24252,27,,,1,100,,24245,27,,,1,100,,24248,27,,,1,100,,24250,27,,,1,100,,24255,27,,,1,100,,24253,27,,,1,100,,24247,27,,,1,100,,24249,27,,,1,100,,24251,27,,,1,100,,24246,27,,,1
11200,'3',704,,24258,27,,,1,100,,24266,27,,,1,100,,24264,27,,,1,100,,24260,27,,,1,100,,24259,27,,,1,100,,24257,27,,,1,100,,24265,27,,,1,100,,24261,27,,,1,100,,24262,27,,,1,100,,24256,27,,,1,100,,24263,27,,,1
11200,'4',704,,24274,27,,,1,100,,24272,27,,,1,100,,24273,27,,,1,100,,24275,27,,,1,100,,24277,27,,,1,100,,24267,27,,,1,100,,24276,27,,,1,100,,24268,27,,,1,100,,24270,27,,,1,100,,24271,27,,,1,100,,24269,27,,,1
11200,'5',704,,24281,27,,,1,100,,24282,27,,,1,100,,24287,27,,,1,100,,24278,27,,,1,100,,24279,27,,,1,100,,24280,27,,,1,100,,24286,27,,,1,100,,24288,27,,,1,100,,24284,27,,,1,100,,24285,27,,,1,100,,24283,27,,,1
11200,'7',704,,24290,27,,,1,100,,24294,27,,,1,100,,24295,27,,,1,100,,24296,27,,,1,100,,24291,27,,,1,100,,24299,27,,,1,100,,24293,27,,,1,100,,24297,27,,,1,100,,24289,27,,,1,100,,24298,27,,,1,100,,24292,27,,,1
11200,'8',704,,24308,27,,,1,100,,24301,27,,,1,100,,24304,27,,,1,100,,24307,27,,,1,100,,24305,27,,,1,100,,24310,27,,,1,100,,24300,27,,,1,100,,24302,27,,,1,100,,24303,27,,,1,100,,24306,27,,,1,100,,24309,27,,,1
11200,'9',704,,24320,27,,,1,100,,24311,27,,,1,100,,24315,27,,,1,100,,24319,27,,,1,100,,24317,27,,,1,100,,24316,27,,,1,100,,24312,27,,,1,100,,24314,27,,,1,100,,24321,27,,,1,100,,24318,27,,,1,100,,24313,27,,,1
20600,'1',1828,,27467,25,4,,1,30,,27459,25,4,,1,70,,27463,25,4,,1,30,,27464,25,4,,1,70,,27458,25,4,,1,30,,27460,25,4,,1,70,,27466,25,4,,1,30,,27462,25,4,,1,70,,27465,25,4,,1,30,,27461,25,4,,1
20600,'10',751,,18923,25,4,,1,70,,27477,25,4,,1,30,,27486,25,4,,1,70,,27470,25,4,,1,30,,27482,25,4,,1,70,,27488,25,4,,1,30,,27491,25,4,,1,70,,27492,25,4,,1,30,,27474,25,4,,1,70,,27473,25,4,,1,30,,27484,25,4,,1,70,,27479,25,4,,1,30,,27472,25,4,,1,70,,27468,25,4,,1,30,,27480,25,4,,1,70,,27489,25,4,,1,30,,27485,25,4,,1,70,,27476,25,4,,1,30,,27475,25,4,,1,70,,27481,25,4,,1,30,,27478,25,4,,1,70,,27487,25,4,,1,30,,27471,25,4,,1,71,,27483,25,4,,1,30,,27490,25,4,,1,70,,27469,25,4,,1
20600,'11',751,,27493,25,4,,1,70,,27515,25,4,,1,30,,27512,25,4,,1,70,,27506,25,4,,1,30,,27495,25,4,,1,70,,27504,25,4,,1,30,,27507,25,4,,1,70,,27518,25,4,,1,30,,27496,25,4,,1,70,,27498,25,4,,1,30,,27508,25,4,,1,70,,27509,25,4,,1,30,,27502,25,4,,1,70,,27511,25,4,,1,30,,27510,25,4,,1,70,,27497,25,4,,1,30,,27494,25,4,,1,70,,27513,25,4,,1,30,,27500,25,4,,1,70,,27516,25,4,,1,30,,27503,25,4,,1,70,,27514,25,4,,1,30,,27505,25,4,,1,71,,27501,25,4,,1,30,,27499,25,4,,1,70,,27517,25,4,,1
20600,'2',1828,,27521,25,4,,1,30,,27528,25,4,,1,70,,27526,25,4,,1,30,,27522,25,4,,1,70,,27519,25,4,,1,30,,27525,25,4,,1,70,,27520,25,4,,1,30,,27527,25,4,,1,70,,27524,25,4,,1,30,,27523,25,4,,1
20600,'3',1828,,27532,25,4,,1,30,,27530,25,4,,1,70,,27533,25,4,,1,30,,27535,25,4,,1,70,,27531,25,4,,1,30,,27537,25,4,,1,70,,27536,25,4,,1,30,,27529,25,4,,1,70,,27534,25,4,,1,30,,27538,25,4,,1
20600,'4',1828,,27539,25,4,,1,30,,27547,25,4,,1,70,,27541,25,4,,1,30,,27544,25,4,,1,70,,27543,25,4,,1,30,,27546,25,4,,1,70,,27545,25,4,,1,30,,27548,25,4,,1,70,,27540,25,4,,1,30,,27542,25,4,,1
20600,'5',1828,,27550,25,4,,1,30,,27555,25,4,,1,70,,27558,25,4,,1,30,,27549,25,4,,1,70,,27551,25,4,,1,30,,27556,25,4,,1,70,,27554,25,4,,1,30,,27552,25,4,,1,70,,27557,25,4,,1,30,,27553,25,4,,1
20600,'6',751,,27575,25,4,,1,70,,27571,25,4,,1,30,,27579,25,4,,1,70,,27584,25,4,,1,30,,27562,25,4,,1,70,,27578,25,4,,1,30,,27566,25,4,,1,70,,27570,25,4,,1,30,,27563,25,4,,1,70,,27559,25,4,,1,30,,27582,25,4,,1,70,,27560,25,4,,1,30,,27567,25,4,,1,70,,27577,25,4,,1,30,,27561,25,4,,1,70,,27583,25,4,,1,30,,27574,25,4,,1,70,,27573,25,4,,1,30,,27564,25,4,,1,70,,27581,25,4,,1,30,,27572,25,4,,1,70,,27565,25,4,,1,30,,27569,25,4,,1,71,,27568,25,4,,1,30,,27580,25,4,,1,70,,27576,25,4,,1
20600,'7',1828,,27586,25,4,,1,30,,27589,25,4,,1,70,,27591,25,4,,1,30,,27593,25,4,,1,70,,27592,25,4,,1,30,,27588,25,4,,1,70,,27585,25,4,,1,30,,27590,25,4,,1,70,,27594,25,4,,1,30,,27587,25,4,,1
20600,'8',1828,,27601,25,4,,1,30,,27596,25,4,,1,70,,27600,25,4,,1,30,,27595,25,4,,1,70,,27604,25,4,,1,30,,27598,25,4,,1,70,,27603,25,4,,1,30,,27599,25,4,,1,70,,27602,25,4,,1,30,,27597,25,4,,1
20600,'9',1828,,27608,25,4,,1,30,,27611,25,4,,1,70,,27614,25,4,,1,30,,27607,25,4,,1,70,,27609,25,4,,1,30,,27613,25,4,,1,70,,27610,25,4,,1,30,,27605,25,4,,1,70,,27612,25,4,,1,30,,27606,25,4,,1
20601,'1',1829,,27629,1,,,1,30,,27630,1,,,1,70,,27615,1,,,1,30,,27624,1,,,1,70,,27625,1,,,1,30,,27633,1,,,1,70,,27623,1,,,1,30,,27626,1,,,1,70,,27628,1,,,1,30,,27631,1,,,1
20601,'10',656,,27668,1,,,1,70,,27673,1,,,1,30,,27638,1,,,1,70,,27680,1,,,1,30,,27657,1,,,1,70,,27635,1,,,1,30,,27672,1,,,1,70,,27642,1,,,1,30,,27650,1,,,1,70,,27653,1,,,1,30,,27656,1,,,1,70,,27675,1,,,1,30,,27682,1,,,1,70,,27647,1,,,1,30,,27665,1,,,1,70,,27688,1,,,1,30,,27640,1,,,1,70,,27684,1,,,1,30,,27636,1,,,1,70,,27644,1,,,1,30,,27681,1,,,1,70,,27671,1,,,1,30,,19502,1,,,1,70,,27679,1,,,1,30,,27639,1,,,1,70,,27646,1,,,1,30,,27651,1,,,1,70,,27661,1,,,1
20601,'11',656,,27723,1,,,1,70,,27699,1,,,1,30,,27707,1,,,1,70,,27727,1,,,1,30,,27744,1,,,1,70,,27736,1,,,1,30,,27717,1,,,1,70,,27742,1,,,1,30,,27712,1,,,1,70,,27701,1,,,1,30,,27719,1,,,1,70,,27713,1,,,1,30,,27694,1,,,1,70,,27725,1,,,1,30,,27709,1,,,1,70,,27704,1,,,1,30,,27695,1,,,1,70,,27690,1,,,1,30,,27692,1,,,1,70,,27739,1,,,1,30,,27737,1,,,1,70,,27735,1,,,1,30,,27711,1,,,1,70,,27729,1,,,1,30,,27705,1,,,1,70,,27743,1,,,1,30,,27698,1,,,1,70,,27741,1,,,1
20601,'2',1829,,27754,1,,,1,30,,27751,1,,,1,70,,18171,1,,,1,30,,27760,1,,,1,70,,27756,1,,,1,30,,27762,1,,,1,70,,27759,1,,,1,30,,27747,1,,,1,70,,27757,1,,,1,30,,27749,1,,,1
20601,'3',1829,,27774,1,,,1,30,,27769,1,,,1,70,,27767,1,,,1,30,,27764,1,,,1,70,,27777,1,,,1,30,,27782,1,,,1,70,,27781,1,,,1,30,,27772,1,,,1,70,,27780,1,,,1,30,,27775,1,,,1
20601,'4',1829,,27787,1,,,1,30,,27798,1,,,1,70,,27800,1,,,1,30,,27797,1,,,1,70,,27792,1,,,1,30,,27786,1,,,1,70,,27801,1,,,1,30,,27784,1,,,1,70,,27790,1,,,1,30,,27802,1,,,1
20601,'5',1829,,27805,1,,,1,30,,27823,1,,,1,70,,27811,1,,,1,30,,27809,1,,,1,70,,27806,1,,,1,30,,27818,1,,,1,70,,27817,1,,,1,30,,27821,1,,,1,70,,27807,1,,,1,30,,27813,1,,,1
20601,'6',656,,27869,1,,,1,70,,27865,1,,,1,30,,27863,1,,,1,70,,27827,1,,,1,30,,27844,1,,,1,70,,27842,1,,,1,30,,27873,1,,,1,70,,27828,1,,,1,30,,27874,1,,,1,70,,27829,1,,,1,30,,27868,1,,,1,70,,27847,1,,,1,30,,27839,1,,,1,70,,27879,1,,,1,30,,27867,1,,,1,70,,27825,1,,,1,30,,27862,1,,,1,70,,27860,1,,,1,30,,27871,1,,,1,70,,27831,1,,,1,30,,27857,1,,,1,70,,27872,1,,,1,30,,27856,1,,,1,70,,27878,1,,,1,30,,27834,1,,,1,70,,27835,1,,,1,30,,27837,1,,,1,70,,27876,1,,,1
20601,'7',1829,,27888,1,,,1,30,,27885,1,,,1,70,,27897,1,,,1,30,,27890,1,,,1,70,,27896,1,,,1,30,,27886,1,,,1,70,,27882,1,,,1,30,,27895,1,,,1,70,,27893,1,,,1,30,,27898,1,,,1
20601,'8',1829,,27901,1,,,1,30,,27909,1,,,1,70,,27905,1,,,1,30,,27913,1,,,1,70,,27906,1,,,1,30,,27917,1,,,1,70,,27918,1,,,1,30,,27902,1,,,1,70,,27900,1,,,1,30,,27907,1,,,1
20601,'9',1829,,27920,1,,,1,30,,27936,1,,,1,70,,27928,1,,,1,30,,27939,1,,,1,70,,27937,1,,,1,30,,27923,1,,,1,70,,27925,1,,,1,30,,27935,1,,,1,70,,27931,1,,,1,30,,27930,1,,,1
