10101,'1',651,,19889,20,,,1,70,,19898,20,,,1,30,,19892,20,,,1,70,,19890,20,,,1,30,,19901,20,,,1,70,,19887,20,,,1,30,,19897,20,,,1,100,,19900,20,,,1,100,,19886,20,,,1,100,,19903,20,,,1,100,,19896,20,,,1,102,,19902,20,,,1,70,,19888,20,,,1,30,,19899,20,,,1,70,,19894,20,,,1,30,,19891,20,,,1,70,,19893,20,,,1,30,,19895,20,,,1
10101,'2',651,,19909,20,,,1,70,,19915,20,,,1,30,,19912,20,,,1,70,,19919,20,,,1,30,,19907,20,,,1,70,,19911,20,,,1,30,,19913,20,,,1,100,,19908,20,,,1,100,,19904,20,,,1,100,,19920,20,,,1,100,,19906,20,,,1,102,,19917,20,,,1,70,,19910,20,,,1,30,,19914,20,,,1,70,,18685,20,,,1,30,,19916,20,,,1,70,,19905,20,,,1,30,,19918,20,,,1
10101,'3',651,,19933,20,,,1,70,,19937,20,,,1,30,,19930,20,,,1,70,,19923,20,,,1,30,,19931,20,,,1,70,,19927,20,,,1,30,,19921,20,,,1,100,,19935,20,,,1,100,,19928,20,,,1,100,,19932,20,,,1,100,,19926,20,,,1,102,,19934,20,,,1,70,,19925,20,,,1,30,,19936,20,,,1,70,,19938,20,,,1,30,,19922,20,,,1,70,,19929,20,,,1,30,,19924,20,,,1
10101,'4',651,,19945,20,,,1,70,,19949,20,,,1,30,,19943,20,,,1,70,,19942,20,,,1,30,,19948,20,,,1,70,,19939,20,,,1,30,,19950,20,,,1,100,,19941,20,,,1,100,,19954,20,,,1,100,,19955,20,,,1,100,,19940,20,,,1,102,,19947,20,,,1,70,,19944,20,,,1,30,,19952,20,,,1,70,,19956,20,,,1,30,,19946,20,,,1,70,,19951,20,,,1,30,,19953,20,,,1
10101,'5',651,,19963,20,,,1,70,,19959,20,,,1,30,,19961,20,,,1,70,,19965,20,,,1,30,,19962,20,,,1,70,,19967,20,,,1,30,,19968,20,,,1,100,,19964,20,,,1,100,,19957,20,,,1,100,,19958,20,,,1,100,,19969,20,,,1,102,,19974,20,,,1,70,,19972,20,,,1,30,,19970,20,,,1,70,,19960,20,,,1,30,,19973,20,,,1,70,,19966,20,,,1,30,,19971,20,,,1
10101,'7',651,,19992,20,,,1,70,,19982,20,,,1,30,,19978,20,,,1,70,,19988,20,,,1,30,,19984,20,,,1,70,,19990,20,,,1,30,,19989,20,,,1,100,,19983,20,,,1,100,,19980,20,,,1,100,,19975,20,,,1,100,,19977,20,,,1,102,,19985,20,,,1,70,,19986,20,,,1,30,,19987,20,,,1,70,,19991,20,,,1,30,,19976,20,,,1,70,,19979,20,,,1,30,,19981,20,,,1
10101,'8',651,,20005,20,,,1,70,,19995,20,,,1,30,,20002,20,,,1,70,,20001,20,,,1,30,,20003,20,,,1,70,,20008,20,,,1,30,,19994,20,,,1,100,,19997,20,,,1,100,,20006,20,,,1,100,,19993,20,,,1,100,,19996,20,,,1,102,,19998,20,,,1,70,,20010,20,,,1,30,,20004,20,,,1,70,,20007,20,,,1,30,,19999,20,,,1,70,,20009,20,,,1,30,,20000,20,,,1
10101,'9',651,,20018,20,,,1,70,,20015,20,,,1,30,,20013,20,,,1,70,,20011,20,,,1,30,,20027,20,,,1,70,,20028,20,,,1,30,,20022,20,,,1,100,,20025,20,,,1,100,,20021,20,,,1,100,,20023,20,,,1,100,,20014,20,,,1,102,,20020,20,,,1,70,,20019,20,,,1,30,,20016,20,,,1,70,,20026,20,,,1,30,,20012,20,,,1,70,,20024,20,,,1,30,,20017,20,,,1
10601,'1',619,,21756,29,,,1,100,,21766,29,,,1,30,,21752,29,,,1,70,,21767,29,,,1,30,,21760,29,,,1,70,,21758,29,,,1,100,,21755,29,,,1,100,,21757,29,,,1,100,,21764,29,,,1,100,,18489,29,,,1,100,,21759,29,,,1,30,,21765,29,,,1,70,,21763,29,,,1,30,,21753,29,,,1,70,,21770,29,,,1,30,,21769,29,,,1,70,,21761,29,,,1,30,,21762,29,,,1,70,,21768,29,,,1
10601,'2',619,,21775,29,,,1,100,,21776,29,,,1,30,,21790,29,,,1,70,,21780,29,,,1,30,,21788,29,,,1,70,,21784,29,,,1,100,,21782,29,,,1,100,,21787,29,,,1,100,,21786,29,,,1,100,,21771,29,,,1,100,,21779,29,,,1,30,,21773,29,,,1,70,,21772,29,,,1,30,,21785,29,,,1,70,,21777,29,,,1,30,,21781,29,,,1,70,,21783,29,,,1,30,,21789,29,,,1,70,,21774,29,,,1
10601,'3',619,,21802,29,,,1,100,,21803,29,,,1,30,,21799,29,,,1,70,,21797,29,,,1,30,,21795,29,,,1,70,,21798,29,,,1,100,,21793,29,,,1,100,,21808,29,,,1,100,,21805,29,,,1,100,,21810,29,,,1,100,,21792,29,,,1,30,,21807,29,,,1,70,,21800,29,,,1,30,,21791,29,,,1,70,,21794,29,,,1,30,,21806,29,,,1,70,,21796,29,,,1,30,,21809,29,,,1,70,,21801,29,,,1
10601,'4',619,,21812,29,,,1,100,,21818,29,,,1,30,,21822,29,,,1,70,,21820,29,,,1,30,,21828,29,,,1,70,,21830,29,,,1,100,,21815,29,,,1,100,,21821,29,,,1,100,,21814,29,,,1,100,,21816,29,,,1,100,,21826,29,,,1,30,,21825,29,,,1,70,,21823,29,,,1,30,,21813,29,,,1,70,,21829,29,,,1,30,,21824,29,,,1,70,,21811,29,,,1,30,,21817,29,,,1,70,,21827,29,,,1
10601,'5',619,,21840,29,,,1,100,,21834,29,,,1,30,,21835,29,,,1,70,,21833,29,,,1,30,,21838,29,,,1,70,,21843,29,,,1,100,,21845,29,,,1,100,,21839,29,,,1,100,,21848,29,,,1,100,,21842,29,,,1,100,,21832,29,,,1,30,,21846,29,,,1,70,,21844,29,,,1,30,,21837,29,,,1,70,,21841,29,,,1,30,,21850,29,,,1,70,,21831,29,,,1,30,,21836,29,,,1,70,,21847,29,,,1
10601,'7',619,,21851,29,,,1,100,,21868,29,,,1,30,,21853,29,,,1,70,,21865,29,,,1,30,,21863,29,,,1,70,,21857,29,,,1,100,,21867,29,,,1,100,,21861,29,,,1,100,,21866,29,,,1,100,,21860,29,,,1,100,,21856,29,,,1,30,,21854,29,,,1,70,,21859,29,,,1,30,,21862,29,,,1,70,,21855,29,,,1,30,,21870,29,,,1,70,,21858,29,,,1,30,,21869,29,,,1,70,,21852,29,,,1
10601,'8',619,,21882,29,,,1,100,,21875,29,,,1,30,,21888,29,,,1,70,,21877,29,,,1,30,,21879,29,,,1,70,,21881,29,,,1,100,,21886,29,,,1,100,,21885,29,,,1,100,,21874,29,,,1,100,,21889,29,,,1,100,,21880,29,,,1,30,,21872,29,,,1,70,,21883,29,,,1,30,,21878,29,,,1,70,,21884,29,,,1,30,,21887,29,,,1,70,,21876,29,,,1,30,,21873,29,,,1,70,,21871,29,,,1
10601,'9',619,,21902,29,,,1,100,,21895,29,,,1,30,,21903,29,,,1,70,,21893,29,,,1,30,,21904,29,,,1,70,,21910,29,,,1,100,,21900,29,,,1,100,,21897,29,,,1,100,,21898,29,,,1,100,,21909,29,,,1,100,,21896,29,,,1,30,,21899,29,,,1,70,,21907,29,,,1,30,,21908,29,,,1,70,,21905,29,,,1,30,,21894,29,,,1,70,,21891,29,,,1,30,,21892,29,,,1,70,,21906,29,,,1
20601,'1',1852,,27627,19,,,1,70,,27616,19,,,1,30,,27620,19,,,1,70,,27617,19,,,1,30,,27619,19,,,1,70,,27618,19,,,1,30,,27632,19,,,1,70,,27634,19,,,1,30,,27621,19,,,1,70,,27622,19,,,1
20601,'10',719,,27674,19,,,1,30,,16663,19,,,1,70,,27664,19,,,1,30,,27670,19,,,1,70,,27659,19,,,1,30,,27678,19,,,1,70,,27666,19,,,1,30,,27667,19,,,1,70,,27683,19,,,1,30,,27648,19,,,1,70,,27655,19,,,1,30,,27677,19,,,1,70,,27662,19,,,1,30,,27658,19,,,1,70,,27669,19,,,1,30,,27637,19,,,1,70,,27685,19,,,1,30,,27660,19,,,1,70,,27649,19,,,1,30,,27641,19,,,1,70,,27686,19,,,1,30,,27676,19,,,1,70,,27645,19,,,1,30,,27663,19,,,1,72,,27643,19,,,1,28,,27654,19,,,1,70,,27687,19,,,1,30,,27652,19,,,1
20601,'11',719,,27696,19,,,1,30,,27718,19,,,1,70,,27710,19,,,1,30,,27720,19,,,1,70,,27716,19,,,1,30,,27693,19,,,1,70,,27730,19,,,1,30,,27731,19,,,1,70,,27715,19,,,1,30,,27721,19,,,1,70,,27708,19,,,1,30,,27728,19,,,1,70,,27738,19,,,1,30,,27691,19,,,1,70,,27722,19,,,1,30,,27697,19,,,1,70,,27689,19,,,1,30,,27732,19,,,1,70,,27706,19,,,1,30,,27740,19,,,1,70,,27734,19,,,1,30,,27703,19,,,1,70,,27714,19,,,1,30,,27700,19,,,1,72,,27724,19,,,1,28,,27726,19,,,1,70,,27702,19,,,1,30,,27733,19,,,1
20601,'2',1852,,27746,19,,,1,70,,27750,19,,,1,30,,27752,19,,,1,70,,27753,19,,,1,30,,27763,19,,,1,70,,27755,19,,,1,30,,27761,19,,,1,70,,27758,19,,,1,30,,27745,19,,,1,70,,27748,19,,,1
20601,'3',1852,,27766,19,,,1,70,,27783,19,,,1,30,,27776,19,,,1,70,,27779,19,,,1,30,,27765,19,,,1,70,,27768,19,,,1,30,,27771,19,,,1,70,,27778,19,,,1,30,,27773,19,,,1,70,,27770,19,,,1
20601,'4',1852,,27791,19,,,1,70,,27795,19,,,1,30,,27789,19,,,1,70,,27793,19,,,1,30,,27796,19,,,1,70,,27803,19,,,1,30,,27785,19,,,1,70,,27799,19,,,1,30,,27794,19,,,1,70,,27788,19,,,1
20601,'5',1852,,27808,19,,,1,70,,27820,19,,,1,30,,27816,19,,,1,70,,27804,19,,,1,30,,27822,19,,,1,70,,27815,19,,,1,30,,27810,19,,,1,70,,27812,19,,,1,30,,27819,19,,,1,70,,27814,19,,,1
20601,'6',719,,27854,19,,,1,30,,27858,19,,,1,70,,27855,19,,,1,30,,27838,19,,,1,70,,27824,19,,,1,30,,27843,19,,,1,70,,27875,19,,,1,30,,27850,19,,,1,70,,27851,19,,,1,30,,27833,19,,,1,70,,27866,19,,,1,30,,27841,19,,,1,70,,27870,19,,,1,30,,27849,19,,,1,70,,27846,19,,,1,30,,27836,19,,,1,70,,27852,19,,,1,30,,27848,19,,,1,70,,27845,19,,,1,30,,27859,19,,,1,70,,27830,19,,,1,30,,27840,19,,,1,70,,27861,19,,,1,30,,27832,19,,,1,72,,27877,19,,,1,28,,27826,19,,,1,70,,27864,19,,,1,30,,27853,19,,,1
20601,'7',1852,,27881,19,,,1,70,,27884,19,,,1,30,,27889,19,,,1,70,,27892,19,,,1,30,,27894,19,,,1,70,,27883,19,,,1,30,,27880,19,,,1,70,,27891,19,,,1,30,,27887,19,,,1,70,,27899,19,,,1
20601,'8',1852,,27912,19,,,1,70,,27916,19,,,1,30,,27910,19,,,1,70,,27904,19,,,1,30,,27914,19,,,1,70,,27919,19,,,1,30,,27908,19,,,1,70,,27911,19,,,1,30,,27915,19,,,1,70,,27903,19,,,1
20601,'9',1852,,27929,19,,,1,70,,27932,19,,,1,30,,27922,19,,,1,70,,27938,19,,,1,30,,27927,19,,,1,70,,27924,19,,,1,30,,27926,19,,,1,70,,27933,19,,,1,30,,27934,19,,,1,70,,27921,19,,,1
