10500,'1',554,,21026,13,,,1,100,,21028,13,,,1,70,,21052,13,,,1,30,,21025,13,,,1,70,,21044,13,,,1,30,,21030,13,,,1,70,,21024,13,,,1,30,,21056,13,,,1,100,,21037,13,,,1,100,,21027,13,,,1,100,,21049,13,,,1,100,,21029,13,,,1,100,,21050,13,,,1,70,,21021,13,,,1,30,,21043,13,,,1,70,,21055,13,,,1,30,,18649,13,,,1,70,,21039,13,,,1,30,,21038,13,,,1
10500,'2',554,,21078,13,,,1,100,,21092,13,,,1,70,,21069,13,,,1,30,,21086,13,,,1,70,,21074,13,,,1,30,,21058,13,,,1,70,,21059,13,,,1,30,,21064,13,,,1,100,,21062,13,,,1,100,,21057,13,,,1,100,,21083,13,,,1,100,,21075,13,,,1,100,,21085,13,,,1,70,,21072,13,,,1,30,,21088,13,,,1,70,,21068,13,,,1,30,,21063,13,,,1,70,,21070,13,,,1,30,,21084,13,,,1
10500,'3',554,,21094,13,,,1,100,,21109,13,,,1,70,,21114,13,,,1,30,,21113,13,,,1,70,,21123,13,,,1,30,,21120,13,,,1,70,,21122,13,,,1,30,,21110,13,,,1,100,,21111,13,,,1,100,,21095,13,,,1,100,,21126,13,,,1,100,,21100,13,,,1,100,,21119,13,,,1,70,,21093,13,,,1,30,,21101,13,,,1,70,,21097,13,,,1,30,,21112,13,,,1,70,,21096,13,,,1,30,,21129,13,,,1
10500,'4',554,,21138,13,,,1,100,,21148,13,,,1,70,,21133,13,,,1,30,,21146,13,,,1,70,,21164,13,,,1,30,,21156,13,,,1,70,,21140,13,,,1,30,,21161,13,,,1,100,,21151,13,,,1,100,,21144,13,,,1,100,,21142,13,,,1,100,,21166,13,,,1,100,,21147,13,,,1,70,,21136,13,,,1,30,,21149,13,,,1,70,,21163,13,,,1,30,,21167,13,,,1,70,,21141,13,,,1,30,,21132,13,,,1
10500,'5',554,,21169,13,,,1,100,,21183,13,,,1,70,,21197,13,,,1,30,,21170,13,,,1,70,,21179,13,,,1,30,,21175,13,,,1,70,,21182,13,,,1,30,,21192,13,,,1,100,,21206,13,,,1,100,,21191,13,,,1,100,,21188,13,,,1,100,,21202,13,,,1,100,,21199,13,,,1,70,,21186,13,,,1,30,,21203,13,,,1,70,,21189,13,,,1,30,,21195,13,,,1,70,,21177,13,,,1,30,,21181,13,,,1
10500,'7',554,,21214,13,,,1,100,,21240,13,,,1,70,,21238,13,,,1,30,,21226,13,,,1,70,,21221,13,,,1,30,,21216,13,,,1,70,,21224,13,,,1,30,,21232,13,,,1,100,,21230,13,,,1,100,,21212,13,,,1,100,,21241,13,,,1,100,,21228,13,,,1,100,,21217,13,,,1,70,,21219,13,,,1,30,,21233,13,,,1,70,,21215,13,,,1,30,,21231,13,,,1,70,,21239,13,,,1,30,,21242,13,,,1
10500,'8',554,,21269,13,,,1,100,,21258,13,,,1,70,,21265,13,,,1,30,,21280,13,,,1,70,,21281,13,,,1,30,,21271,13,,,1,70,,21251,13,,,1,30,,21277,13,,,1,100,,21273,13,,,1,100,,21266,13,,,1,100,,21246,13,,,1,100,,21245,13,,,1,100,,21259,13,,,1,70,,21248,13,,,1,30,,21274,13,,,1,70,,21264,13,,,1,30,,21276,13,,,1,70,,21270,13,,,1,30,,21263,13,,,1
10500,'9',554,,21320,13,,,1,100,,21298,13,,,1,70,,21288,13,,,1,30,,21305,13,,,1,70,,21297,13,,,1,30,,21316,13,,,1,70,,21302,13,,,1,30,,21306,13,,,1,100,,21284,13,,,1,100,,21286,13,,,1,100,,21289,13,,,1,100,,21290,13,,,1,100,,21287,13,,,1,70,,21296,13,,,1,30,,21308,13,,,1,70,,21318,13,,,1,30,,21313,13,,,1,70,,21283,13,,,1,30,,21285,13,,,1
20500,'1',1853,,27166,13,,,1,100,,27168,13,,,1,100,,27167,13,,,1,100,,27169,13,,,1
20500,'10',653,,27194,13,,,1,100,,27174,13,,,1,100,,27184,13,,,1,100,,27186,13,,,1,100,,27192,13,,,1,100,,27173,13,,,1,100,,27188,13,,,1,100,,27181,13,,,1,100,,27191,13,,,1,100,,27179,13,,,1,100,,27197,13,,,1,100,,27189,13,,,1,100,,27193,13,,,1,100,,27172,13,,,1
20500,'11',653,,27207,13,,,1,100,,27199,13,,,1,100,,27211,13,,,1,100,,27219,13,,,1,100,,27202,13,,,1,100,,27203,13,,,1,100,,27212,13,,,1,100,,27205,13,,,1,100,,27225,13,,,1,100,,27206,13,,,1,100,,27217,13,,,1,100,,27208,13,,,1,100,,27204,13,,,1,100,,27222,13,,,1
20500,'2',1853,,27228,13,,,1,100,,27229,13,,,1,100,,27231,13,,,1,100,,27232,13,,,1
20500,'3',1853,,27238,13,,,1,100,,27236,13,,,1,100,,27242,13,,,1,100,,27239,13,,,1
20500,'4',1853,,27249,13,,,1,100,,27250,13,,,1,100,,27244,13,,,1,100,,27245,13,,,1
20500,'5',1853,,27252,13,,,1,100,,27258,13,,,1,100,,27257,13,,,1,100,,27255,13,,,1
20500,'6',653,,27271,13,,,1,100,,27266,13,,,1,100,,27267,13,,,1,100,,27269,13,,,1,100,,27274,13,,,1,100,,27264,13,,,1,100,,27273,13,,,1,100,,27276,13,,,1,100,,27282,13,,,1,100,,27265,13,,,1,100,,27260,13,,,1,100,,27278,13,,,1,100,,27259,13,,,1,100,,27270,13,,,1
20500,'7',1853,,27294,13,,,1,100,,27289,13,,,1,100,,27293,13,,,1,100,,27290,13,,,1
20500,'8',1853,,27296,13,,,1,100,,27300,13,,,1,100,,27301,13,,,1,100,,27295,13,,,1
20500,'9',1853,,27310,13,,,1,100,,27303,13,,,1,100,,27306,13,,,1,100,,27304,13,,,1
