10100,'1',708,,19742,15,,,1,30,,19743,15,,,1,70,,19746,15,,,1,30,,19744,15,,,1,70,,19757,15,,,1,30,,19748,15,,,1,70,,19756,15,,,1,100,,19758,15,,,1,100,,19751,15,,,1,100,,19749,15,,,1,100,,19750,15,,,1,100,,19745,15,,,1,30,,19755,15,,,1,70,,19753,15,,,1,30,,19759,15,,,1,70,,19747,15,,,1,30,,19754,15,,,1,70,,19752,15,,,1
10100,'2',708,,19776,15,,,1,30,,19773,15,,,1,70,,19772,15,,,1,30,,19767,15,,,1,70,,19766,15,,,1,30,,19760,15,,,1,70,,19768,15,,,1,100,,19761,15,,,1,100,,19774,15,,,1,100,,19762,15,,,1,100,,19763,15,,,1,100,,19777,15,,,1,30,,19765,15,,,1,70,,19771,15,,,1,30,,19769,15,,,1,70,,19764,15,,,1,30,,19775,15,,,1,70,,19770,15,,,1
10100,'3',708,,19793,15,,,1,30,,19780,15,,,1,70,,19785,15,,,1,30,,19783,15,,,1,70,,19789,15,,,1,30,,19788,15,,,1,70,,19795,15,,,1,100,,19792,15,,,1,100,,19778,15,,,1,100,,19781,15,,,1,100,,19784,15,,,1,100,,19787,15,,,1,30,,19794,15,,,1,70,,19779,15,,,1,30,,19791,15,,,1,70,,19782,15,,,1,30,,19790,15,,,1,70,,19786,15,,,1
10100,'4',708,,19808,15,,,1,30,,19807,15,,,1,70,,19812,15,,,1,30,,19799,15,,,1,70,,19805,15,,,1,30,,19797,15,,,1,70,,19803,15,,,1,100,,19800,15,,,1,100,,19810,15,,,1,100,,19806,15,,,1,100,,19798,15,,,1,100,,19813,15,,,1,30,,19802,15,,,1,70,,19796,15,,,1,30,,19809,15,,,1,70,,19801,15,,,1,30,,19804,15,,,1,70,,19811,15,,,1
10100,'5',708,,19815,15,,,1,30,,19831,15,,,1,70,,19816,15,,,1,30,,19825,15,,,1,70,,19827,15,,,1,30,,19828,15,,,1,70,,19824,15,,,1,100,,19818,15,,,1,100,,19826,15,,,1,100,,19817,15,,,1,100,,19820,15,,,1,100,,19822,15,,,1,30,,19830,15,,,1,70,,19819,15,,,1,30,,19823,15,,,1,70,,19814,15,,,1,30,,19829,15,,,1,70,,19821,15,,,1
10100,'7',708,,19832,15,,,1,30,,19845,15,,,1,70,,19843,15,,,1,30,,19839,15,,,1,70,,19841,15,,,1,30,,19836,15,,,1,70,,19833,15,,,1,100,,19847,15,,,1,100,,19834,15,,,1,100,,19849,15,,,1,100,,19842,15,,,1,100,,19844,15,,,1,30,,19848,15,,,1,70,,19837,15,,,1,30,,19835,15,,,1,70,,19840,15,,,1,30,,19838,15,,,1,70,,19846,15,,,1
10100,'8',708,,19862,15,,,1,30,,19851,15,,,1,70,,19852,15,,,1,30,,19866,15,,,1,70,,19864,15,,,1,30,,19860,15,,,1,70,,19850,15,,,1,100,,19867,15,,,1,100,,19856,15,,,1,100,,19858,15,,,1,100,,19859,15,,,1,100,,19853,15,,,1,30,,19855,15,,,1,70,,19863,15,,,1,30,,19854,15,,,1,70,,19861,15,,,1,30,,19865,15,,,1,70,,19857,15,,,1
10100,'9',708,,19875,15,,,1,30,,19870,15,,,1,70,,19878,15,,,1,30,,19877,15,,,1,70,,19868,15,,,1,30,,19876,15,,,1,70,,19884,15,,,1,100,,19881,15,,,1,100,,19883,15,,,1,100,,19879,15,,,1,100,,19871,15,,,1,100,,19872,15,,,1,30,,19882,15,,,1,70,,19880,15,,,1,30,,19873,15,,,1,70,,19874,15,,,1,30,,19885,15,,,1,70,,19869,15,,,1
11100,'1',606,,23841,10,,,1,30,,23848,10,,,1,70,,23853,10,,,1,30,,23835,10,,,1,70,,23840,10,,,1,30,,23845,10,,,1,70,,23843,10,,,1,30,,23838,10,,,1,70,,23831,10,,,1,30,,23839,10,,,1,70,,23850,10,,,1,30,,23851,10,,,1,70,,23844,10,,,1,30,,23834,10,,,1,70,,23847,10,,,1,30,,23832,10,,,1,70,,23836,10,,,1,30,,18733,10,,,1,70,,23852,10,,,1,30,,23837,10,,,1,70,,18504,10,,,1,30,,23849,10,,,1,70,,23842,10,,,1,30,,23833,10,,,1,70,,23830,10,,,1,30,,23846,10,,,1
11100,'2',606,,16031,10,,,1,30,,23858,10,,,1,70,,23873,10,,,1,30,,23856,10,,,1,70,,23862,10,,,1,30,,23877,10,,,1,70,,23874,10,,,1,30,,23864,10,,,1,70,,23875,10,,,1,30,,23870,10,,,1,70,,23868,10,,,1,30,,23865,10,,,1,70,,23869,10,,,1,30,,23857,10,,,1,70,,23860,10,,,1,30,,23855,10,,,1,70,,23872,10,,,1,30,,23867,10,,,1,70,,23854,10,,,1,30,,23859,10,,,1,70,,23863,10,,,1,30,,23876,10,,,1,70,,18688,10,,,1,30,,23866,10,,,1,70,,23871,10,,,1,30,,23861,10,,,1
11100,'3',606,,23903,10,,,1,30,,23881,10,,,1,70,,23899,10,,,1,30,,23879,10,,,1,70,,23900,10,,,1,30,,23902,10,,,1,70,,23901,10,,,1,30,,23896,10,,,1,70,,23887,10,,,1,30,,23897,10,,,1,70,,23891,10,,,1,30,,23885,10,,,1,70,,23878,10,,,1,30,,23888,10,,,1,70,,23893,10,,,1,30,,23882,10,,,1,70,,23892,10,,,1,30,,23889,10,,,1,70,,23880,10,,,1,30,,23884,10,,,1,70,,23883,10,,,1,30,,23895,10,,,1,70,,23890,10,,,1,30,,23894,10,,,1,70,,23898,10,,,1,30,,23886,10,,,1
11100,'4',606,,23918,10,,,1,30,,23911,10,,,1,70,,23915,10,,,1,30,,23906,10,,,1,70,,23929,10,,,1,30,,23919,10,,,1,70,,23912,10,,,1,30,,23917,10,,,1,70,,23910,10,,,1,30,,23925,10,,,1,70,,23907,10,,,1,30,,23924,10,,,1,70,,23909,10,,,1,30,,23927,10,,,1,70,,23926,10,,,1,30,,23908,10,,,1,70,,23905,10,,,1,30,,23904,10,,,1,70,,23913,10,,,1,30,,23916,10,,,1,70,,23923,10,,,1,30,,23920,10,,,1,70,,23921,10,,,1,30,,23914,10,,,1,70,,23928,10,,,1,30,,23922,10,,,1
11100,'5',606,,23945,10,,,1,30,,23950,10,,,1,70,,23931,10,,,1,30,,23938,10,,,1,70,,23939,10,,,1,30,,23953,10,,,1,70,,23951,10,,,1,30,,23946,10,,,1,70,,23948,10,,,1,30,,23935,10,,,1,70,,23942,10,,,1,30,,23940,10,,,1,70,,23954,10,,,1,30,,23944,10,,,1,70,,23934,10,,,1,30,,23947,10,,,1,70,,23943,10,,,1,30,,23952,10,,,1,70,,23949,10,,,1,30,,23955,10,,,1,70,,23930,10,,,1,30,,23932,10,,,1,70,,23936,10,,,1,30,,23941,10,,,1,70,,23937,10,,,1,30,,23933,10,,,1
11100,'7',606,,23964,10,,,1,30,,23981,10,,,1,70,,23965,10,,,1,30,,23971,10,,,1,70,,23960,10,,,1,30,,23967,10,,,1,70,,23961,10,,,1,30,,23958,10,,,1,70,,23956,10,,,1,30,,23969,10,,,1,70,,23962,10,,,1,30,,23980,10,,,1,70,,23977,10,,,1,30,,23959,10,,,1,70,,23974,10,,,1,30,,23973,10,,,1,70,,23979,10,,,1,30,,23978,10,,,1,70,,23966,10,,,1,30,,23970,10,,,1,70,,23972,10,,,1,30,,23975,10,,,1,70,,23968,10,,,1,30,,23976,10,,,1,70,,23963,10,,,1,30,,23957,10,,,1
11100,'8',606,,23997,10,,,1,30,,23996,10,,,1,70,,23995,10,,,1,30,,23988,10,,,1,70,,23993,10,,,1,30,,23983,10,,,1,70,,23992,10,,,1,30,,24004,10,,,1,70,,24003,10,,,1,30,,23984,10,,,1,70,,24006,10,,,1,30,,23994,10,,,1,70,,24007,10,,,1,30,,24002,10,,,1,70,,24005,10,,,1,30,,23998,10,,,1,70,,23985,10,,,1,30,,24001,10,,,1,70,,23990,10,,,1,30,,23987,10,,,1,70,,23999,10,,,1,30,,24000,10,,,1,70,,23982,10,,,1,30,,23989,10,,,1,70,,23991,10,,,1,30,,23986,10,,,1
11100,'9',606,,24019,10,,,1,30,,24018,10,,,1,70,,24014,10,,,1,30,,24022,10,,,1,70,,24027,10,,,1,30,,24033,10,,,1,70,,24016,10,,,1,30,,24020,10,,,1,70,,24015,10,,,1,30,,24017,10,,,1,70,,24013,10,,,1,30,,24026,10,,,1,70,,24023,10,,,1,30,,24011,10,,,1,70,,24021,10,,,1,30,,24012,10,,,1,70,,24030,10,,,1,30,,24008,10,,,1,70,,24009,10,,,1,30,,24024,10,,,1,70,,24032,10,,,1,30,,24029,10,,,1,70,,24031,10,,,1,30,,24010,10,,,1,70,,24028,10,,,1,30,,24025,10,,,1
20300,'1',1906,,26519,11,,,1,30,,26514,11,,,1,70,,26516,11,,,1,30,,19313,11,,,1,70,,26513,11,,,1,30,,26517,11,,,1,70,,26515,11,,,1,30,,26512,11,,,1,70,,26518,11,,,1
20300,'10',736,,26525,11,,,1,70,,26536,11,,,1,30,,26521,11,,,1,70,,26546,11,,,1,30,,26545,11,,,1,70,,26529,11,,,1,30,,26544,11,,,1,70,,26526,11,,,1,30,,26530,11,,,1,70,,26531,11,,,1,30,,26528,11,,,1,70,,26537,11,,,1,30,,26523,11,,,1,70,,26527,11,,,1,30,,26520,11,,,1,70,,26542,11,,,1,30,,26524,11,,,1,70,,26533,11,,,1,30,,26540,11,,,1,70,,26522,11,,,1,30,,26538,11,,,1,70,,26532,11,,,1,30,,26543,11,,,1,70,,26534,11,,,1,30,,26535,11,,,1,70,,26541,11,,,1,30,,26539,11,,,1
20300,'11',736,,26571,11,,,1,70,,26558,11,,,1,30,,26572,11,,,1,70,,26553,11,,,1,30,,26573,11,,,1,70,,26547,11,,,1,30,,26561,11,,,1,70,,26560,11,,,1,30,,26569,11,,,1,70,,26549,11,,,1,30,,26566,11,,,1,70,,26554,11,,,1,30,,26550,11,,,1,70,,26551,11,,,1,30,,26556,11,,,1,70,,26548,11,,,1,30,,26564,11,,,1,70,,26563,11,,,1,30,,26559,11,,,1,70,,26555,11,,,1,30,,26562,11,,,1,70,,26552,11,,,1,30,,26557,11,,,1,70,,26567,11,,,1,30,,26565,11,,,1,70,,26570,11,,,1,30,,26568,11,,,1
20300,'2',1906,,26581,11,,,1,30,,26575,11,,,1,70,,26580,11,,,1,30,,26578,11,,,1,70,,26582,11,,,1,30,,26579,11,,,1,70,,26576,11,,,1,30,,26574,11,,,1,70,,26577,11,,,1
20300,'3',1906,,26585,11,,,1,30,,26589,11,,,1,70,,26586,11,,,1,30,,26590,11,,,1,70,,26583,11,,,1,30,,26591,11,,,1,70,,26584,11,,,1,30,,26587,11,,,1,70,,26588,11,,,1
20300,'4',1906,,26598,11,,,1,30,,26592,11,,,1,70,,26594,11,,,1,30,,26595,11,,,1,70,,26599,11,,,1,30,,26597,11,,,1,70,,26600,11,,,1,30,,26596,11,,,1,70,,26593,11,,,1
20300,'5',1906,,26607,11,,,1,30,,26601,11,,,1,70,,26606,11,,,1,30,,26604,11,,,1,70,,26609,11,,,1,30,,26605,11,,,1,70,,26602,11,,,1,30,,26603,11,,,1,70,,26608,11,,,1
20300,'6',736,,26622,11,,,1,70,,26636,11,,,1,30,,26628,11,,,1,70,,26621,11,,,1,30,,26616,11,,,1,70,,26618,11,,,1,30,,26619,11,,,1,70,,26624,11,,,1,30,,26611,11,,,1,70,,26625,11,,,1,30,,26617,11,,,1,70,,26633,11,,,1,30,,26614,11,,,1,70,,26610,11,,,1,30,,26630,11,,,1,70,,26612,11,,,1,30,,26634,11,,,1,70,,26623,11,,,1,30,,26627,11,,,1,70,,26615,11,,,1,30,,26631,11,,,1,70,,26635,11,,,1,30,,26620,11,,,1,70,,26626,11,,,1,30,,26632,11,,,1,70,,26629,11,,,1,30,,26613,11,,,1
20300,'7',1906,,26637,11,,,1,30,,26643,11,,,1,70,,26638,11,,,1,30,,26644,11,,,1,70,,26640,11,,,1,30,,26641,11,,,1,70,,26645,11,,,1,30,,26642,11,,,1,70,,26639,11,,,1
20300,'8',1906,,26650,11,,,1,30,,26652,11,,,1,70,,26649,11,,,1,30,,26654,11,,,1,70,,26646,11,,,1,30,,26648,11,,,1,70,,26651,11,,,1,30,,26647,11,,,1,70,,26653,11,,,1
20300,'9',1906,,26656,11,,,1,30,,26657,11,,,1,70,,26658,11,,,1,30,,26663,11,,,1,70,,26661,11,,,1,30,,26655,11,,,1,70,,26659,11,,,1,30,,26662,11,,,1,70,,26660,11,,,1
21100,'1',1906,,28653,10,,,1,30,,28657,10,,,1,70,,28658,10,,,1,30,,18236,10,,,1,70,,28652,10,,,1,30,,28651,10,,,1,70,,28656,10,,,1,30,,28655,10,,,1,70,,28654,10,,,1
21100,'10',736,,28668,10,,,1,70,,28660,10,,,1,30,,28665,10,,,1,70,,28680,10,,,1,30,,28671,10,,,1,70,,28669,10,,,1,30,,28672,10,,,1,70,,19674,10,,,1,30,,28679,10,,,1,70,,28682,10,,,1,30,,28664,10,,,1,70,,28674,10,,,1,30,,28661,10,,,1,70,,28662,10,,,1,30,,28676,10,,,1,70,,28675,10,,,1,30,,28681,10,,,1,70,,28673,10,,,1,30,,28670,10,,,1,70,,28667,10,,,1,30,,28677,10,,,1,70,,28683,10,,,1,30,,19537,10,,,1,70,,28659,10,,,1,30,,28663,10,,,1,70,,28666,10,,,1,30,,28678,10,,,1
21100,'11',736,,28685,10,,,1,70,,28698,10,,,1,30,,28696,10,,,1,70,,28703,10,,,1,30,,28707,10,,,1,70,,28693,10,,,1,30,,28697,10,,,1,70,,28686,10,,,1,30,,28691,10,,,1,70,,28709,10,,,1,30,,28702,10,,,1,70,,28689,10,,,1,30,,28694,10,,,1,70,,28688,10,,,1,30,,28700,10,,,1,70,,28684,10,,,1,30,,28687,10,,,1,70,,28701,10,,,1,30,,28695,10,,,1,70,,28690,10,,,1,30,,28710,10,,,1,70,,28699,10,,,1,30,,28706,10,,,1,70,,28704,10,,,1,30,,28705,10,,,1,70,,28708,10,,,1,30,,28692,10,,,1
21100,'2',1906,,28716,10,,,1,30,,28718,10,,,1,70,,28719,10,,,1,30,,28711,10,,,1,70,,28712,10,,,1,30,,28715,10,,,1,70,,28717,10,,,1,30,,28714,10,,,1,70,,28713,10,,,1
21100,'3',1906,,28727,10,,,1,30,,28728,10,,,1,70,,28721,10,,,1,30,,28724,10,,,1,70,,28723,10,,,1,30,,28725,10,,,1,70,,28720,10,,,1,30,,28726,10,,,1,70,,28722,10,,,1
21100,'4',1906,,28729,10,,,1,30,,28731,10,,,1,70,,28732,10,,,1,30,,28734,10,,,1,70,,28730,10,,,1,30,,28733,10,,,1,70,,28736,10,,,1,30,,28735,10,,,1,70,,28737,10,,,1
21100,'5',1906,,28742,10,,,1,30,,28739,10,,,1,70,,28745,10,,,1,30,,28740,10,,,1,70,,28744,10,,,1,30,,28738,10,,,1,70,,28741,10,,,1,30,,28743,10,,,1,70,,28746,10,,,1
21100,'6',736,,28772,10,,,1,70,,28760,10,,,1,30,,28753,10,,,1,70,,28769,10,,,1,30,,28762,10,,,1,70,,28767,10,,,1,30,,28757,10,,,1,70,,28768,10,,,1,30,,28750,10,,,1,70,,28765,10,,,1,30,,28761,10,,,1,70,,28771,10,,,1,30,,28763,10,,,1,70,,28770,10,,,1,30,,28756,10,,,1,70,,28755,10,,,1,30,,28749,10,,,1,70,,28752,10,,,1,30,,28759,10,,,1,70,,28764,10,,,1,30,,28766,10,,,1,70,,28773,10,,,1,30,,28758,10,,,1,70,,28748,10,,,1,30,,28754,10,,,1,70,,28751,10,,,1,30,,28747,10,,,1
21100,'7',1906,,28777,10,,,1,30,,28782,10,,,1,70,,28780,10,,,1,30,,28779,10,,,1,70,,28775,10,,,1,30,,28774,10,,,1,70,,28778,10,,,1,30,,28776,10,,,1,70,,28781,10,,,1
21100,'8',1906,,28786,10,,,1,30,,28787,10,,,1,70,,28790,10,,,1,30,,28789,10,,,1,70,,28788,10,,,1,30,,28791,10,,,1,70,,28784,10,,,1,30,,28783,10,,,1,70,,28785,10,,,1
21100,'9',1906,,28792,10,,,1,30,,28796,10,,,1,70,,28795,10,,,1,30,,28798,10,,,1,70,,28799,10,,,1,30,,28794,10,,,1,70,,28800,10,,,1,30,,28797,10,,,1,70,,28793,10,,,1
