11601,'1',609,,26176,5,0,9 3 10 16,1,30,,26150,5,0,9 3 10 16,1,70,,26158,5,0,9 3 10 16,1,30,,26170,5,0,9 3 10 16,1,70,,18245,5,0,9 3 10 16,1,30,,26144,5,0,9 3 10 16,1,70,,26173,5,0,9 3 10 16,1,30,,26135,5,0,9 3 10 16,1,70,,26136,5,0,9 3 10 16,1,30,,26161,5,0,9 3 10 16,1,70,,26160,5,0,9 3 10 16,1,30,,26155,5,0,9 3 10 16,1,70,,26137,5,0,9 3 10 16,1,30,,26174,5,0,9 3 10 16,1,70,,26143,5,0,9 3 10 16,1,30,,26172,5,0,9 3 10 16,1,70,,26148,5,0,9 3 10 16,1,30,,26142,5,0,9 3 10 16,1,70,,26157,5,0,9 3 10 16,1,30,,26162,5,0,9 3 10 16,1,70,,26154,5,0,9 3 10 16,1,30,,26168,5,0,9 3 10 16,1,70,,26163,5,0,9 3 10 16,1,30,,19734,5,0,9 3 10 16,1
11601,'2',609,,26218,5,0,9 3 10 16,1,30,,26192,5,0,9 3 10 16,1,70,,26223,5,0,9 3 10 16,1,30,,26219,5,0,9 3 10 16,1,70,,26188,5,0,9 3 10 16,1,30,,26193,5,0,9 3 10 16,1,70,,26214,5,0,9 3 10 16,1,30,,26208,5,0,9 3 10 16,1,70,,26182,5,0,9 3 10 16,1,30,,26217,5,0,9 3 10 16,1,70,,26178,5,0,9 3 10 16,1,30,,26215,5,0,9 3 10 16,1,70,,26221,5,0,9 3 10 16,1,30,,26194,5,0,9 3 10 16,1,70,,26186,5,0,9 3 10 16,1,30,,26195,5,0,9 3 10 16,1,70,,26203,5,0,9 3 10 16,1,30,,26211,5,0,9 3 10 16,1,70,,26189,5,0,9 3 10 16,1,30,,26213,5,0,9 3 10 16,1,70,,26181,5,0,9 3 10 16,1,30,,26212,5,0,9 3 10 16,1,70,,26198,5,0,9 3 10 16,1,30,,26185,5,0,9 3 10 16,1
11601,'3',609,,26226,5,0,9 3 10 16,1,30,,26268,5,0,9 3 10 16,1,70,,26227,5,0,9 3 10 16,1,30,,26251,5,0,9 3 10 16,1,70,,26266,5,0,9 3 10 16,1,30,,26244,5,0,9 3 10 16,1,70,,26256,5,0,9 3 10 16,1,30,,26264,5,0,9 3 10 16,1,70,,26254,5,0,9 3 10 16,1,30,,26271,5,0,9 3 10 16,1,70,,26260,5,0,9 3 10 16,1,30,,26252,5,0,9 3 10 16,1,70,,26224,5,0,9 3 10 16,1,30,,26237,5,0,9 3 10 16,1,70,,26232,5,0,9 3 10 16,1,30,,26267,5,0,9 3 10 16,1,70,,26259,5,0,9 3 10 16,1,30,,26258,5,0,9 3 10 16,1,70,,26253,5,0,9 3 10 16,1,30,,26249,5,0,9 3 10 16,1,70,,26243,5,0,9 3 10 16,1,30,,26257,5,0,9 3 10 16,1,70,,26228,5,0,9 3 10 16,1,30,,26262,5,0,9 3 10 16,1
11601,'4',609,,26272,5,0,9 3 10 16,1,30,,26300,5,0,9 3 10 16,1,70,,26294,5,0,9 3 10 16,1,30,,26291,5,0,9 3 10 16,1,70,,26309,5,0,9 3 10 16,1,30,,26312,5,0,9 3 10 16,1,70,,26285,5,0,9 3 10 16,1,30,,26315,5,0,9 3 10 16,1,70,,26313,5,0,9 3 10 16,1,30,,26306,5,0,9 3 10 16,1,70,,26318,5,0,9 3 10 16,1,30,,26308,5,0,9 3 10 16,1,70,,26289,5,0,9 3 10 16,1,30,,26288,5,0,9 3 10 16,1,70,,26273,5,0,9 3 10 16,1,30,,26317,5,0,9 3 10 16,1,70,,26293,5,0,9 3 10 16,1,30,,26319,5,0,9 3 10 16,1,70,,26286,5,0,9 3 10 16,1,30,,26292,5,0,9 3 10 16,1,70,,26298,5,0,9 3 10 16,1,30,,26279,5,0,9 3 10 16,1,70,,26314,5,0,9 3 10 16,1,30,,26282,5,0,9 3 10 16,1
11601,'5',609,,26349,5,0,9 3 10 16,1,30,,26356,5,0,9 3 10 16,1,70,,26351,5,0,9 3 10 16,1,30,,26347,5,0,9 3 10 16,1,70,,26366,5,0,9 3 10 16,1,30,,26339,5,0,9 3 10 16,1,70,,26324,5,0,9 3 10 16,1,30,,26361,5,0,9 3 10 16,1,70,,26340,5,0,9 3 10 16,1,30,,26336,5,0,9 3 10 16,1,70,,26331,5,0,9 3 10 16,1,30,,26364,5,0,9 3 10 16,1,70,,26363,5,0,9 3 10 16,1,30,,26342,5,0,9 3 10 16,1,70,,26321,5,0,9 3 10 16,1,30,,26344,5,0,9 3 10 16,1,70,,26338,5,0,9 3 10 16,1,30,,26325,5,0,9 3 10 16,1,70,,26357,5,0,9 3 10 16,1,30,,26322,5,0,9 3 10 16,1,70,,26354,5,0,9 3 10 16,1,30,,26337,5,0,9 3 10 16,1,70,,26350,5,0,9 3 10 16,1,30,,26323,5,0,9 3 10 16,1
11601,'7',609,,26387,5,0,9 3 10 16,1,30,,26403,5,0,9 3 10 16,1,70,,26410,5,0,9 3 10 16,1,30,,26402,5,0,9 3 10 16,1,70,,26401,5,0,9 3 10 16,1,30,,26414,5,0,9 3 10 16,1,70,,26379,5,0,9 3 10 16,1,30,,26371,5,0,9 3 10 16,1,70,,26377,5,0,9 3 10 16,1,30,,26397,5,0,9 3 10 16,1,70,,26393,5,0,9 3 10 16,1,30,,26399,5,0,9 3 10 16,1,70,,26388,5,0,9 3 10 16,1,30,,26382,5,0,9 3 10 16,1,70,,26407,5,0,9 3 10 16,1,30,,26409,5,0,9 3 10 16,1,70,,26381,5,0,9 3 10 16,1,30,,26370,5,0,9 3 10 16,1,70,,26392,5,0,9 3 10 16,1,30,,26374,5,0,9 3 10 16,1,70,,26368,5,0,9 3 10 16,1,30,,26395,5,0,9 3 10 16,1,70,,26389,5,0,9 3 10 16,1,30,,26396,5,0,9 3 10 16,1
11601,'8',609,,26448,5,0,9 3 10 16,1,30,,26422,5,0,9 3 10 16,1,70,,26445,5,0,9 3 10 16,1,30,,26436,5,0,9 3 10 16,1,70,,26419,5,0,9 3 10 16,1,30,,26441,5,0,9 3 10 16,1,70,,26462,5,0,9 3 10 16,1,30,,26432,5,0,9 3 10 16,1,70,,26460,5,0,9 3 10 16,1,30,,26433,5,0,9 3 10 16,1,70,,26455,5,0,9 3 10 16,1,30,,26451,5,0,9 3 10 16,1,70,,26423,5,0,9 3 10 16,1,30,,26440,5,0,9 3 10 16,1,70,,26434,5,0,9 3 10 16,1,30,,26420,5,0,9 3 10 16,1,70,,26439,5,0,9 3 10 16,1,30,,26437,5,0,9 3 10 16,1,70,,26443,5,0,9 3 10 16,1,30,,26454,5,0,9 3 10 16,1,70,,26431,5,0,9 3 10 16,1,30,,26457,5,0,9 3 10 16,1,70,,26459,5,0,9 3 10 16,1,30,,26417,5,0,9 3 10 16,1
11601,'9',609,,26479,5,0,9 3 10 16,1,30,,26500,5,0,9 3 10 16,1,70,,26481,5,0,9 3 10 16,1,30,,26480,5,0,9 3 10 16,1,70,,26486,5,0,9 3 10 16,1,30,,26504,5,0,9 3 10 16,1,70,,26466,5,0,9 3 10 16,1,30,,26492,5,0,9 3 10 16,1,70,,26478,5,0,9 3 10 16,1,30,,26507,5,0,9 3 10 16,1,70,,26505,5,0,9 3 10 16,1,30,,26508,5,0,9 3 10 16,1,70,,26475,5,0,9 3 10 16,1,30,,26471,5,0,9 3 10 16,1,70,,26476,5,0,9 3 10 16,1,30,,26490,5,0,9 3 10 16,1,70,,26502,5,0,9 3 10 16,1,30,,26464,5,0,9 3 10 16,1,70,,26501,5,0,9 3 10 16,1,30,,26511,5,0,9 3 10 16,1,70,,26484,5,0,9 3 10 16,1,30,,26472,5,0,9 3 10 16,1,70,,26470,5,0,9 3 10 16,1,30,,26465,5,0,9 3 10 16,1
21601,'1',1809,,29753,5,0,9 3 10 16,1,30,,29769,5,0,9 3 10 16,1,70,,29764,5,0,9 3 10 16,1,30,,29759,5,0,9 3 10 16,1,70,,29762,5,0,9 3 10 16,1,30,,29765,5,0,9 3 10 16,1,70,,29760,5,0,9 3 10 16,1,30,,18110,5,0,9 3 10 16,1,70,,29756,5,0,9 3 10 16,1,30,,29751,5,0,9 3 10 16,1,70,,29755,5,0,9 3 10 16,1
21601,'10',639,,29788,5,0,9 3 10 16,1,70,,29802,5,0,9 3 10 16,1,30,,29774,5,0,9 3 10 16,1,70,,29812,5,0,9 3 10 16,1,30,,29825,5,0,9 3 10 16,1,70,,29796,5,0,9 3 10 16,1,30,,29775,5,0,9 3 10 16,1,70,,29797,5,0,9 3 10 16,1,30,,29823,5,0,9 3 10 16,1,70,,29781,5,0,9 3 10 16,1,30,,29805,5,0,9 3 10 16,1,70,,29776,5,0,9 3 10 16,1,30,,29814,5,0,9 3 10 16,1,70,,29827,5,0,9 3 10 16,1,30,,29810,5,0,9 3 10 16,1,70,,29773,5,0,9 3 10 16,1,30,,29790,5,0,9 3 10 16,1,70,,29809,5,0,9 3 10 16,1,30,,29824,5,0,9 3 10 16,1,70,,29777,5,0,9 3 10 16,1,30,,29826,5,0,9 3 10 16,1,70,,29785,5,0,9 3 10 16,1,30,,29807,5,0,9 3 10 16,1,70,,29804,5,0,9 3 10 16,1,30,,18981,5,0,9 3 10 16,1,70,,29779,5,0,9 3 10 16,1,30,,29786,5,0,9 3 10 16,1,70,,29808,5,0,9 3 10 16,1,30,,29822,5,0,9 3 10 16,1
21601,'11',639,,29877,5,0,9 3 10 16,1,70,,29860,5,0,9 3 10 16,1,30,,29853,5,0,9 3 10 16,1,70,,29874,5,0,9 3 10 16,1,30,,29850,5,0,9 3 10 16,1,70,,29867,5,0,9 3 10 16,1,30,,29849,5,0,9 3 10 16,1,70,,29852,5,0,9 3 10 16,1,30,,29882,5,0,9 3 10 16,1,70,,29857,5,0,9 3 10 16,1,30,,29868,5,0,9 3 10 16,1,70,,29880,5,0,9 3 10 16,1,30,,29836,5,0,9 3 10 16,1,70,,29844,5,0,9 3 10 16,1,30,,29866,5,0,9 3 10 16,1,70,,29871,5,0,9 3 10 16,1,30,,29859,5,0,9 3 10 16,1,70,,29875,5,0,9 3 10 16,1,30,,29873,5,0,9 3 10 16,1,70,,29864,5,0,9 3 10 16,1,30,,29838,5,0,9 3 10 16,1,70,,29851,5,0,9 3 10 16,1,30,,29870,5,0,9 3 10 16,1,70,,29884,5,0,9 3 10 16,1,30,,29856,5,0,9 3 10 16,1,70,,29876,5,0,9 3 10 16,1,30,,29831,5,0,9 3 10 16,1,70,,29886,5,0,9 3 10 16,1,30,,29841,5,0,9 3 10 16,1
21601,'2',1809,,29904,5,0,9 3 10 16,1,30,,29892,5,0,9 3 10 16,1,70,,29893,5,0,9 3 10 16,1,30,,29899,5,0,9 3 10 16,1,70,,29903,5,0,9 3 10 16,1,30,,29888,5,0,9 3 10 16,1,70,,29906,5,0,9 3 10 16,1,30,,29889,5,0,9 3 10 16,1,70,,29905,5,0,9 3 10 16,1,30,,29897,5,0,9 3 10 16,1,70,,29898,5,0,9 3 10 16,1
21601,'3',1809,,29913,5,0,9 3 10 16,1,30,,29926,5,0,9 3 10 16,1,70,,29911,5,0,9 3 10 16,1,30,,29910,5,0,9 3 10 16,1,70,,29919,5,0,9 3 10 16,1,30,,29923,5,0,9 3 10 16,1,70,,29927,5,0,9 3 10 16,1,30,,29909,5,0,9 3 10 16,1,70,,29914,5,0,9 3 10 16,1,30,,29915,5,0,9 3 10 16,1,70,,29917,5,0,9 3 10 16,1
21601,'4',1809,,29950,5,0,9 3 10 16,1,30,,29936,5,0,9 3 10 16,1,70,,29941,5,0,9 3 10 16,1,30,,29934,5,0,9 3 10 16,1,70,,29943,5,0,9 3 10 16,1,30,,29938,5,0,9 3 10 16,1,70,,29949,5,0,9 3 10 16,1,30,,29946,5,0,9 3 10 16,1,70,,29948,5,0,9 3 10 16,1,30,,29931,5,0,9 3 10 16,1,70,,29939,5,0,9 3 10 16,1
21601,'5',1809,,29959,5,0,9 3 10 16,1,30,,29958,5,0,9 3 10 16,1,70,,29961,5,0,9 3 10 16,1,30,,29969,5,0,9 3 10 16,1,70,,29965,5,0,9 3 10 16,1,30,,29968,5,0,9 3 10 16,1,70,,29964,5,0,9 3 10 16,1,30,,29955,5,0,9 3 10 16,1,70,,29971,5,0,9 3 10 16,1,30,,29962,5,0,9 3 10 16,1,70,,29972,5,0,9 3 10 16,1
21601,'6',639,,29990,5,0,9 3 10 16,1,70,,29985,5,0,9 3 10 16,1,30,,30008,5,0,9 3 10 16,1,70,,30003,5,0,9 3 10 16,1,30,,30002,5,0,9 3 10 16,1,70,,30014,5,0,9 3 10 16,1,30,,30028,5,0,9 3 10 16,1,70,,29986,5,0,9 3 10 16,1,30,,29994,5,0,9 3 10 16,1,70,,30024,5,0,9 3 10 16,1,30,,30029,5,0,9 3 10 16,1,70,,29981,5,0,9 3 10 16,1,30,,29979,5,0,9 3 10 16,1,70,,30025,5,0,9 3 10 16,1,30,,29980,5,0,9 3 10 16,1,70,,29988,5,0,9 3 10 16,1,30,,29992,5,0,9 3 10 16,1,70,,30021,5,0,9 3 10 16,1,30,,29975,5,0,9 3 10 16,1,70,,30004,5,0,9 3 10 16,1,30,,29983,5,0,9 3 10 16,1,70,,29987,5,0,9 3 10 16,1,30,,30000,5,0,9 3 10 16,1,70,,30019,5,0,9 3 10 16,1,30,,30009,5,0,9 3 10 16,1,70,,30007,5,0,9 3 10 16,1,30,,30011,5,0,9 3 10 16,1,70,,30030,5,0,9 3 10 16,1,30,,29995,5,0,9 3 10 16,1
21601,'7',1809,,30052,5,0,9 3 10 16,1,30,,30053,5,0,9 3 10 16,1,70,,30043,5,0,9 3 10 16,1,30,,30035,5,0,9 3 10 16,1,70,,30033,5,0,9 3 10 16,1,30,,30047,5,0,9 3 10 16,1,70,,30045,5,0,9 3 10 16,1,30,,30041,5,0,9 3 10 16,1,70,,30050,5,0,9 3 10 16,1,30,,30036,5,0,9 3 10 16,1,70,,30038,5,0,9 3 10 16,1
21601,'8',1809,,30072,5,0,9 3 10 16,1,30,,30066,5,0,9 3 10 16,1,70,,30062,5,0,9 3 10 16,1,30,,30055,5,0,9 3 10 16,1,70,,30063,5,0,9 3 10 16,1,30,,30061,5,0,9 3 10 16,1,70,,30067,5,0,9 3 10 16,1,30,,30054,5,0,9 3 10 16,1,70,,30057,5,0,9 3 10 16,1,30,,30073,5,0,9 3 10 16,1,70,,30075,5,0,9 3 10 16,1
21601,'9',1809,,30076,5,0,9 3 10 16,1,30,,30097,5,0,9 3 10 16,1,70,,30092,5,0,9 3 10 16,1,30,,30079,5,0,9 3 10 16,1,70,,30077,5,0,9 3 10 16,1,30,,30083,5,0,9 3 10 16,1,70,,30087,5,0,9 3 10 16,1,30,,30091,5,0,9 3 10 16,1,70,,30090,5,0,9 3 10 16,1,30,,30094,5,0,9 3 10 16,1,70,,30081,5,0,9 3 10 16,1
