11300,'1',633,,24507,21,,,1,100,,24518,21,,,1,100,,24513,21,,,1,100,,24510,21,,,1,100,,24522,21,,,1,100,,19261,21,,,1,100,,24521,21,,,1,100,,24506,21,,,1,100,,24525,21,,,1,100,,24532,21,,,1,100,,24523,21,,,1,100,,24528,21,,,1,100,,24527,21,,,1
11300,'2',633,,24538,21,,,1,100,,24542,21,,,1,100,,24556,21,,,1,100,,24552,21,,,1,100,,24548,21,,,1,100,,24534,21,,,1,100,,24546,21,,,1,100,,24533,21,,,1,100,,24563,21,,,1,100,,24570,21,,,1,100,,24541,21,,,1,100,,24566,21,,,1,100,,24557,21,,,1
11300,'3',633,,24609,21,,,1,100,,24582,21,,,1,100,,24573,21,,,1,100,,24586,21,,,1,100,,24575,21,,,1,100,,24606,21,,,1,100,,24580,21,,,1,100,,24594,21,,,1,100,,24592,21,,,1,100,,24591,21,,,1,100,,24576,21,,,1,100,,24598,21,,,1,100,,24574,21,,,1
11300,'4',633,,24637,21,,,1,100,,24647,21,,,1,100,,24642,21,,,1,100,,24634,21,,,1,100,,24619,21,,,1,100,,24628,21,,,1,100,,24630,21,,,1,100,,24618,21,,,1,100,,24617,21,,,1,100,,24629,21,,,1,100,,24633,21,,,1,100,,24632,21,,,1,100,,24643,21,,,1
11300,'5',633,,24671,21,,,1,100,,24668,21,,,1,100,,24653,21,,,1,100,,24652,21,,,1,100,,24674,21,,,1,100,,24667,21,,,1,100,,24686,21,,,1,100,,24658,21,,,1,100,,24650,21,,,1,100,,24682,21,,,1,100,,24679,21,,,1,100,,24675,21,,,1,100,,24677,21,,,1
11300,'7',633,,24711,21,,,1,100,,24719,21,,,1,100,,24724,21,,,1,100,,24700,21,,,1,100,,24716,21,,,1,100,,24718,21,,,1,100,,24726,21,,,1,100,,24720,21,,,1,100,,24709,21,,,1,100,,24703,21,,,1,100,,24696,21,,,1,100,,24704,21,,,1,100,,24722,21,,,1
11300,'8',633,,24759,21,,,1,100,,24727,21,,,1,100,,24758,21,,,1,100,,24755,21,,,1,100,,24764,21,,,1,100,,24730,21,,,1,100,,24751,21,,,1,100,,24754,21,,,1,100,,24752,21,,,1,100,,24765,21,,,1,100,,24729,21,,,1,100,,24756,21,,,1,100,,24744,21,,,1
11300,'9',633,,24778,21,,,1,100,,24797,21,,,1,100,,24795,21,,,1,100,,24766,21,,,1,100,,24772,21,,,1,100,,24801,21,,,1,100,,24803,21,,,1,100,,24773,21,,,1,100,,24770,21,,,1,100,,24787,21,,,1,100,,24798,21,,,1,100,,24768,21,,,1,100,,24780,21,,,1
21300,'1',1932,,28956,21,,,1,100,,28955,21,,,1,100,,28957,21,,,1,100,,28954,21,,,1
21300,'10',732,,28959,21,,,1,100,,28970,21,,,1,100,,28966,21,,,1,100,,28964,21,,,1,100,,28962,21,,,1,100,,28961,21,,,1,100,,28969,21,,,1,100,,28960,21,,,1,100,,28965,21,,,1,100,,28958,21,,,1,100,,28963,21,,,1,100,,28968,21,,,1,100,,28967,21,,,1
21300,'11',732,,28980,21,,,1,100,,28978,21,,,1,100,,28974,21,,,1,100,,28983,21,,,1,100,,28982,21,,,1,100,,28972,21,,,1,100,,28981,21,,,1,100,,28973,21,,,1,100,,28979,21,,,1,100,,28977,21,,,1,100,,28971,21,,,1,100,,28976,21,,,1,100,,28975,21,,,1
21300,'2',1932,,28985,21,,,1,100,,28987,21,,,1,100,,28986,21,,,1,100,,28984,21,,,1
21300,'3',1932,,28989,21,,,1,100,,28988,21,,,1,100,,28990,21,,,1,100,,28991,21,,,1
21300,'4',1932,,28992,21,,,1,100,,28993,21,,,1,100,,28994,21,,,1,100,,28995,21,,,1
21300,'5',1932,,28998,21,,,1,100,,28996,21,,,1,100,,28999,21,,,1,100,,28997,21,,,1
21300,'6',732,,29009,21,,,1,100,,29010,21,,,1,100,,29003,21,,,1,100,,29002,21,,,1,100,,29000,21,,,1,100,,29005,21,,,1,100,,29001,21,,,1,100,,29008,21,,,1,100,,29006,21,,,1,100,,29011,21,,,1,100,,29004,21,,,1,100,,29007,21,,,1,100,,29012,21,,,1
21300,'7',1932,,29015,21,,,1,100,,29016,21,,,1,100,,29014,21,,,1,100,,29013,21,,,1
21300,'8',1932,,29018,21,,,1,100,,29020,21,,,1,100,,29019,21,,,1,100,,29017,21,,,1
21300,'9',1932,,29023,21,,,1,100,,29021,21,,,1,100,,29024,21,,,1,100,,29022,21,,,1
