10600,'10',643,,17731,12,,,1,100,,17729,12,,,1,70,,17738,12,,,1,30,,17725,12,,,1,70,,17730,12,,,1,30,,17724,12,,,1,100,,17732,12,,,1,100,,17733,12,,,1,100,,17737,12,,,1,100,,15777,12,,,1,100,,15043,12,,,1,70,,17736,12,,,1,30,,17728,12,,,1,70,,17735,12,,,1,32,,17726,12,,,1,68,,17727,12,,,1,32,,17734,12,,,1
10600,'7',643,,17746,12,,,1,100,,15653,12,,,1,70,,17740,12,,,1,30,,17742,12,,,1,70,,17741,12,,,1,30,,17739,12,,,1,100,,17747,12,,,1,100,,17748,12,,,1,100,,17750,12,,,1,100,,15758,12,,,1,100,,15011,12,,,1,70,,17744,12,,,1,30,,17745,12,,,1,70,,15703,12,,,1,32,,17743,12,,,1,68,,17751,12,,,1,32,,17749,12,,,1
10601,'10',607,,17762,18,,,1,100,,17755,18,,,1,30,,17758,18,,,1,70,,17763,18,,,1,30,,17767,18,,,1,70,,17760,18,,,1,100,,15734,18,,,1,100,,17759,18,,,1,100,,17761,18,,,1,100,,17768,18,,,1,100,,17754,18,,,1,30,,17756,18,,,1,70,,17764,18,,,1,30,,17753,18,,,1,70,,17769,18,,,1,30,,17757,18,,,1,70,,14683,18,,,1,30,,17766,18,,,1,70,,17752,18,,,1
10601,'7',607,,17783,18,,,1,100,,17773,18,,,1,30,,17779,18,,,1,70,,17784,18,,,1,30,,17770,18,,,1,70,,17781,18,,,1,100,,15711,18,,,1,100,,17777,18,,,1,100,,17782,18,,,1,100,,17786,18,,,1,100,,17772,18,,,1,30,,17774,18,,,1,70,,17785,18,,,1,30,,17776,18,,,1,70,,17787,18,,,1,30,,17775,18,,,1,70,,14670,18,,,1,30,,17780,18,,,1,70,,17771,18,,,1
20600,'10',1814,,19049,17,,,1,29,,19048,17,,,1,70,,19050,17,,,1,31,,16490,17,,,1,70,,19051,17,,,1,30,,19045,17,,,1,69,,15053,17,,,1,30,,19047,17,,,1,70,,19046,17,,,1,30,,19052,17,,,1
20600,'5',743,,16814,17,,,1,70,,19068,17,,,1,30,,19075,17,,,1,70,,19073,17,,,1,30,,19072,17,,,1,70,,19071,17,,,1,30,,19066,17,,,1,71,,19057,17,,,1,29,,19069,17,,,1,70,,19070,17,,,1,30,,19065,17,,,1,70,,19064,17,,,1,30,,19074,17,,,1,71,,19055,17,,,1,29,,19077,17,,,1,70,,19053,17,,,1,30,,19061,17,,,1,70,,19067,17,,,1,30,,19059,17,,,1,70,,19076,17,,,1,30,,19056,17,,,1,70,,19058,17,,,1,31,,19054,17,,,1,69,,19060,17,,,1,30,,19062,17,,,1,70,,19063,17,,,1
20600,'7',1814,,19078,17,,,1,29,,19081,17,,,1,70,,15365,17,,,1,31,,16483,17,,,1,70,,19083,17,,,1,30,,19079,17,,,1,69,,15020,17,,,1,30,,19080,17,,,1,70,,19082,17,,,1,30,,19084,17,,,1
20601,'10',1836,,19101,8,,,1,70,,19085,8,,,1,30,,19091,8,,,1,70,,19098,8,,,1,30,,16925,8,,,1,70,,19087,8,,,1,30,,19090,8,,,1,70,,15401,8,,,1,30,,19094,8,,,1,70,,19086,8,,,1
20601,'5',706,,19141,8,,,1,30,,19135,8,,,1,70,,19152,8,,,1,30,,19132,8,,,1,70,,19131,8,,,1,30,,19102,8,,,1,70,,19103,8,,,1,30,,17192,8,,,1,70,,19107,8,,,1,30,,19130,8,,,1,70,,19113,8,,,1,30,,19120,8,,,1,70,,19109,8,,,1,30,,19116,8,,,1,70,,19137,8,,,1,30,,19138,8,,,1,70,,19153,8,,,1,30,,19124,8,,,1,70,,19148,8,,,1,30,,19146,8,,,1,70,,19115,8,,,1,30,,19125,8,,,1,70,,19136,8,,,1,30,,19128,8,,,1,70,,19119,8,,,1,30,,17125,8,,,1,70,,19129,8,,,1,30,,19106,8,,,1
20601,'7',1836,,19159,8,,,1,70,,19154,8,,,1,30,,19166,8,,,1,70,,19170,8,,,1,30,,16014,8,,,1,70,,19161,8,,,1,30,,19164,8,,,1,70,,15370,8,,,1,30,,19169,8,,,1,70,,19155,8,,,1
