11601,'1',612,,26176,10,0,9 3 10 16,1,30,,26150,10,0,9 3 10 16,1,70,,26158,10,0,9 3 10 16,1,30,,26170,10,0,9 3 10 16,1,70,,18245,10,0,9 3 10 16,1,30,,26144,10,0,9 3 10 16,1,70,,26173,10,0,9 3 10 16,1,30,,26135,10,0,9 3 10 16,1,70,,26136,10,0,9 3 10 16,1,30,,26161,10,0,9 3 10 16,1,70,,26160,10,0,9 3 10 16,1,30,,26155,10,0,9 3 10 16,1,70,,26137,10,0,9 3 10 16,1,30,,26174,10,0,9 3 10 16,1,70,,26143,10,0,9 3 10 16,1,30,,26172,10,0,9 3 10 16,1,70,,26148,10,0,9 3 10 16,1,30,,26142,10,0,9 3 10 16,1,70,,26157,10,0,9 3 10 16,1,30,,26162,10,0,9 3 10 16,1,70,,26154,10,0,9 3 10 16,1,30,,26168,10,0,9 3 10 16,1,70,,26163,10,0,9 3 10 16,1,30,,19734,10,0,9 3 10 16,1
11601,'2',612,,26218,10,0,9 3 10 16,1,30,,26192,10,0,9 3 10 16,1,70,,26223,10,0,9 3 10 16,1,30,,26219,10,0,9 3 10 16,1,70,,26188,10,0,9 3 10 16,1,30,,26193,10,0,9 3 10 16,1,70,,26214,10,0,9 3 10 16,1,30,,26208,10,0,9 3 10 16,1,70,,26182,10,0,9 3 10 16,1,30,,26217,10,0,9 3 10 16,1,70,,26178,10,0,9 3 10 16,1,30,,26215,10,0,9 3 10 16,1,70,,26221,10,0,9 3 10 16,1,30,,26194,10,0,9 3 10 16,1,70,,26186,10,0,9 3 10 16,1,30,,26195,10,0,9 3 10 16,1,70,,26203,10,0,9 3 10 16,1,30,,26211,10,0,9 3 10 16,1,70,,26189,10,0,9 3 10 16,1,30,,26213,10,0,9 3 10 16,1,70,,26181,10,0,9 3 10 16,1,30,,26212,10,0,9 3 10 16,1,70,,26198,10,0,9 3 10 16,1,30,,26185,10,0,9 3 10 16,1
11601,'3',612,,26226,10,0,9 3 10 16,1,30,,26268,10,0,9 3 10 16,1,70,,26227,10,0,9 3 10 16,1,30,,26251,10,0,9 3 10 16,1,70,,26266,10,0,9 3 10 16,1,30,,26244,10,0,9 3 10 16,1,70,,26256,10,0,9 3 10 16,1,30,,26264,10,0,9 3 10 16,1,70,,26254,10,0,9 3 10 16,1,30,,26271,10,0,9 3 10 16,1,70,,26260,10,0,9 3 10 16,1,30,,26252,10,0,9 3 10 16,1,70,,26224,10,0,9 3 10 16,1,30,,26237,10,0,9 3 10 16,1,70,,26232,10,0,9 3 10 16,1,30,,26267,10,0,9 3 10 16,1,70,,26259,10,0,9 3 10 16,1,30,,26258,10,0,9 3 10 16,1,70,,26253,10,0,9 3 10 16,1,30,,26249,10,0,9 3 10 16,1,70,,26243,10,0,9 3 10 16,1,30,,26257,10,0,9 3 10 16,1,70,,26228,10,0,9 3 10 16,1,30,,26262,10,0,9 3 10 16,1
11601,'4',612,,26272,10,0,9 3 10 16,1,30,,26300,10,0,9 3 10 16,1,70,,26294,10,0,9 3 10 16,1,30,,26291,10,0,9 3 10 16,1,70,,26309,10,0,9 3 10 16,1,30,,26312,10,0,9 3 10 16,1,70,,26285,10,0,9 3 10 16,1,30,,26315,10,0,9 3 10 16,1,70,,26313,10,0,9 3 10 16,1,30,,26306,10,0,9 3 10 16,1,70,,26318,10,0,9 3 10 16,1,30,,26308,10,0,9 3 10 16,1,70,,26289,10,0,9 3 10 16,1,30,,26288,10,0,9 3 10 16,1,70,,26273,10,0,9 3 10 16,1,30,,26317,10,0,9 3 10 16,1,70,,26293,10,0,9 3 10 16,1,30,,26319,10,0,9 3 10 16,1,70,,26286,10,0,9 3 10 16,1,30,,26292,10,0,9 3 10 16,1,70,,26298,10,0,9 3 10 16,1,30,,26279,10,0,9 3 10 16,1,70,,26314,10,0,9 3 10 16,1,30,,26282,10,0,9 3 10 16,1
11601,'5',612,,26349,10,0,9 3 10 16,1,30,,26356,10,0,9 3 10 16,1,70,,26351,10,0,9 3 10 16,1,30,,26347,10,0,9 3 10 16,1,70,,26366,10,0,9 3 10 16,1,30,,26339,10,0,9 3 10 16,1,70,,26324,10,0,9 3 10 16,1,30,,26361,10,0,9 3 10 16,1,70,,26340,10,0,9 3 10 16,1,30,,26336,10,0,9 3 10 16,1,70,,26331,10,0,9 3 10 16,1,30,,26364,10,0,9 3 10 16,1,70,,26363,10,0,9 3 10 16,1,30,,26342,10,0,9 3 10 16,1,70,,26321,10,0,9 3 10 16,1,30,,26344,10,0,9 3 10 16,1,70,,26338,10,0,9 3 10 16,1,30,,26325,10,0,9 3 10 16,1,70,,26357,10,0,9 3 10 16,1,30,,26322,10,0,9 3 10 16,1,70,,26354,10,0,9 3 10 16,1,30,,26337,10,0,9 3 10 16,1,70,,26350,10,0,9 3 10 16,1,30,,26323,10,0,9 3 10 16,1
11601,'7',612,,26387,10,0,9 3 10 16,1,30,,26403,10,0,9 3 10 16,1,70,,26410,10,0,9 3 10 16,1,30,,26402,10,0,9 3 10 16,1,70,,26401,10,0,9 3 10 16,1,30,,26414,10,0,9 3 10 16,1,70,,26379,10,0,9 3 10 16,1,30,,26371,10,0,9 3 10 16,1,70,,26377,10,0,9 3 10 16,1,30,,26397,10,0,9 3 10 16,1,70,,26393,10,0,9 3 10 16,1,30,,26399,10,0,9 3 10 16,1,70,,26388,10,0,9 3 10 16,1,30,,26382,10,0,9 3 10 16,1,70,,26407,10,0,9 3 10 16,1,30,,26409,10,0,9 3 10 16,1,70,,26381,10,0,9 3 10 16,1,30,,26370,10,0,9 3 10 16,1,70,,26392,10,0,9 3 10 16,1,30,,26374,10,0,9 3 10 16,1,70,,26368,10,0,9 3 10 16,1,30,,26395,10,0,9 3 10 16,1,70,,26389,10,0,9 3 10 16,1,30,,26396,10,0,9 3 10 16,1
11601,'8',612,,26448,10,0,9 3 10 16,1,30,,26422,10,0,9 3 10 16,1,70,,26445,10,0,9 3 10 16,1,30,,26436,10,0,9 3 10 16,1,70,,26419,10,0,9 3 10 16,1,30,,26441,10,0,9 3 10 16,1,70,,26462,10,0,9 3 10 16,1,30,,26432,10,0,9 3 10 16,1,70,,26460,10,0,9 3 10 16,1,30,,26433,10,0,9 3 10 16,1,70,,26455,10,0,9 3 10 16,1,30,,26451,10,0,9 3 10 16,1,70,,26423,10,0,9 3 10 16,1,30,,26440,10,0,9 3 10 16,1,70,,26434,10,0,9 3 10 16,1,30,,26420,10,0,9 3 10 16,1,70,,26439,10,0,9 3 10 16,1,30,,26437,10,0,9 3 10 16,1,70,,26443,10,0,9 3 10 16,1,30,,26454,10,0,9 3 10 16,1,70,,26431,10,0,9 3 10 16,1,30,,26457,10,0,9 3 10 16,1,70,,26459,10,0,9 3 10 16,1,30,,26417,10,0,9 3 10 16,1
11601,'9',612,,26479,10,0,9 3 10 16,1,30,,26500,10,0,9 3 10 16,1,70,,26481,10,0,9 3 10 16,1,30,,26480,10,0,9 3 10 16,1,70,,26486,10,0,9 3 10 16,1,30,,26504,10,0,9 3 10 16,1,70,,26466,10,0,9 3 10 16,1,30,,26492,10,0,9 3 10 16,1,70,,26478,10,0,9 3 10 16,1,30,,26507,10,0,9 3 10 16,1,70,,26505,10,0,9 3 10 16,1,30,,26508,10,0,9 3 10 16,1,70,,26475,10,0,9 3 10 16,1,30,,26471,10,0,9 3 10 16,1,70,,26476,10,0,9 3 10 16,1,30,,26490,10,0,9 3 10 16,1,70,,26502,10,0,9 3 10 16,1,30,,26464,10,0,9 3 10 16,1,70,,26501,10,0,9 3 10 16,1,30,,26511,10,0,9 3 10 16,1,70,,26484,10,0,9 3 10 16,1,30,,26472,10,0,9 3 10 16,1,70,,26470,10,0,9 3 10 16,1,30,,26465,10,0,9 3 10 16,1
21601,'1',1812,,29753,10,0,9 3 10 16,1,30,,29769,10,0,9 3 10 16,1,70,,29764,10,0,9 3 10 16,1,30,,29759,10,0,9 3 10 16,1,70,,29762,10,0,9 3 10 16,1,30,,29765,10,0,9 3 10 16,1,70,,29760,10,0,9 3 10 16,1,30,,18110,10,0,9 3 10 16,1,70,,29756,10,0,9 3 10 16,1,30,,29751,10,0,9 3 10 16,1,70,,29755,10,0,9 3 10 16,1
21601,'10',642,,29788,10,0,9 3 10 16,1,70,,29802,10,0,9 3 10 16,1,30,,29774,10,0,9 3 10 16,1,70,,29812,10,0,9 3 10 16,1,30,,29825,10,0,9 3 10 16,1,70,,29796,10,0,9 3 10 16,1,30,,29775,10,0,9 3 10 16,1,70,,29797,10,0,9 3 10 16,1,30,,29823,10,0,9 3 10 16,1,70,,29781,10,0,9 3 10 16,1,30,,29805,10,0,9 3 10 16,1,70,,29776,10,0,9 3 10 16,1,30,,29814,10,0,9 3 10 16,1,70,,29827,10,0,9 3 10 16,1,30,,29810,10,0,9 3 10 16,1,70,,29773,10,0,9 3 10 16,1,30,,29790,10,0,9 3 10 16,1,70,,29809,10,0,9 3 10 16,1,30,,29824,10,0,9 3 10 16,1,70,,29777,10,0,9 3 10 16,1,30,,29826,10,0,9 3 10 16,1,70,,29785,10,0,9 3 10 16,1,30,,29807,10,0,9 3 10 16,1,70,,29804,10,0,9 3 10 16,1,30,,18981,10,0,9 3 10 16,1,70,,29779,10,0,9 3 10 16,1,30,,29786,10,0,9 3 10 16,1,70,,29808,10,0,9 3 10 16,1,30,,29822,10,0,9 3 10 16,1
21601,'11',642,,29877,10,0,9 3 10 16,1,70,,29860,10,0,9 3 10 16,1,30,,29853,10,0,9 3 10 16,1,70,,29874,10,0,9 3 10 16,1,30,,29850,10,0,9 3 10 16,1,70,,29867,10,0,9 3 10 16,1,30,,29849,10,0,9 3 10 16,1,70,,29852,10,0,9 3 10 16,1,30,,29882,10,0,9 3 10 16,1,70,,29857,10,0,9 3 10 16,1,30,,29868,10,0,9 3 10 16,1,70,,29880,10,0,9 3 10 16,1,30,,29836,10,0,9 3 10 16,1,70,,29844,10,0,9 3 10 16,1,30,,29866,10,0,9 3 10 16,1,70,,29871,10,0,9 3 10 16,1,30,,29859,10,0,9 3 10 16,1,70,,29875,10,0,9 3 10 16,1,30,,29873,10,0,9 3 10 16,1,70,,29864,10,0,9 3 10 16,1,30,,29838,10,0,9 3 10 16,1,70,,29851,10,0,9 3 10 16,1,30,,29870,10,0,9 3 10 16,1,70,,29884,10,0,9 3 10 16,1,30,,29856,10,0,9 3 10 16,1,70,,29876,10,0,9 3 10 16,1,30,,29831,10,0,9 3 10 16,1,70,,29886,10,0,9 3 10 16,1,30,,29841,10,0,9 3 10 16,1
21601,'2',1812,,29904,10,0,9 3 10 16,1,30,,29892,10,0,9 3 10 16,1,70,,29893,10,0,9 3 10 16,1,30,,29899,10,0,9 3 10 16,1,70,,29903,10,0,9 3 10 16,1,30,,29888,10,0,9 3 10 16,1,70,,29906,10,0,9 3 10 16,1,30,,29889,10,0,9 3 10 16,1,70,,29905,10,0,9 3 10 16,1,30,,29897,10,0,9 3 10 16,1,70,,29898,10,0,9 3 10 16,1
21601,'3',1812,,29913,10,0,9 3 10 16,1,30,,29926,10,0,9 3 10 16,1,70,,29911,10,0,9 3 10 16,1,30,,29910,10,0,9 3 10 16,1,70,,29919,10,0,9 3 10 16,1,30,,29923,10,0,9 3 10 16,1,70,,29927,10,0,9 3 10 16,1,30,,29909,10,0,9 3 10 16,1,70,,29914,10,0,9 3 10 16,1,30,,29915,10,0,9 3 10 16,1,70,,29917,10,0,9 3 10 16,1
21601,'4',1812,,29950,10,0,9 3 10 16,1,30,,29936,10,0,9 3 10 16,1,70,,29941,10,0,9 3 10 16,1,30,,29934,10,0,9 3 10 16,1,70,,29943,10,0,9 3 10 16,1,30,,29938,10,0,9 3 10 16,1,70,,29949,10,0,9 3 10 16,1,30,,29946,10,0,9 3 10 16,1,70,,29948,10,0,9 3 10 16,1,30,,29931,10,0,9 3 10 16,1,70,,29939,10,0,9 3 10 16,1
21601,'5',1812,,29959,10,0,9 3 10 16,1,30,,29958,10,0,9 3 10 16,1,70,,29961,10,0,9 3 10 16,1,30,,29969,10,0,9 3 10 16,1,70,,29965,10,0,9 3 10 16,1,30,,29968,10,0,9 3 10 16,1,70,,29964,10,0,9 3 10 16,1,30,,29955,10,0,9 3 10 16,1,70,,29971,10,0,9 3 10 16,1,30,,29962,10,0,9 3 10 16,1,70,,29972,10,0,9 3 10 16,1
21601,'6',642,,29990,10,0,9 3 10 16,1,70,,29985,10,0,9 3 10 16,1,30,,30008,10,0,9 3 10 16,1,70,,30003,10,0,9 3 10 16,1,30,,30002,10,0,9 3 10 16,1,70,,30014,10,0,9 3 10 16,1,30,,30028,10,0,9 3 10 16,1,70,,29986,10,0,9 3 10 16,1,30,,29994,10,0,9 3 10 16,1,70,,30024,10,0,9 3 10 16,1,30,,30029,10,0,9 3 10 16,1,70,,29981,10,0,9 3 10 16,1,30,,29979,10,0,9 3 10 16,1,70,,30025,10,0,9 3 10 16,1,30,,29980,10,0,9 3 10 16,1,70,,29988,10,0,9 3 10 16,1,30,,29992,10,0,9 3 10 16,1,70,,30021,10,0,9 3 10 16,1,30,,29975,10,0,9 3 10 16,1,70,,30004,10,0,9 3 10 16,1,30,,29983,10,0,9 3 10 16,1,70,,29987,10,0,9 3 10 16,1,30,,30000,10,0,9 3 10 16,1,70,,30019,10,0,9 3 10 16,1,30,,30009,10,0,9 3 10 16,1,70,,30007,10,0,9 3 10 16,1,30,,30011,10,0,9 3 10 16,1,70,,30030,10,0,9 3 10 16,1,30,,29995,10,0,9 3 10 16,1
21601,'7',1812,,30052,10,0,9 3 10 16,1,30,,30053,10,0,9 3 10 16,1,70,,30043,10,0,9 3 10 16,1,30,,30035,10,0,9 3 10 16,1,70,,30033,10,0,9 3 10 16,1,30,,30047,10,0,9 3 10 16,1,70,,30045,10,0,9 3 10 16,1,30,,30041,10,0,9 3 10 16,1,70,,30050,10,0,9 3 10 16,1,30,,30036,10,0,9 3 10 16,1,70,,30038,10,0,9 3 10 16,1
21601,'8',1812,,30072,10,0,9 3 10 16,1,30,,30066,10,0,9 3 10 16,1,70,,30062,10,0,9 3 10 16,1,30,,30055,10,0,9 3 10 16,1,70,,30063,10,0,9 3 10 16,1,30,,30061,10,0,9 3 10 16,1,70,,30067,10,0,9 3 10 16,1,30,,30054,10,0,9 3 10 16,1,70,,30057,10,0,9 3 10 16,1,30,,30073,10,0,9 3 10 16,1,70,,30075,10,0,9 3 10 16,1
21601,'9',1812,,30076,10,0,9 3 10 16,1,30,,30097,10,0,9 3 10 16,1,70,,30092,10,0,9 3 10 16,1,30,,30079,10,0,9 3 10 16,1,70,,30077,10,0,9 3 10 16,1,30,,30083,10,0,9 3 10 16,1,70,,30087,10,0,9 3 10 16,1,30,,30091,10,0,9 3 10 16,1,70,,30090,10,0,9 3 10 16,1,30,,30094,10,0,9 3 10 16,1,70,,30081,10,0,9 3 10 16,1
