10400,'1',638,,18641,11,,,1,70,,20630,11,,,1,30,,20627,11,,,1,70,,20647,11,,,1,30,,20637,11,,,1,70,,20646,11,,,1,30,,20629,11,,,1,70,,20628,11,,,1,30,,20645,11,,,1,70,,20633,11,,,1,30,,20644,11,,,1,70,,20635,11,,,1,30,,20632,11,,,1,70,,20641,11,,,1,30,,20626,11,,,1,70,,20640,11,,,1,30,,20631,11,,,1,70,,20639,11,,,1,30,,20643,11,,,1,70,,20642,11,,,1,30,,20649,11,,,1,70,,20636,11,,,1,30,,20638,11,,,1,70,,20634,11,,,1,30,,20648,11,,,1
10400,'2',638,,20668,11,,,1,70,,20664,11,,,1,30,,20655,11,,,1,70,,20669,11,,,1,30,,20652,11,,,1,70,,20663,11,,,1,30,,20650,11,,,1,70,,20670,11,,,1,30,,20659,11,,,1,70,,20654,11,,,1,30,,20662,11,,,1,70,,20656,11,,,1,30,,20657,11,,,1,70,,20665,11,,,1,30,,20661,11,,,1,70,,20666,11,,,1,30,,20667,11,,,1,70,,20673,11,,,1,30,,20660,11,,,1,70,,20674,11,,,1,30,,20651,11,,,1,70,,20653,11,,,1,30,,20672,11,,,1,70,,20658,11,,,1,30,,20671,11,,,1
10400,'3',638,,20680,11,,,1,70,,20678,11,,,1,30,,20693,11,,,1,70,,20683,11,,,1,30,,20691,11,,,1,70,,20687,11,,,1,30,,20684,11,,,1,70,,20685,11,,,1,30,,20688,11,,,1,70,,20695,11,,,1,30,,20697,11,,,1,70,,20681,11,,,1,30,,20677,11,,,1,70,,20690,11,,,1,30,,20682,11,,,1,70,,20689,11,,,1,30,,20699,11,,,1,70,,20696,11,,,1,30,,20694,11,,,1,70,,20676,11,,,1,30,,20679,11,,,1,70,,20675,11,,,1,30,,20692,11,,,1,70,,20698,11,,,1,30,,20686,11,,,1
10400,'4',638,,20713,11,,,1,70,,20709,11,,,1,30,,20718,11,,,1,70,,20705,11,,,1,30,,20701,11,,,1,70,,20703,11,,,1,30,,20714,11,,,1,70,,20723,11,,,1,30,,20700,11,,,1,70,,20710,11,,,1,30,,20716,11,,,1,70,,20720,11,,,1,30,,20704,11,,,1,70,,20712,11,,,1,30,,20721,11,,,1,70,,20706,11,,,1,30,,20717,11,,,1,70,,20722,11,,,1,30,,20702,11,,,1,70,,20719,11,,,1,30,,20708,11,,,1,70,,20711,11,,,1,30,,20715,11,,,1,70,,20724,11,,,1,30,,20707,11,,,1
10400,'5',638,,20728,11,,,1,70,,20748,11,,,1,30,,20732,11,,,1,70,,20739,11,,,1,30,,20746,11,,,1,70,,20737,11,,,1,30,,20742,11,,,1,70,,20734,11,,,1,30,,20741,11,,,1,70,,20727,11,,,1,30,,20738,11,,,1,70,,20740,11,,,1,30,,20725,11,,,1,70,,20726,11,,,1,30,,20744,11,,,1,70,,20730,11,,,1,30,,20731,11,,,1,70,,20736,11,,,1,30,,20747,11,,,1,70,,20743,11,,,1,30,,20735,11,,,1,70,,20729,11,,,1,30,,20745,11,,,1,70,,20733,11,,,1,30,,20749,11,,,1
10400,'7',638,,20750,11,,,1,70,,20762,11,,,1,30,,20751,11,,,1,70,,20772,11,,,1,30,,20764,11,,,1,70,,20755,11,,,1,30,,20753,11,,,1,70,,20757,11,,,1,30,,20765,11,,,1,70,,20766,11,,,1,30,,20769,11,,,1,70,,20758,11,,,1,30,,20761,11,,,1,70,,20754,11,,,1,30,,20768,11,,,1,70,,20763,11,,,1,30,,20767,11,,,1,70,,20756,11,,,1,30,,20760,11,,,1,70,,20771,11,,,1,30,,20759,11,,,1,70,,20752,11,,,1,30,,20770,11,,,1,70,,20773,11,,,1,30,,20774,11,,,1
10400,'8',638,,20777,11,,,1,70,,20782,11,,,1,30,,20785,11,,,1,70,,20778,11,,,1,30,,20779,11,,,1,70,,20788,11,,,1,30,,20781,11,,,1,70,,20798,11,,,1,30,,20787,11,,,1,70,,20799,11,,,1,30,,20775,11,,,1,70,,20792,11,,,1,30,,20796,11,,,1,70,,20776,11,,,1,30,,20786,11,,,1,70,,20784,11,,,1,30,,20794,11,,,1,70,,20789,11,,,1,30,,20790,11,,,1,70,,20780,11,,,1,30,,20783,11,,,1,70,,20791,11,,,1,30,,20797,11,,,1,70,,20795,11,,,1,30,,20793,11,,,1
10400,'9',638,,20804,11,,,1,70,,20815,11,,,1,30,,20822,11,,,1,70,,20806,11,,,1,30,,20800,11,,,1,70,,20805,11,,,1,30,,20821,11,,,1,70,,20808,11,,,1,30,,20813,11,,,1,70,,20801,11,,,1,30,,20810,11,,,1,70,,20812,11,,,1,30,,20819,11,,,1,70,,20823,11,,,1,30,,20820,11,,,1,70,,20802,11,,,1,30,,20816,11,,,1,70,,20809,11,,,1,30,,20817,11,,,1,70,,20818,11,,,1,30,,20814,11,,,1,70,,20803,11,,,1,30,,20824,11,,,1,70,,20807,11,,,1,30,,20811,11,,,1
20301,'1',2408,,26673,11,,,1
20301,'2',2408,,26736,11,,,1
20301,'3',2408,,26747,11,,,1
20301,'4',2408,,26755,11,,,1
20301,'5',2408,,26764,11,,,1
20301,'7',2408,,26813,11,,,1
20301,'8',2408,,26822,11,,,1
20301,'9',2408,,26826,11,,,1
20400,'1',1908,,26836,11,,,1,30,,26839,11,,,1,70,,26837,11,,,1,30,,26841,11,,,1,70,,26840,11,,,1,30,,26845,11,,,1,70,,26843,11,,,1,30,,26842,11,,,1,70,,26838,11,,,1,30,,26844,11,,,1
20400,'10',738,,26855,11,,,1,70,,26852,11,,,1,30,,26860,11,,,1,70,,26847,11,,,1,30,,26849,11,,,1,70,,26863,11,,,1,30,,26862,11,,,1,70,,26867,11,,,1,30,,26868,11,,,1,70,,26871,11,,,1,30,,26858,11,,,1,70,,26853,11,,,1,30,,26873,11,,,1,70,,26870,11,,,1,30,,26846,11,,,1,70,,26857,11,,,1,30,,26854,11,,,1,70,,26872,11,,,1,30,,26851,11,,,1,70,,26866,11,,,1,30,,26869,11,,,1,70,,26848,11,,,1,30,,26864,11,,,1,70,,26859,11,,,1,30,,26865,11,,,1,70,,26861,11,,,1,30,,26850,11,,,1,70,,26856,11,,,1
20400,'11',738,,26889,11,,,1,70,,26884,11,,,1,30,,26895,11,,,1,70,,26893,11,,,1,30,,26887,11,,,1,70,,26876,11,,,1,30,,26878,11,,,1,70,,26880,11,,,1,30,,26882,11,,,1,70,,26888,11,,,1,30,,26874,11,,,1,70,,26881,11,,,1,30,,26897,11,,,1,70,,26899,11,,,1,30,,26883,11,,,1,70,,26890,11,,,1,30,,26901,11,,,1,70,,26877,11,,,1,30,,26894,11,,,1,70,,26886,11,,,1,30,,26885,11,,,1,70,,26875,11,,,1,30,,26896,11,,,1,70,,26892,11,,,1,30,,26900,11,,,1,70,,26891,11,,,1,30,,26879,11,,,1,70,,26898,11,,,1
20400,'2',1908,,26906,11,,,1,30,,26910,11,,,1,70,,26903,11,,,1,30,,26904,11,,,1,70,,26911,11,,,1,30,,26905,11,,,1,70,,26909,11,,,1,30,,26902,11,,,1,70,,26907,11,,,1,30,,26908,11,,,1
20400,'3',1908,,26913,11,,,1,30,,26912,11,,,1,70,,26914,11,,,1,30,,26915,11,,,1,70,,26920,11,,,1,30,,26916,11,,,1,70,,26919,11,,,1,30,,26917,11,,,1,70,,26921,11,,,1,30,,26918,11,,,1
20400,'4',1908,,26924,11,,,1,30,,26922,11,,,1,70,,26930,11,,,1,30,,26926,11,,,1,70,,26927,11,,,1,30,,26928,11,,,1,70,,26923,11,,,1,30,,26925,11,,,1,70,,26931,11,,,1,30,,26929,11,,,1
20400,'5',1908,,26937,11,,,1,30,,26941,11,,,1,70,,26934,11,,,1,30,,26935,11,,,1,70,,26932,11,,,1,30,,26933,11,,,1,70,,26939,11,,,1,30,,26936,11,,,1,70,,26940,11,,,1,30,,26938,11,,,1
20400,'6',738,,26964,11,,,1,70,,26958,11,,,1,30,,26948,11,,,1,70,,26955,11,,,1,30,,26945,11,,,1,70,,26961,11,,,1,30,,26951,11,,,1,70,,26949,11,,,1,30,,26963,11,,,1,70,,26952,11,,,1,30,,26947,11,,,1,70,,26960,11,,,1,30,,26956,11,,,1,70,,26962,11,,,1,30,,26965,11,,,1,70,,26943,11,,,1,30,,26953,11,,,1,70,,26944,11,,,1,30,,26954,11,,,1,70,,26957,11,,,1,30,,26946,11,,,1,70,,26969,11,,,1,30,,26942,11,,,1,70,,26967,11,,,1,30,,26968,11,,,1,70,,26966,11,,,1,30,,26959,11,,,1,70,,26950,11,,,1
20400,'7',1908,,26979,11,,,1,30,,26976,11,,,1,70,,26975,11,,,1,30,,26970,11,,,1,70,,26971,11,,,1,30,,26972,11,,,1,70,,26973,11,,,1,30,,26977,11,,,1,70,,26974,11,,,1,30,,26978,11,,,1
20400,'8',1908,,26980,11,,,1,30,,26982,11,,,1,70,,26988,11,,,1,30,,26983,11,,,1,70,,26984,11,,,1,30,,26985,11,,,1,70,,26989,11,,,1,30,,26987,11,,,1,70,,26986,11,,,1,30,,26981,11,,,1
20400,'9',1908,,26991,11,,,1,30,,26996,11,,,1,70,,26998,11,,,1,30,,26990,11,,,1,70,,26993,11,,,1,30,,26997,11,,,1,70,,26992,11,,,1,30,,26995,11,,,1,70,,26994,11,,,1,30,,26999,11,,,1
