10200,'1',649,,20030,5,,,1,70,,20042,5,,,1,30,,20040,5,,,1,70,,20039,5,,,1,30,,20031,5,,,1,70,,20035,5,,,1,30,,20041,5,,,1,100,,20029,5,,,1,100,,20038,5,,,1,100,,20044,5,,,1,100,,20046,5,,,1,100,,20036,5,,,1,70,,20034,5,,,1,30,,20043,5,,,1,70,,20037,5,,,1,30,,20032,5,,,1,70,,20033,5,,,1,30,,20045,5,,,1
10200,'2',649,,20063,5,,,1,70,,20064,5,,,1,30,,20059,5,,,1,70,,20048,5,,,1,30,,20054,5,,,1,70,,20053,5,,,1,30,,20057,5,,,1,100,,20058,5,,,1,100,,20051,5,,,1,100,,20056,5,,,1,100,,20047,5,,,1,100,,20049,5,,,1,70,,20060,5,,,1,30,,20052,5,,,1,70,,20062,5,,,1,30,,20050,5,,,1,70,,20055,5,,,1,30,,20061,5,,,1
10200,'3',649,,20071,5,,,1,70,,20073,5,,,1,30,,20065,5,,,1,70,,20078,5,,,1,30,,20067,5,,,1,70,,20077,5,,,1,30,,20066,5,,,1,100,,20079,5,,,1,100,,20072,5,,,1,100,,20069,5,,,1,100,,20068,5,,,1,100,,20080,5,,,1,70,,20076,5,,,1,30,,20081,5,,,1,70,,20082,5,,,1,30,,20074,5,,,1,70,,20070,5,,,1,30,,20075,5,,,1
10200,'4',649,,20097,5,,,1,70,,20086,5,,,1,30,,20085,5,,,1,70,,20083,5,,,1,30,,20088,5,,,1,70,,20094,5,,,1,30,,20099,5,,,1,100,,20095,5,,,1,100,,20093,5,,,1,100,,20089,5,,,1,100,,20091,5,,,1,100,,20092,5,,,1,70,,20087,5,,,1,30,,20100,5,,,1,70,,20096,5,,,1,30,,20098,5,,,1,70,,20090,5,,,1,30,,20084,5,,,1
10200,'5',649,,20118,5,,,1,70,,20109,5,,,1,30,,20108,5,,,1,70,,20111,5,,,1,30,,20104,5,,,1,70,,20106,5,,,1,30,,20105,5,,,1,100,,20103,5,,,1,100,,20114,5,,,1,100,,20112,5,,,1,100,,20110,5,,,1,100,,20115,5,,,1,70,,20101,5,,,1,30,,20113,5,,,1,70,,20102,5,,,1,30,,20107,5,,,1,70,,20117,5,,,1,30,,20116,5,,,1
10200,'7',649,,20119,5,,,1,70,,20131,5,,,1,30,,20133,5,,,1,70,,20125,5,,,1,30,,20130,5,,,1,70,,20134,5,,,1,30,,20129,5,,,1,100,,20120,5,,,1,100,,20128,5,,,1,100,,20132,5,,,1,100,,20136,5,,,1,100,,20122,5,,,1,70,,20126,5,,,1,30,,20121,5,,,1,70,,20124,5,,,1,30,,20135,5,,,1,70,,20127,5,,,1,30,,20123,5,,,1
10200,'8',649,,20139,5,,,1,70,,20137,5,,,1,30,,20148,5,,,1,70,,20153,5,,,1,30,,20138,5,,,1,70,,20150,5,,,1,30,,20145,5,,,1,100,,20142,5,,,1,100,,20152,5,,,1,100,,20154,5,,,1,100,,20144,5,,,1,100,,20143,5,,,1,70,,20147,5,,,1,30,,20149,5,,,1,70,,20140,5,,,1,30,,20146,5,,,1,70,,20151,5,,,1,30,,20141,5,,,1
10200,'9',649,,20165,5,,,1,70,,20164,5,,,1,30,,20166,5,,,1,70,,20163,5,,,1,30,,20171,5,,,1,70,,20168,5,,,1,30,,20156,5,,,1,100,,20169,5,,,1,100,,20160,5,,,1,100,,20159,5,,,1,100,,20161,5,,,1,100,,20157,5,,,1,70,,20158,5,,,1,30,,20162,5,,,1,70,,20170,5,,,1,30,,20172,5,,,1,70,,20155,5,,,1,30,,20167,5,,,1
11501,'1',719,,25465,5,,,1,30,,25492,5,,,1,70,,18790,5,,,1,30,,25476,5,,,1,70,,25460,5,,,1,30,,25483,5,,,1,70,,25473,5,,,1,100,,25487,5,,,1,100,,25466,5,,,1,100,,25488,5,,,1,100,,25475,5,,,1,100,,25478,5,,,1,30,,25489,5,,,1,70,,25480,5,,,1,30,,25463,5,,,1,70,,25472,5,,,1,30,,25495,5,,,1,70,,25482,5,,,1
11501,'2',719,,25515,5,,,1,30,,25528,5,,,1,70,,16761,5,,,1,30,,25532,5,,,1,70,,25526,5,,,1,30,,25503,5,,,1,70,,25512,5,,,1,100,,25521,5,,,1,100,,25529,5,,,1,100,,18354,5,,,1,100,,25505,5,,,1,100,,25498,5,,,1,30,,25497,5,,,1,70,,25525,5,,,1,30,,25507,5,,,1,70,,25517,5,,,1,30,,25520,5,,,1,70,,25506,5,,,1
11501,'3',719,,25548,5,,,1,30,,25536,5,,,1,70,,25542,5,,,1,30,,25549,5,,,1,70,,25571,5,,,1,30,,25535,5,,,1,70,,25555,5,,,1,100,,25538,5,,,1,100,,25550,5,,,1,100,,25554,5,,,1,100,,25566,5,,,1,100,,25539,5,,,1,30,,25559,5,,,1,70,,25540,5,,,1,30,,25561,5,,,1,70,,25551,5,,,1,30,,25543,5,,,1,70,,25537,5,,,1
11501,'4',719,,25604,5,,,1,30,,25611,5,,,1,70,,25582,5,,,1,30,,25578,5,,,1,70,,25596,5,,,1,30,,25580,5,,,1,70,,25591,5,,,1,100,,25585,5,,,1,100,,25601,5,,,1,100,,25593,5,,,1,100,,25586,5,,,1,100,,25605,5,,,1,30,,25603,5,,,1,70,,25589,5,,,1,30,,25576,5,,,1,70,,25606,5,,,1,30,,25583,5,,,1,70,,25581,5,,,1
11501,'5',719,,25623,5,,,1,30,,25614,5,,,1,70,,25616,5,,,1,30,,25632,5,,,1,70,,25631,5,,,1,30,,25627,5,,,1,70,,25621,5,,,1,100,,25641,5,,,1,100,,25620,5,,,1,100,,25635,5,,,1,100,,25650,5,,,1,100,,25626,5,,,1,30,,25642,5,,,1,70,,25648,5,,,1,30,,25640,5,,,1,70,,25617,5,,,1,30,,25646,5,,,1,70,,25639,5,,,1
11501,'7',719,,25656,5,,,1,30,,25672,5,,,1,70,,25683,5,,,1,30,,25665,5,,,1,70,,25668,5,,,1,30,,25669,5,,,1,70,,25651,5,,,1,100,,25686,5,,,1,100,,25653,5,,,1,100,,25688,5,,,1,100,,25657,5,,,1,100,,25685,5,,,1,30,,25684,5,,,1,70,,25662,5,,,1,30,,25687,5,,,1,70,,25673,5,,,1,30,,25664,5,,,1,70,,25655,5,,,1
11501,'8',719,,25712,5,,,1,30,,25716,5,,,1,70,,25708,5,,,1,30,,25698,5,,,1,70,,25694,5,,,1,30,,25728,5,,,1,70,,25693,5,,,1,100,,25720,5,,,1,100,,25722,5,,,1,100,,25703,5,,,1,100,,25714,5,,,1,100,,25707,5,,,1,30,,25697,5,,,1,70,,25699,5,,,1,30,,25727,5,,,1,70,,25719,5,,,1,30,,25724,5,,,1,70,,25691,5,,,1
11501,'9',719,,25736,5,,,1,30,,25732,5,,,1,70,,25752,5,,,1,30,,25748,5,,,1,70,,25746,5,,,1,30,,25737,5,,,1,70,,25733,5,,,1,100,,25767,5,,,1,100,,25747,5,,,1,100,,25750,5,,,1,100,,25743,5,,,1,100,,25734,5,,,1,30,,25744,5,,,1,70,,25739,5,,,1,30,,25763,5,,,1,70,,25757,5,,,1,30,,25754,5,,,1,70,,25766,5,,,1
