11300,'1',628,,24507,12,,,1,100,,24518,12,,,1,100,,24513,12,,,1,100,,24510,12,,,1,100,,24522,12,,,1,100,,19261,12,,,1,100,,24521,12,,,1,100,,24506,12,,,1,100,,24525,12,,,1,100,,24532,12,,,1,100,,24523,12,,,1,100,,24528,12,,,1,100,,24527,12,,,1
11300,'2',628,,24538,12,,,1,100,,24542,12,,,1,100,,24556,12,,,1,100,,24552,12,,,1,100,,24548,12,,,1,100,,24534,12,,,1,100,,24546,12,,,1,100,,24533,12,,,1,100,,24563,12,,,1,100,,24570,12,,,1,100,,24541,12,,,1,100,,24566,12,,,1,100,,24557,12,,,1
11300,'3',628,,24609,12,,,1,100,,24582,12,,,1,100,,24573,12,,,1,100,,24586,12,,,1,100,,24575,12,,,1,100,,24606,12,,,1,100,,24580,12,,,1,100,,24594,12,,,1,100,,24592,12,,,1,100,,24591,12,,,1,100,,24576,12,,,1,100,,24598,12,,,1,100,,24574,12,,,1
11300,'4',628,,24637,12,,,1,100,,24647,12,,,1,100,,24642,12,,,1,100,,24634,12,,,1,100,,24619,12,,,1,100,,24628,12,,,1,100,,24630,12,,,1,100,,24618,12,,,1,100,,24617,12,,,1,100,,24629,12,,,1,100,,24633,12,,,1,100,,24632,12,,,1,100,,24643,12,,,1
11300,'5',628,,24671,12,,,1,100,,24668,12,,,1,100,,24653,12,,,1,100,,24652,12,,,1,100,,24674,12,,,1,100,,24667,12,,,1,100,,24686,12,,,1,100,,24658,12,,,1,100,,24650,12,,,1,100,,24682,12,,,1,100,,24679,12,,,1,100,,24675,12,,,1,100,,24677,12,,,1
11300,'7',628,,24711,12,,,1,100,,24719,12,,,1,100,,24724,12,,,1,100,,24700,12,,,1,100,,24716,12,,,1,100,,24718,12,,,1,100,,24726,12,,,1,100,,24720,12,,,1,100,,24709,12,,,1,100,,24703,12,,,1,100,,24696,12,,,1,100,,24704,12,,,1,100,,24722,12,,,1
11300,'8',628,,24759,12,,,1,100,,24727,12,,,1,100,,24758,12,,,1,100,,24755,12,,,1,100,,24764,12,,,1,100,,24730,12,,,1,100,,24751,12,,,1,100,,24754,12,,,1,100,,24752,12,,,1,100,,24765,12,,,1,100,,24729,12,,,1,100,,24756,12,,,1,100,,24744,12,,,1
11300,'9',628,,24778,12,,,1,100,,24797,12,,,1,100,,24795,12,,,1,100,,24766,12,,,1,100,,24772,12,,,1,100,,24801,12,,,1,100,,24803,12,,,1,100,,24773,12,,,1,100,,24770,12,,,1,100,,24787,12,,,1,100,,24798,12,,,1,100,,24768,12,,,1,100,,24780,12,,,1
21300,'1',1928,,28956,12,,,1,100,,28955,12,,,1,100,,28957,12,,,1,100,,28954,12,,,1
21300,'10',728,,28959,12,,,1,100,,28970,12,,,1,100,,28966,12,,,1,100,,28964,12,,,1,100,,28962,12,,,1,100,,28961,12,,,1,100,,28969,12,,,1,100,,28960,12,,,1,100,,28965,12,,,1,100,,28958,12,,,1,100,,28963,12,,,1,100,,28968,12,,,1,100,,28967,12,,,1
21300,'11',728,,28980,12,,,1,100,,28978,12,,,1,100,,28974,12,,,1,100,,28983,12,,,1,100,,28982,12,,,1,100,,28972,12,,,1,100,,28981,12,,,1,100,,28973,12,,,1,100,,28979,12,,,1,100,,28977,12,,,1,100,,28971,12,,,1,100,,28976,12,,,1,100,,28975,12,,,1
21300,'2',1928,,28985,12,,,1,100,,28987,12,,,1,100,,28986,12,,,1,100,,28984,12,,,1
21300,'3',1928,,28989,12,,,1,100,,28988,12,,,1,100,,28990,12,,,1,100,,28991,12,,,1
21300,'4',1928,,28992,12,,,1,100,,28993,12,,,1,100,,28994,12,,,1,100,,28995,12,,,1
21300,'5',1928,,28998,12,,,1,100,,28996,12,,,1,100,,28999,12,,,1,100,,28997,12,,,1
21300,'6',728,,29009,12,,,1,100,,29010,12,,,1,100,,29003,12,,,1,100,,29002,12,,,1,100,,29000,12,,,1,100,,29005,12,,,1,100,,29001,12,,,1,100,,29008,12,,,1,100,,29006,12,,,1,100,,29011,12,,,1,100,,29004,12,,,1,100,,29007,12,,,1,100,,29012,12,,,1
21300,'7',1928,,29015,12,,,1,100,,29016,12,,,1,100,,29014,12,,,1,100,,29013,12,,,1
21300,'8',1928,,29018,12,,,1,100,,29020,12,,,1,100,,29019,12,,,1,100,,29017,12,,,1
21300,'9',1928,,29023,12,,,1,100,,29021,12,,,1,100,,29024,12,,,1,100,,29022,12,,,1
