10800,'10',702,,17932,5,,,1,30,,17931,5,,,1,70,,17924,5,,,1,30,,15154,5,,,1,70,,17945,5,,,1,30,,17929,5,,,1,100,,17927,5,,,1,100,,17928,5,,,1,100,,16388,5,,,1,100,,17938,5,,,1,100,,17937,5,,,1,70,,17940,5,,,1,30,,17925,5,,,1,70,,17948,5,,,1,30,,17926,5,,,1,70,,17947,5,,,1,30,,17923,5,,,1
10800,'7',702,,16222,5,,,1,30,,17977,5,,,1,70,,17970,5,,,1,30,,17983,5,,,1,70,,17962,5,,,1,30,,17966,5,,,1,100,,17958,5,,,1,100,,17961,5,,,1,100,,16370,5,,,1,100,,17968,5,,,1,100,,17967,5,,,1,70,,17969,5,,,1,30,,17956,5,,,1,70,,17978,5,,,1,30,,17960,5,,,1,70,,17974,5,,,1,30,,17954,5,,,1
10900,'10',704,,18014,5,,,1,100,,18020,5,,,1,100,,18021,5,,,1,100,,18019,5,,,1,100,,16763,5,,,1,100,,18017,5,,,1,100,,18015,5,,,1,100,,18018,5,,,1,100,,14471,5,,,1,100,,15778,5,,,1,100,,18022,5,,,1,100,,18016,5,,,1
10900,'7',704,,18023,5,,,1,100,,18028,5,,,1,100,,18029,5,,,1,100,,18027,5,,,1,100,,16756,5,,,1,100,,18026,5,,,1,100,,18024,5,,,1,100,,16671,5,,,1,100,,14449,5,,,1,100,,15759,5,,,1,100,,18030,5,,,1,100,,18025,5,,,1
11400,'10',632,,18500,5,,,1,100,,18493,5,,,1,100,,18502,5,,,1,100,,18494,5,,,1,100,,18496,5,,,1,100,,18499,5,,,1,100,,15532,5,,,1,100,,18492,5,,,1,100,,18497,5,,,1,100,,18498,5,,,1,100,,18501,5,,,1,100,,18495,5,,,1
11400,'7',632,,18511,5,,,1,100,,18504,5,,,1,100,,18513,5,,,1,100,,18505,5,,,1,100,,18507,5,,,1,100,,18510,5,,,1,100,,15488,5,,,1,100,,18503,5,,,1,100,,18508,5,,,1,100,,18509,5,,,1,100,,18512,5,,,1,100,,18506,5,,,1
20900,'10',1902,,19175,5,,,1,100,,19172,5,,,1,100,,19173,5,,,1,100,,19174,5,,,1
20900,'5',802,,19180,5,,,1,100,,19185,5,,,1,100,,19179,5,,,1,100,,19181,5,,,1,100,,19183,5,,,1,100,,19187,5,,,1,100,,16416,5,,,1,100,,19177,5,,,1,100,,19184,5,,,1,100,,19186,5,,,1,100,,19182,5,,,1,100,,19176,5,,,1,100,,19178,5,,,1
20900,'7',1902,,19189,5,,,1,100,,19191,5,,,1,100,,19190,5,,,1,100,,19188,5,,,1
21400,'10',1832,,15131,4,,,1,100,,19525,4,,,1,100,,19524,4,,,1,100,,16587,4,,,1,100,,19523,4,,,1
21400,'5',732,,19534,4,,,1,100,,19532,4,,,1,100,,19528,4,,,1,100,,19536,4,,,1,100,,19526,4,,,1,100,,19533,4,,,1,100,,19531,4,,,1,100,,19529,4,,,1,100,,19527,4,,,1,100,,16300,4,,,1,100,,19537,4,,,1,100,,19530,4,,,1,100,,19535,4,,,1
21400,'7',1832,,15095,4,,,1,100,,19538,4,,,1,100,,19539,4,,,1,100,,19541,4,,,1,100,,19540,4,,,1
