21401,'1',1842,,29314,15,,,1,100,,29315,15,,,1,100,,29313,15,,,1,100,,29312,15,,,1,100,,29311,15,,,1
21401,'10',742,,29324,15,,,1,100,,29323,15,,,1,100,,29327,15,,,1,100,,29322,15,,,1,100,,29325,15,,,1,100,,29316,15,,,1,100,,29326,15,,,1,100,,29319,15,,,1,100,,29320,15,,,1,100,,17231,15,,,1,100,,29317,15,,,1,100,,29318,15,,,1,100,,29321,15,,,1
21401,'11',742,,29335,15,,,1,100,,29331,15,,,1,100,,29334,15,,,1,100,,29328,15,,,1,100,,29329,15,,,1,100,,29336,15,,,1,100,,29330,15,,,1,100,,29338,15,,,1,100,,29339,15,,,1,100,,29332,15,,,1,100,,29337,15,,,1,100,,29340,15,,,1,100,,29333,15,,,1
21401,'2',1842,,29344,15,,,1,100,,29343,15,,,1,100,,29342,15,,,1,100,,29341,15,,,1,100,,29345,15,,,1
21401,'3',1842,,29347,15,,,1,100,,29350,15,,,1,100,,29348,15,,,1,100,,29346,15,,,1,100,,29349,15,,,1
21401,'4',1842,,29354,15,,,1,100,,29352,15,,,1,100,,29355,15,,,1,100,,29353,15,,,1,100,,29351,15,,,1
21401,'5',1842,,29360,15,,,1,100,,29358,15,,,1,100,,29357,15,,,1,100,,29356,15,,,1,100,,29359,15,,,1
21401,'6',742,,29373,15,,,1,100,,29365,15,,,1,100,,29368,15,,,1,100,,29367,15,,,1,100,,29370,15,,,1,100,,29366,15,,,1,100,,29361,15,,,1,100,,29364,15,,,1,100,,29372,15,,,1,100,,29369,15,,,1,100,,29363,15,,,1,100,,29371,15,,,1,100,,29362,15,,,1
21401,'7',1842,,29377,15,,,1,100,,29374,15,,,1,100,,29375,15,,,1,100,,29378,15,,,1,100,,29376,15,,,1
21401,'8',1842,,29382,15,,,1,100,,29379,15,,,1,100,,29380,15,,,1,100,,29381,15,,,1,100,,29383,15,,,1
21401,'9',1842,,29388,15,,,1,100,,29386,15,,,1,100,,29387,15,,,1,100,,29385,15,,,1,100,,29384,15,,,1
