10401,'10',642,,17541,6,,,1,70,,17526,6,,,1,30,,17546,6,,,1,70,,17518,6,,,1,30,,17530,6,,,1,70,,17509,6,,,1,30,,17517,6,,,1,70,,17535,6,,,1,30,,15224,6,,,1,70,,17506,6,,,1,30,,17540,6,,,1,70,,17514,6,,,1,30,,17523,6,,,1,70,,17516,6,,,1,30,,17512,6,,,1,70,,17529,6,,,1,30,,17536,6,,,1,70,,17510,6,,,1,30,,17525,6,,,1,70,,17507,6,,,1,30,,14772,6,,,1,70,,17521,6,,,1,30,,17545,6,,,1,70,,16389,6,,,1,30,,17528,6,,,1
10401,'7',642,,17585,6,,,1,70,,17576,6,,,1,30,,17590,6,,,1,70,,17573,6,,,1,30,,17580,6,,,1,70,,17581,6,,,1,30,,17563,6,,,1,70,,17589,6,,,1,30,,17577,6,,,1,70,,17569,6,,,1,30,,17586,6,,,1,70,,17561,6,,,1,30,,17556,6,,,1,70,,17562,6,,,1,30,,17558,6,,,1,70,,17579,6,,,1,30,,17572,6,,,1,70,,17555,6,,,1,30,,17575,6,,,1,70,,17553,6,,,1,30,,14721,6,,,1,70,,17567,6,,,1,30,,17587,6,,,1,70,,16371,6,,,1,30,,17578,6,,,1
10800,'10',727,,17935,19,,,1,30,,17942,19,,,1,70,,17949,19,,,1,30,,17944,19,,,1,70,,17939,19,,,1,30,,14649,19,,,1,100,,17936,19,,,1,100,,17946,19,,,1,100,,17930,19,,,1,100,,17933,19,,,1,100,,17950,19,,,1,70,,17943,19,,,1,30,,17941,19,,,1,70,,17953,19,,,1,30,,17952,19,,,1,70,,17934,19,,,1,30,,17951,19,,,1
10800,'7',727,,15564,19,,,1,30,,17976,19,,,1,70,,17959,19,,,1,30,,17975,19,,,1,70,,17955,19,,,1,30,,12938,19,,,1,100,,17957,19,,,1,100,,17973,19,,,1,100,,17963,19,,,1,100,,17964,19,,,1,100,,17979,19,,,1,70,,17972,19,,,1,30,,17971,19,,,1,70,,17982,19,,,1,30,,17981,19,,,1,70,,17965,19,,,1,30,,17980,19,,,1
10801,'10',627,,17990,7,,,1,30,,17989,7,,,1
10801,'7',627,,15995,7,,,1,30,,18008,7,,,1
20301,'10',2409,,16215,18,,,1
20301,'7',2409,,16131,18,,,1
20401,'10',1913,,18895,6,,,1,30,,16891,6,,,1,70,,18884,6,,,1,30,,18899,6,,,1,70,,18898,6,,,1,30,,18897,6,,,1,70,,15843,6,,,1,30,,18888,6,,,1,70,,18900,6,,,1,30,,18889,6,,,1
20401,'5',743,,18922,6,,,1,70,,16549,6,,,1,30,,18909,6,,,1,70,,18929,6,,,1,30,,18916,6,,,1,70,,18940,6,,,1,30,,18915,6,,,1,70,,18913,6,,,1,30,,18945,6,,,1,70,,18943,6,,,1,30,,18951,6,,,1,70,,18933,6,,,1,30,,18925,6,,,1,70,,18919,6,,,1,30,,18952,6,,,1,70,,18923,6,,,1,30,,18918,6,,,1,70,,18946,6,,,1,30,,18908,6,,,1,70,,18926,6,,,1,30,,18903,6,,,1,70,,18901,6,,,1,30,,17219,6,,,1,70,,18924,6,,,1,30,,18941,6,,,1,70,,16480,6,,,1,30,,18935,6,,,1,70,,16918,6,,,1
20401,'7',1913,,18965,6,,,1,30,,16882,6,,,1,70,,18954,6,,,1,30,,18969,6,,,1,70,,18968,6,,,1,30,,18967,6,,,1,70,,15813,6,,,1,30,,18958,6,,,1,70,,18970,6,,,1,30,,18959,6,,,1
