11000,'1',635,,23450,8,,,1,70,,23438,8,,,1,30,,23440,8,,,1,70,,23453,8,,,1,30,,23441,8,,,1,70,,23446,8,,,1,30,,23448,8,,,1,70,,23437,8,,,1,30,,23447,8,,,1,70,,23434,8,,,1,30,,23436,8,,,1,70,,23445,8,,,1,30,,23457,8,,,1,70,,23451,8,,,1,30,,23452,8,,,1,70,,23439,8,,,1,30,,23435,8,,,1,70,,23433,8,,,1,30,,23443,8,,,1,70,,23455,8,,,1,30,,23449,8,,,1,70,,23444,8,,,1,30,,23456,8,,,1,70,,23442,8,,,1,30,,23454,8,,,1
11000,'2',635,,23470,8,,,1,70,,23459,8,,,1,30,,23463,8,,,1,70,,23475,8,,,1,30,,23478,8,,,1,70,,23476,8,,,1,30,,23466,8,,,1,70,,23467,8,,,1,30,,23458,8,,,1,70,,23461,8,,,1,30,,23477,8,,,1,70,,23479,8,,,1,30,,23471,8,,,1,70,,23473,8,,,1,30,,17518,8,,,1,70,,23480,8,,,1,30,,23474,8,,,1,70,,23460,8,,,1,30,,23472,8,,,1,70,,23465,8,,,1,30,,23481,8,,,1,70,,23469,8,,,1,30,,23468,8,,,1,70,,23462,8,,,1,30,,23464,8,,,1
11000,'3',635,,23483,8,,,1,70,,23502,8,,,1,30,,23482,8,,,1,70,,23503,8,,,1,30,,23485,8,,,1,70,,23496,8,,,1,30,,23484,8,,,1,70,,23493,8,,,1,30,,23495,8,,,1,70,,23494,8,,,1,30,,23501,8,,,1,70,,23492,8,,,1,30,,23488,8,,,1,70,,23498,8,,,1,30,,23490,8,,,1,70,,23499,8,,,1,30,,23486,8,,,1,70,,23500,8,,,1,30,,23489,8,,,1,70,,23497,8,,,1,30,,23491,8,,,1,70,,23504,8,,,1,30,,23505,8,,,1,70,,23487,8,,,1,30,,23506,8,,,1
11000,'4',635,,23530,8,,,1,70,,23529,8,,,1,30,,23527,8,,,1,70,,23508,8,,,1,30,,23521,8,,,1,70,,23520,8,,,1,30,,23509,8,,,1,70,,23522,8,,,1,30,,23507,8,,,1,70,,23510,8,,,1,30,,23514,8,,,1,70,,23517,8,,,1,30,,23516,8,,,1,70,,23531,8,,,1,30,,23512,8,,,1,70,,23525,8,,,1,30,,23526,8,,,1,70,,23524,8,,,1,30,,23511,8,,,1,70,,23518,8,,,1,30,,23513,8,,,1,70,,23515,8,,,1,30,,23519,8,,,1,70,,23528,8,,,1,30,,23523,8,,,1
11000,'5',635,,23550,8,,,1,70,,23546,8,,,1,30,,23551,8,,,1,70,,23535,8,,,1,30,,23547,8,,,1,70,,23537,8,,,1,30,,23539,8,,,1,70,,23534,8,,,1,30,,23543,8,,,1,70,,23536,8,,,1,30,,23533,8,,,1,70,,23532,8,,,1,30,,23541,8,,,1,70,,23538,8,,,1,30,,23555,8,,,1,70,,23542,8,,,1,30,,23554,8,,,1,70,,23556,8,,,1,30,,23540,8,,,1,70,,23548,8,,,1,30,,23553,8,,,1,70,,23552,8,,,1,30,,23544,8,,,1,70,,23549,8,,,1,30,,23545,8,,,1
11000,'7',635,,23559,8,,,1,70,,23578,8,,,1,30,,23565,8,,,1,70,,23576,8,,,1,30,,23573,8,,,1,70,,23579,8,,,1,30,,23569,8,,,1,70,,23574,8,,,1,30,,23572,8,,,1,70,,23568,8,,,1,30,,23570,8,,,1,70,,23580,8,,,1,30,,23558,8,,,1,70,,23561,8,,,1,30,,23577,8,,,1,70,,23575,8,,,1,30,,23562,8,,,1,70,,23563,8,,,1,30,,23566,8,,,1,70,,23581,8,,,1,30,,23557,8,,,1,70,,23567,8,,,1,30,,23560,8,,,1,70,,23571,8,,,1,30,,23564,8,,,1
11000,'8',635,,23586,8,,,1,70,,23595,8,,,1,30,,23593,8,,,1,70,,23603,8,,,1,30,,23602,8,,,1,70,,23589,8,,,1,30,,23596,8,,,1,70,,23599,8,,,1,30,,23582,8,,,1,70,,23606,8,,,1,30,,23590,8,,,1,70,,23600,8,,,1,30,,23584,8,,,1,70,,23587,8,,,1,30,,23601,8,,,1,70,,23598,8,,,1,30,,23588,8,,,1,70,,23592,8,,,1,30,,23594,8,,,1,70,,23605,8,,,1,30,,23591,8,,,1,70,,23583,8,,,1,30,,23585,8,,,1,70,,23604,8,,,1,30,,23597,8,,,1
11000,'9',635,,23620,8,,,1,70,,23613,8,,,1,30,,23631,8,,,1,70,,23615,8,,,1,30,,23612,8,,,1,70,,23626,8,,,1,30,,23628,8,,,1,70,,23608,8,,,1,30,,23629,8,,,1,70,,23611,8,,,1,30,,23609,8,,,1,70,,23610,8,,,1,30,,23630,8,,,1,70,,23621,8,,,1,30,,23616,8,,,1,70,,23627,8,,,1,30,,23623,8,,,1,70,,23614,8,,,1,30,,23622,8,,,1,70,,23607,8,,,1,30,,23625,8,,,1,70,,23618,8,,,1,30,,23624,8,,,1,70,,23619,8,,,1,30,,23617,8,,,1
11001,'1',619,,23642,6,,,1,30,,23654,6,,,1,70,,23643,6,,,1,30,,23650,6,,,1,70,,23633,6,,,1,30,,23638,6,,,1,70,,23640,6,,,1,30,,23632,6,,,1,70,,23637,6,,,1,30,,23653,6,,,1,70,,23652,6,,,1,30,,23645,6,,,1,70,,23656,6,,,1,30,,23647,6,,,1,70,,23646,6,,,1,30,,23634,6,,,1,70,,23636,6,,,1,30,,23639,6,,,1,70,,23648,6,,,1,30,,23644,6,,,1,70,,23649,6,,,1,30,,23641,6,,,1,70,,23655,6,,,1,30,,23651,6,,,1,70,,23635,6,,,1
11001,'2',619,,23671,6,,,1,30,,23670,6,,,1,70,,23673,6,,,1,30,,23667,6,,,1,70,,23675,6,,,1,30,,23665,6,,,1,70,,23678,6,,,1,30,,23657,6,,,1,70,,23674,6,,,1,30,,23669,6,,,1,70,,23659,6,,,1,30,,23661,6,,,1,70,,23672,6,,,1,30,,18124,6,,,1,70,,23664,6,,,1,30,,23660,6,,,1,70,,23666,6,,,1,30,,18251,6,,,1,70,,23677,6,,,1,30,,23676,6,,,1,70,,23679,6,,,1,30,,23668,6,,,1,70,,23662,6,,,1,30,,23663,6,,,1,70,,23658,6,,,1
11001,'3',619,,23696,6,,,1,30,,23701,6,,,1,70,,23693,6,,,1,30,,23702,6,,,1,70,,23681,6,,,1,30,,23695,6,,,1,70,,23704,6,,,1,30,,23682,6,,,1,70,,23698,6,,,1,30,,23692,6,,,1,70,,23688,6,,,1,30,,23689,6,,,1,70,,23683,6,,,1,30,,23687,6,,,1,70,,23691,6,,,1,30,,23680,6,,,1,70,,23699,6,,,1,30,,23690,6,,,1,70,,23694,6,,,1,30,,23700,6,,,1,70,,23685,6,,,1,30,,23686,6,,,1,70,,23703,6,,,1,30,,23684,6,,,1,70,,23697,6,,,1
11001,'4',619,,23708,6,,,1,30,,23706,6,,,1,70,,23712,6,,,1,30,,23724,6,,,1,70,,23718,6,,,1,30,,23728,6,,,1,70,,23719,6,,,1,30,,23723,6,,,1,70,,23729,6,,,1,30,,23725,6,,,1,70,,23705,6,,,1,30,,23720,6,,,1,70,,23709,6,,,1,30,,23714,6,,,1,70,,23711,6,,,1,30,,23727,6,,,1,70,,23721,6,,,1,30,,23722,6,,,1,70,,23707,6,,,1,30,,23713,6,,,1,70,,23726,6,,,1,30,,23716,6,,,1,70,,23715,6,,,1,30,,23710,6,,,1,70,,23717,6,,,1
11001,'5',619,,23730,6,,,1,30,,23748,6,,,1,70,,23741,6,,,1,30,,23740,6,,,1,70,,23745,6,,,1,30,,23750,6,,,1,70,,23737,6,,,1,30,,23731,6,,,1,70,,23752,6,,,1,30,,23746,6,,,1,70,,23744,6,,,1,30,,23742,6,,,1,70,,23738,6,,,1,30,,23732,6,,,1,70,,23747,6,,,1,30,,23743,6,,,1,70,,23739,6,,,1,30,,23733,6,,,1,70,,23736,6,,,1,30,,23749,6,,,1,70,,23753,6,,,1,30,,23735,6,,,1,70,,23734,6,,,1,30,,23751,6,,,1,70,,23754,6,,,1
11001,'7',619,,23763,6,,,1,30,,23777,6,,,1,70,,23776,6,,,1,30,,23768,6,,,1,70,,23767,6,,,1,30,,23769,6,,,1,70,,23775,6,,,1,30,,23766,6,,,1,70,,23765,6,,,1,30,,23774,6,,,1,70,,23779,6,,,1,30,,23773,6,,,1,70,,23764,6,,,1,30,,23761,6,,,1,70,,23771,6,,,1,30,,23758,6,,,1,70,,23770,6,,,1,30,,23755,6,,,1,70,,23772,6,,,1,30,,23757,6,,,1,70,,23778,6,,,1,30,,23759,6,,,1,70,,23756,6,,,1,30,,23762,6,,,1,70,,23760,6,,,1
11001,'8',619,,23789,6,,,1,30,,23790,6,,,1,70,,23792,6,,,1,30,,23794,6,,,1,70,,23801,6,,,1,30,,23788,6,,,1,70,,23781,6,,,1,30,,23797,6,,,1,70,,23795,6,,,1,30,,23787,6,,,1,70,,23804,6,,,1,30,,23784,6,,,1,70,,23800,6,,,1,30,,23783,6,,,1,70,,23786,6,,,1,30,,23803,6,,,1,70,,23799,6,,,1,30,,23796,6,,,1,70,,23802,6,,,1,30,,23793,6,,,1,70,,23782,6,,,1,30,,23798,6,,,1,70,,23780,6,,,1,30,,23791,6,,,1,70,,23785,6,,,1
11001,'9',619,,23827,6,,,1,30,,23829,6,,,1,70,,23808,6,,,1,30,,23819,6,,,1,70,,23811,6,,,1,30,,23813,6,,,1,70,,23805,6,,,1,30,,23814,6,,,1,70,,23826,6,,,1,30,,23820,6,,,1,70,,23817,6,,,1,30,,23810,6,,,1,70,,23828,6,,,1,30,,23807,6,,,1,70,,23825,6,,,1,30,,23809,6,,,1,70,,23812,6,,,1,30,,23815,6,,,1,70,,23816,6,,,1,30,,23821,6,,,1,70,,23806,6,,,1,30,,23818,6,,,1,70,,23822,6,,,1,30,,23823,6,,,1,70,,23824,6,,,1
