10100,'1',719,,19742,22,4,,1,30,,19743,22,4,,1,70,,19746,22,4,,1,30,,19744,22,4,,1,70,,19757,22,4,,1,30,,19748,22,4,,1,70,,19756,22,4,,1,100,,19758,22,4,,1,100,,19751,22,4,,1,100,,19749,22,4,,1,101,,19750,22,4,,1,100,,19745,22,4,,1,30,,19755,22,4,,1,70,,19753,22,4,,1,30,,19759,22,4,,1,70,,19747,22,4,,1,30,,19754,22,4,,1,70,,19752,22,4,,1
10100,'2',719,,19776,22,4,,1,30,,19773,22,4,,1,70,,19772,22,4,,1,30,,19767,22,4,,1,70,,19766,22,4,,1,30,,19760,22,4,,1,70,,19768,22,4,,1,100,,19761,22,4,,1,100,,19774,22,4,,1,100,,19762,22,4,,1,101,,19763,22,4,,1,100,,19777,22,4,,1,30,,19765,22,4,,1,70,,19771,22,4,,1,30,,19769,22,4,,1,70,,19764,22,4,,1,30,,19775,22,4,,1,70,,19770,22,4,,1
10100,'3',719,,19793,22,4,,1,30,,19780,22,4,,1,70,,19785,22,4,,1,30,,19783,22,4,,1,70,,19789,22,4,,1,30,,19788,22,4,,1,70,,19795,22,4,,1,100,,19792,22,4,,1,100,,19778,22,4,,1,100,,19781,22,4,,1,101,,19784,22,4,,1,100,,19787,22,4,,1,30,,19794,22,4,,1,70,,19779,22,4,,1,30,,19791,22,4,,1,70,,19782,22,4,,1,30,,19790,22,4,,1,70,,19786,22,4,,1
10100,'4',719,,19808,22,4,,1,30,,19807,22,4,,1,70,,19812,22,4,,1,30,,19799,22,4,,1,70,,19805,22,4,,1,30,,19797,22,4,,1,70,,19803,22,4,,1,100,,19800,22,4,,1,100,,19810,22,4,,1,100,,19806,22,4,,1,101,,19798,22,4,,1,100,,19813,22,4,,1,30,,19802,22,4,,1,70,,19796,22,4,,1,30,,19809,22,4,,1,70,,19801,22,4,,1,30,,19804,22,4,,1,70,,19811,22,4,,1
10100,'5',719,,19815,22,4,,1,30,,19831,22,4,,1,70,,19816,22,4,,1,30,,19825,22,4,,1,70,,19827,22,4,,1,30,,19828,22,4,,1,70,,19824,22,4,,1,100,,19818,22,4,,1,100,,19826,22,4,,1,100,,19817,22,4,,1,101,,19820,22,4,,1,100,,19822,22,4,,1,30,,19830,22,4,,1,70,,19819,22,4,,1,30,,19823,22,4,,1,70,,19814,22,4,,1,30,,19829,22,4,,1,70,,19821,22,4,,1
10100,'7',719,,19832,22,4,,1,30,,19845,22,4,,1,70,,19843,22,4,,1,30,,19839,22,4,,1,70,,19841,22,4,,1,30,,19836,22,4,,1,70,,19833,22,4,,1,100,,19847,22,4,,1,100,,19834,22,4,,1,100,,19849,22,4,,1,101,,19842,22,4,,1,100,,19844,22,4,,1,30,,19848,22,4,,1,70,,19837,22,4,,1,30,,19835,22,4,,1,70,,19840,22,4,,1,30,,19838,22,4,,1,70,,19846,22,4,,1
10100,'8',719,,19862,22,4,,1,30,,19851,22,4,,1,70,,19852,22,4,,1,30,,19866,22,4,,1,70,,19864,22,4,,1,30,,19860,22,4,,1,70,,19850,22,4,,1,100,,19867,22,4,,1,100,,19856,22,4,,1,100,,19858,22,4,,1,101,,19859,22,4,,1,100,,19853,22,4,,1,30,,19855,22,4,,1,70,,19863,22,4,,1,30,,19854,22,4,,1,70,,19861,22,4,,1,30,,19865,22,4,,1,70,,19857,22,4,,1
10100,'9',719,,19875,22,4,,1,30,,19870,22,4,,1,70,,19878,22,4,,1,30,,19877,22,4,,1,70,,19868,22,4,,1,30,,19876,22,4,,1,70,,19884,22,4,,1,100,,19881,22,4,,1,100,,19883,22,4,,1,100,,19879,22,4,,1,101,,19871,22,4,,1,100,,19872,22,4,,1,30,,19882,22,4,,1,70,,19880,22,4,,1,30,,19873,22,4,,1,70,,19874,22,4,,1,30,,19885,22,4,,1,70,,19869,22,4,,1
10101,'1',632,,19889,1,,,1,70,,19898,1,,,1,30,,19892,1,,,1,70,,19890,1,,,1,30,,19901,1,,,1,70,,19887,1,,,1,30,,19897,1,,,1,100,,19900,1,,,1,100,,19886,1,,,1,100,,19903,1,,,1,100,,19896,1,,,1,100,,19902,1,,,1,70,,19888,1,,,1,30,,19899,1,,,1,70,,19894,1,,,1,30,,19891,1,,,1,70,,19893,1,,,1,30,,19895,1,,,1
10101,'2',632,,19909,1,,,1,70,,19915,1,,,1,30,,19912,1,,,1,70,,19919,1,,,1,30,,19907,1,,,1,70,,19911,1,,,1,30,,19913,1,,,1,100,,19908,1,,,1,100,,19904,1,,,1,100,,19920,1,,,1,100,,19906,1,,,1,100,,19917,1,,,1,70,,19910,1,,,1,30,,19914,1,,,1,70,,18685,1,,,1,30,,19916,1,,,1,70,,19905,1,,,1,30,,19918,1,,,1
10101,'3',632,,19933,1,,,1,70,,19937,1,,,1,30,,19930,1,,,1,70,,19923,1,,,1,30,,19931,1,,,1,70,,19927,1,,,1,30,,19921,1,,,1,100,,19935,1,,,1,100,,19928,1,,,1,100,,19932,1,,,1,100,,19926,1,,,1,100,,19934,1,,,1,70,,19925,1,,,1,30,,19936,1,,,1,70,,19938,1,,,1,30,,19922,1,,,1,70,,19929,1,,,1,30,,19924,1,,,1
10101,'4',632,,19945,1,,,1,70,,19949,1,,,1,30,,19943,1,,,1,70,,19942,1,,,1,30,,19948,1,,,1,70,,19939,1,,,1,30,,19950,1,,,1,100,,19941,1,,,1,100,,19954,1,,,1,100,,19955,1,,,1,100,,19940,1,,,1,100,,19947,1,,,1,70,,19944,1,,,1,30,,19952,1,,,1,70,,19956,1,,,1,30,,19946,1,,,1,70,,19951,1,,,1,30,,19953,1,,,1
10101,'5',632,,19963,1,,,1,70,,19959,1,,,1,30,,19961,1,,,1,70,,19965,1,,,1,30,,19962,1,,,1,70,,19967,1,,,1,30,,19968,1,,,1,100,,19964,1,,,1,100,,19957,1,,,1,100,,19958,1,,,1,100,,19969,1,,,1,100,,19974,1,,,1,70,,19972,1,,,1,30,,19970,1,,,1,70,,19960,1,,,1,30,,19973,1,,,1,70,,19966,1,,,1,30,,19971,1,,,1
10101,'7',632,,19992,1,,,1,70,,19982,1,,,1,30,,19978,1,,,1,70,,19988,1,,,1,30,,19984,1,,,1,70,,19990,1,,,1,30,,19989,1,,,1,100,,19983,1,,,1,100,,19980,1,,,1,100,,19975,1,,,1,100,,19977,1,,,1,100,,19985,1,,,1,70,,19986,1,,,1,30,,19987,1,,,1,70,,19991,1,,,1,30,,19976,1,,,1,70,,19979,1,,,1,30,,19981,1,,,1
10101,'8',632,,20005,1,,,1,70,,19995,1,,,1,30,,20002,1,,,1,70,,20001,1,,,1,30,,20003,1,,,1,70,,20008,1,,,1,30,,19994,1,,,1,100,,19997,1,,,1,100,,20006,1,,,1,100,,19993,1,,,1,100,,19996,1,,,1,100,,19998,1,,,1,70,,20010,1,,,1,30,,20004,1,,,1,70,,20007,1,,,1,30,,19999,1,,,1,70,,20009,1,,,1,30,,20000,1,,,1
10101,'9',632,,20018,1,,,1,70,,20015,1,,,1,30,,20013,1,,,1,70,,20011,1,,,1,30,,20027,1,,,1,70,,20028,1,,,1,30,,20022,1,,,1,100,,20025,1,,,1,100,,20021,1,,,1,100,,20023,1,,,1,100,,20014,1,,,1,100,,20020,1,,,1,70,,20019,1,,,1,30,,20016,1,,,1,70,,20026,1,,,1,30,,20012,1,,,1,70,,20024,1,,,1,30,,20017,1,,,1
10300,'1',653,,20317,29,4,,1,100,,20326,29,4,,1,70,,20325,29,4,,1,30,,20323,29,4,,1,70,,20320,29,4,,1,30,,20330,29,4,,1,70,,20334,29,4,,1,30,,20329,29,4,,1,100,,20327,29,4,,1,100,,20318,29,4,,1,100,,20324,29,4,,1,100,,20322,29,4,,1,100,,20319,29,4,,1,70,,20316,29,4,,1,30,,20321,29,4,,1,70,,20332,29,4,,1,30,,20328,29,4,,1,70,,20333,29,4,,1,30,,20331,29,4,,1
10300,'2',653,,20347,29,4,,1,100,,20349,29,4,,1,70,,20345,29,4,,1,30,,20338,29,4,,1,70,,20351,29,4,,1,30,,20335,29,4,,1,70,,20340,29,4,,1,30,,20339,29,4,,1,100,,18114,29,4,,1,100,,20336,29,4,,1,100,,20342,29,4,,1,100,,20337,29,4,,1,100,,20343,29,4,,1,70,,20346,29,4,,1,30,,20350,29,4,,1,70,,20348,29,4,,1,30,,20352,29,4,,1,70,,20344,29,4,,1,30,,20341,29,4,,1
10300,'3',653,,20353,29,4,,1,100,,20362,29,4,,1,70,,20369,29,4,,1,30,,20358,29,4,,1,70,,20363,29,4,,1,30,,20354,29,4,,1,70,,20364,29,4,,1,30,,20367,29,4,,1,100,,20370,29,4,,1,100,,20371,29,4,,1,100,,20355,29,4,,1,100,,20356,29,4,,1,100,,20359,29,4,,1,70,,20365,29,4,,1,30,,20361,29,4,,1,70,,20357,29,4,,1,30,,20366,29,4,,1,70,,20360,29,4,,1,30,,20368,29,4,,1
10300,'4',653,,20390,29,4,,1,100,,20388,29,4,,1,70,,20376,29,4,,1,30,,20377,29,4,,1,70,,20389,29,4,,1,30,,20387,29,4,,1,70,,20382,29,4,,1,30,,20378,29,4,,1,100,,20374,29,4,,1,100,,20372,29,4,,1,100,,20375,29,4,,1,100,,20383,29,4,,1,100,,20381,29,4,,1,70,,20373,29,4,,1,30,,20386,29,4,,1,70,,20385,29,4,,1,30,,20380,29,4,,1,70,,20379,29,4,,1,30,,20384,29,4,,1
10300,'5',653,,20400,29,4,,1,100,,20403,29,4,,1,70,,20395,29,4,,1,30,,20397,29,4,,1,70,,20405,29,4,,1,30,,20407,29,4,,1,70,,20409,29,4,,1,30,,20394,29,4,,1,100,,20404,29,4,,1,100,,20401,29,4,,1,100,,20396,29,4,,1,100,,20398,29,4,,1,100,,20406,29,4,,1,70,,20399,29,4,,1,30,,20393,29,4,,1,70,,20402,29,4,,1,30,,20392,29,4,,1,70,,20408,29,4,,1,30,,20391,29,4,,1
10300,'7',653,,20423,29,4,,1,100,,20419,29,4,,1,70,,20417,29,4,,1,30,,20428,29,4,,1,70,,20427,29,4,,1,30,,20421,29,4,,1,70,,20422,29,4,,1,30,,20413,29,4,,1,100,,20411,29,4,,1,100,,20414,29,4,,1,100,,20426,29,4,,1,100,,20412,29,4,,1,100,,20420,29,4,,1,70,,20415,29,4,,1,30,,20424,29,4,,1,70,,20425,29,4,,1,30,,20418,29,4,,1,70,,20410,29,4,,1,30,,20416,29,4,,1
10300,'8',653,,20442,29,4,,1,100,,20439,29,4,,1,70,,20432,29,4,,1,30,,20444,29,4,,1,70,,20433,29,4,,1,30,,20435,29,4,,1,70,,20441,29,4,,1,30,,20434,29,4,,1,100,,20429,29,4,,1,100,,20436,29,4,,1,100,,20447,29,4,,1,100,,20438,29,4,,1,100,,20445,29,4,,1,70,,20437,29,4,,1,30,,20443,29,4,,1,70,,20446,29,4,,1,30,,20430,29,4,,1,70,,20431,29,4,,1,30,,20440,29,4,,1
10300,'9',653,,20448,29,4,,1,100,,20458,29,4,,1,70,,20457,29,4,,1,30,,20464,29,4,,1,70,,20452,29,4,,1,30,,20462,29,4,,1,70,,20453,29,4,,1,30,,20461,29,4,,1,100,,20460,29,4,,1,100,,20449,29,4,,1,100,,20450,29,4,,1,100,,20459,29,4,,1,100,,20465,29,4,,1,70,,20463,29,4,,1,30,,20454,29,4,,1,70,,20455,29,4,,1,30,,20451,29,4,,1,70,,20466,29,4,,1,30,,20456,29,4,,1
10301,'1',602,,20467,1,,,1,100,,20476,1,,,1,30,,20474,1,,,1,70,,20481,1,,,1,30,,20479,1,,,1,70,,20483,1,,,1,30,,20471,1,,,1,70,,20478,1,,,1,100,,20473,1,,,1,100,,20469,1,,,1,100,,20480,1,,,1,100,,20470,1,,,1,100,,20485,1,,,1,30,,17632,1,,,1,70,,20477,1,,,1,30,,20475,1,,,1,70,,20484,1,,,1,30,,20472,1,,,1,70,,20482,1,,,1,30,,20468,1,,,1
10301,'2',602,,20487,1,,,1,100,,20493,1,,,1,30,,20491,1,,,1,70,,20488,1,,,1,30,,20486,1,,,1,70,,20498,1,,,1,30,,20503,1,,,1,70,,20495,1,,,1,100,,20504,1,,,1,100,,20499,1,,,1,100,,20494,1,,,1,100,,20490,1,,,1,100,,20505,1,,,1,30,,20489,1,,,1,70,,20497,1,,,1,30,,20496,1,,,1,70,,20500,1,,,1,30,,20492,1,,,1,70,,20501,1,,,1,30,,20502,1,,,1
10301,'3',602,,20511,1,,,1,100,,20521,1,,,1,30,,20509,1,,,1,70,,20515,1,,,1,30,,20512,1,,,1,70,,20507,1,,,1,30,,20506,1,,,1,70,,20518,1,,,1,100,,20508,1,,,1,100,,20522,1,,,1,100,,20516,1,,,1,100,,20523,1,,,1,100,,20513,1,,,1,30,,20510,1,,,1,70,,20524,1,,,1,30,,20517,1,,,1,70,,20520,1,,,1,30,,20514,1,,,1,70,,20519,1,,,1,30,,20525,1,,,1
10301,'4',602,,20534,1,,,1,100,,20531,1,,,1,30,,20529,1,,,1,70,,20533,1,,,1,30,,20537,1,,,1,70,,20532,1,,,1,30,,20538,1,,,1,70,,20527,1,,,1,100,,20535,1,,,1,100,,20528,1,,,1,100,,20543,1,,,1,100,,20540,1,,,1,100,,20530,1,,,1,30,,20542,1,,,1,70,,20536,1,,,1,30,,20539,1,,,1,70,,20544,1,,,1,30,,20545,1,,,1,70,,20541,1,,,1,30,,20526,1,,,1
10301,'5',602,,20562,1,,,1,100,,20547,1,,,1,30,,20550,1,,,1,70,,20558,1,,,1,30,,20549,1,,,1,70,,20560,1,,,1,30,,20565,1,,,1,70,,20564,1,,,1,100,,20554,1,,,1,100,,20548,1,,,1,100,,20546,1,,,1,100,,20561,1,,,1,100,,20559,1,,,1,30,,20556,1,,,1,70,,20555,1,,,1,30,,20551,1,,,1,70,,20563,1,,,1,30,,20557,1,,,1,70,,20553,1,,,1,30,,20552,1,,,1
10301,'7',602,,20583,1,,,1,100,,20579,1,,,1,30,,20568,1,,,1,70,,20570,1,,,1,30,,20574,1,,,1,70,,20580,1,,,1,30,,20566,1,,,1,70,,20576,1,,,1,100,,20585,1,,,1,100,,20573,1,,,1,100,,20571,1,,,1,100,,20575,1,,,1,100,,20578,1,,,1,30,,20567,1,,,1,70,,20577,1,,,1,30,,20584,1,,,1,70,,20582,1,,,1,30,,20581,1,,,1,70,,20569,1,,,1,30,,20572,1,,,1
10301,'8',602,,20594,1,,,1,100,,20588,1,,,1,30,,20596,1,,,1,70,,20602,1,,,1,30,,20598,1,,,1,70,,20600,1,,,1,30,,20592,1,,,1,70,,20593,1,,,1,100,,20595,1,,,1,100,,20591,1,,,1,100,,20586,1,,,1,100,,20590,1,,,1,100,,20605,1,,,1,30,,20597,1,,,1,70,,20603,1,,,1,30,,20601,1,,,1,70,,20604,1,,,1,30,,20599,1,,,1,70,,20587,1,,,1,30,,20589,1,,,1
10301,'9',602,,20611,1,,,1,100,,20607,1,,,1,30,,20610,1,,,1,70,,20612,1,,,1,30,,20614,1,,,1,70,,20625,1,,,1,30,,20618,1,,,1,70,,20623,1,,,1,100,,20609,1,,,1,100,,20622,1,,,1,100,,20621,1,,,1,100,,20615,1,,,1,100,,20613,1,,,1,30,,20620,1,,,1,70,,20617,1,,,1,30,,20619,1,,,1,70,,20608,1,,,1,30,,20616,1,,,1,70,,20624,1,,,1,30,,20606,1,,,1
10500,'1',545,,21026,1,,,1,100,,21028,1,,,1,70,,21052,1,,,1,30,,21025,1,,,1,70,,21044,1,,,1,30,,21030,1,,,1,70,,21024,1,,,1,30,,21056,1,,,1,100,,21037,1,,,1,100,,21027,1,,,1,100,,21049,1,,,1,100,,21029,1,,,1,100,,21050,1,,,1,70,,21021,1,,,1,30,,21043,1,,,1,70,,21055,1,,,1,30,,18649,1,,,1,70,,21039,1,,,1,30,,21038,1,,,1
10500,'2',545,,21078,1,,,1,100,,21092,1,,,1,70,,21069,1,,,1,30,,21086,1,,,1,70,,21074,1,,,1,30,,21058,1,,,1,70,,21059,1,,,1,30,,21064,1,,,1,100,,21062,1,,,1,100,,21057,1,,,1,100,,21083,1,,,1,100,,21075,1,,,1,100,,21085,1,,,1,70,,21072,1,,,1,30,,21088,1,,,1,70,,21068,1,,,1,30,,21063,1,,,1,70,,21070,1,,,1,30,,21084,1,,,1
10500,'3',545,,21094,1,,,1,100,,21109,1,,,1,70,,21114,1,,,1,30,,21113,1,,,1,70,,21123,1,,,1,30,,21120,1,,,1,70,,21122,1,,,1,30,,21110,1,,,1,100,,21111,1,,,1,100,,21095,1,,,1,100,,21126,1,,,1,100,,21100,1,,,1,100,,21119,1,,,1,70,,21093,1,,,1,30,,21101,1,,,1,70,,21097,1,,,1,30,,21112,1,,,1,70,,21096,1,,,1,30,,21129,1,,,1
10500,'4',545,,21138,1,,,1,100,,21148,1,,,1,70,,21133,1,,,1,30,,21146,1,,,1,70,,21164,1,,,1,30,,21156,1,,,1,70,,21140,1,,,1,30,,21161,1,,,1,100,,21151,1,,,1,100,,21144,1,,,1,100,,21142,1,,,1,100,,21166,1,,,1,100,,21147,1,,,1,70,,21136,1,,,1,30,,21149,1,,,1,70,,21163,1,,,1,30,,21167,1,,,1,70,,21141,1,,,1,30,,21132,1,,,1
10500,'5',545,,21169,1,,,1,100,,21183,1,,,1,70,,21197,1,,,1,30,,21170,1,,,1,70,,21179,1,,,1,30,,21175,1,,,1,70,,21182,1,,,1,30,,21192,1,,,1,100,,21206,1,,,1,100,,21191,1,,,1,100,,21188,1,,,1,100,,21202,1,,,1,100,,21199,1,,,1,70,,21186,1,,,1,30,,21203,1,,,1,70,,21189,1,,,1,30,,21195,1,,,1,70,,21177,1,,,1,30,,21181,1,,,1
10500,'7',545,,21214,1,,,1,100,,21240,1,,,1,70,,21238,1,,,1,30,,21226,1,,,1,70,,21221,1,,,1,30,,21216,1,,,1,70,,21224,1,,,1,30,,21232,1,,,1,100,,21230,1,,,1,100,,21212,1,,,1,100,,21241,1,,,1,100,,21228,1,,,1,100,,21217,1,,,1,70,,21219,1,,,1,30,,21233,1,,,1,70,,21215,1,,,1,30,,21231,1,,,1,70,,21239,1,,,1,30,,21242,1,,,1
10500,'8',545,,21269,1,,,1,100,,21258,1,,,1,70,,21265,1,,,1,30,,21280,1,,,1,70,,21281,1,,,1,30,,21271,1,,,1,70,,21251,1,,,1,30,,21277,1,,,1,100,,21273,1,,,1,100,,21266,1,,,1,100,,21246,1,,,1,100,,21245,1,,,1,100,,21259,1,,,1,70,,21248,1,,,1,30,,21274,1,,,1,70,,21264,1,,,1,30,,21276,1,,,1,70,,21270,1,,,1,30,,21263,1,,,1
10500,'9',545,,21320,1,,,1,100,,21298,1,,,1,70,,21288,1,,,1,30,,21305,1,,,1,70,,21297,1,,,1,30,,21316,1,,,1,70,,21302,1,,,1,30,,21306,1,,,1,100,,21284,1,,,1,100,,21286,1,,,1,100,,21289,1,,,1,100,,21290,1,,,1,100,,21287,1,,,1,70,,21296,1,,,1,30,,21308,1,,,1,70,,21318,1,,,1,30,,21313,1,,,1,70,,21283,1,,,1,30,,21285,1,,,1
10501,'1',639,,21326,20,4,,1,100,,21351,20,4,,1,70,,21333,20,4,,1,30,,21342,20,4,,1,70,,21345,20,4,,1,30,,21340,20,4,,1,70,,21324,20,4,,1,30,,21349,20,4,,1,100,,21335,20,4,,1,100,,21352,20,4,,1,100,,21338,20,4,,1,100,,21323,20,4,,1,100,,21327,20,4,,1,70,,21329,20,4,,1,30,,21353,20,4,,1,70,,21322,20,4,,1,30,,21336,20,4,,1,70,,21344,20,4,,1,30,,21321,20,4,,1
10501,'2',639,,21376,20,4,,1,100,,21379,20,4,,1,70,,21387,20,4,,1,30,,21369,20,4,,1,70,,21378,20,4,,1,30,,21377,20,4,,1,70,,21372,20,4,,1,30,,21386,20,4,,1,100,,21383,20,4,,1,100,,21357,20,4,,1,100,,21382,20,4,,1,100,,21374,20,4,,1,100,,18132,20,4,,1,70,,21373,20,4,,1,30,,21367,20,4,,1,70,,21368,20,4,,1,30,,21359,20,4,,1,70,,17299,20,4,,1,30,,21389,20,4,,1
10501,'3',639,,21427,20,4,,1,100,,21408,20,4,,1,70,,21407,20,4,,1,30,,21392,20,4,,1,70,,21406,20,4,,1,30,,21393,20,4,,1,70,,21414,20,4,,1,30,,21424,20,4,,1,100,,21409,20,4,,1,100,,21397,20,4,,1,100,,21423,20,4,,1,100,,21403,20,4,,1,100,,21401,20,4,,1,70,,21398,20,4,,1,30,,21396,20,4,,1,70,,21425,20,4,,1,30,,21390,20,4,,1,70,,21400,20,4,,1,30,,21417,20,4,,1
10501,'4',639,,21446,20,4,,1,100,,21465,20,4,,1,70,,21459,20,4,,1,30,,21444,20,4,,1,70,,21432,20,4,,1,30,,21464,20,4,,1,70,,21452,20,4,,1,30,,21463,20,4,,1,100,,21450,20,4,,1,100,,21435,20,4,,1,100,,21454,20,4,,1,100,,21461,20,4,,1,100,,21458,20,4,,1,70,,21436,20,4,,1,30,,21430,20,4,,1,70,,21456,20,4,,1,30,,21460,20,4,,1,70,,21453,20,4,,1,30,,21455,20,4,,1
10501,'5',639,,21498,20,4,,1,100,,21493,20,4,,1,70,,21499,20,4,,1,30,,21469,20,4,,1,70,,21476,20,4,,1,30,,21473,20,4,,1,70,,21478,20,4,,1,30,,21501,20,4,,1,100,,21490,20,4,,1,100,,21486,20,4,,1,100,,21470,20,4,,1,100,,21475,20,4,,1,100,,21481,20,4,,1,70,,21492,20,4,,1,30,,21484,20,4,,1,70,,21485,20,4,,1,30,,21489,20,4,,1,70,,21471,20,4,,1,30,,21477,20,4,,1
10501,'7',639,,21536,20,4,,1,100,,21512,20,4,,1,70,,21506,20,4,,1,30,,21504,20,4,,1,70,,21529,20,4,,1,30,,21526,20,4,,1,70,,21532,20,4,,1,30,,21527,20,4,,1,100,,21509,20,4,,1,100,,21505,20,4,,1,100,,21537,20,4,,1,100,,21534,20,4,,1,100,,21517,20,4,,1,70,,21514,20,4,,1,30,,21513,20,4,,1,70,,21519,20,4,,1,30,,21530,20,4,,1,70,,21528,20,4,,1,30,,21515,20,4,,1
10501,'8',639,,21561,20,4,,1,100,,21559,20,4,,1,70,,21552,20,4,,1,30,,21560,20,4,,1,70,,21544,20,4,,1,30,,21562,20,4,,1,70,,21556,20,4,,1,30,,21542,20,4,,1,100,,21555,20,4,,1,100,,21557,20,4,,1,100,,21551,20,4,,1,100,,21549,20,4,,1,100,,21547,20,4,,1,70,,21576,20,4,,1,30,,21566,20,4,,1,70,,21550,20,4,,1,30,,21546,20,4,,1,70,,21563,20,4,,1,30,,21575,20,4,,1
10501,'9',639,,21596,20,4,,1,100,,21591,20,4,,1,70,,21586,20,4,,1,30,,21614,20,4,,1,70,,21610,20,4,,1,30,,21611,20,4,,1,70,,21615,20,4,,1,30,,21597,20,4,,1,100,,21617,20,4,,1,100,,21600,20,4,,1,100,,21606,20,4,,1,100,,21594,20,4,,1,100,,21581,20,4,,1,70,,21592,20,4,,1,30,,21607,20,4,,1,70,,21603,20,4,,1,30,,21601,20,4,,1,70,,21590,20,4,,1,30,,21598,20,4,,1
11100,'1',612,,23841,16,4,,1,30,,23848,16,4,,1,70,,23853,16,4,,1,30,,23835,16,4,,1,70,,23840,16,4,,1,30,,23845,16,4,,1,70,,23843,16,4,,1,30,,23838,16,4,,1,70,,23831,16,4,,1,30,,23839,16,4,,1,70,,23850,16,4,,1,30,,23851,16,4,,1,70,,23844,16,4,,1,30,,23834,16,4,,1,70,,23847,16,4,,1,30,,23832,16,4,,1,70,,23836,16,4,,1,30,,18733,16,4,,1,70,,23852,16,4,,1,30,,23837,16,4,,1,70,,18504,16,4,,1,30,,23849,16,4,,1,70,,23842,16,4,,1,30,,23833,16,4,,1,70,,23830,16,4,,1,30,,23846,16,4,,1
11100,'2',612,,16031,16,4,,1,30,,23858,16,4,,1,70,,23873,16,4,,1,30,,23856,16,4,,1,70,,23862,16,4,,1,30,,23877,16,4,,1,70,,23874,16,4,,1,30,,23864,16,4,,1,70,,23875,16,4,,1,30,,23870,16,4,,1,70,,23868,16,4,,1,30,,23865,16,4,,1,70,,23869,16,4,,1,30,,23857,16,4,,1,70,,23860,16,4,,1,30,,23855,16,4,,1,70,,23872,16,4,,1,30,,23867,16,4,,1,70,,23854,16,4,,1,30,,23859,16,4,,1,70,,23863,16,4,,1,30,,23876,16,4,,1,70,,18688,16,4,,1,30,,23866,16,4,,1,70,,23871,16,4,,1,30,,23861,16,4,,1
11100,'3',612,,23903,16,4,,1,30,,23881,16,4,,1,70,,23899,16,4,,1,30,,23879,16,4,,1,70,,23900,16,4,,1,30,,23902,16,4,,1,70,,23901,16,4,,1,30,,23896,16,4,,1,70,,23887,16,4,,1,30,,23897,16,4,,1,70,,23891,16,4,,1,30,,23885,16,4,,1,70,,23878,16,4,,1,30,,23888,16,4,,1,70,,23893,16,4,,1,30,,23882,16,4,,1,70,,23892,16,4,,1,30,,23889,16,4,,1,70,,23880,16,4,,1,30,,23884,16,4,,1,70,,23883,16,4,,1,30,,23895,16,4,,1,70,,23890,16,4,,1,30,,23894,16,4,,1,70,,23898,16,4,,1,30,,23886,16,4,,1
11100,'4',612,,23918,16,4,,1,30,,23911,16,4,,1,70,,23915,16,4,,1,30,,23906,16,4,,1,70,,23929,16,4,,1,30,,23919,16,4,,1,70,,23912,16,4,,1,30,,23917,16,4,,1,70,,23910,16,4,,1,30,,23925,16,4,,1,70,,23907,16,4,,1,30,,23924,16,4,,1,70,,23909,16,4,,1,30,,23927,16,4,,1,70,,23926,16,4,,1,30,,23908,16,4,,1,70,,23905,16,4,,1,30,,23904,16,4,,1,70,,23913,16,4,,1,30,,23916,16,4,,1,70,,23923,16,4,,1,30,,23920,16,4,,1,70,,23921,16,4,,1,30,,23914,16,4,,1,70,,23928,16,4,,1,30,,23922,16,4,,1
11100,'5',612,,23945,16,4,,1,30,,23950,16,4,,1,70,,23931,16,4,,1,30,,23938,16,4,,1,70,,23939,16,4,,1,30,,23953,16,4,,1,70,,23951,16,4,,1,30,,23946,16,4,,1,70,,23948,16,4,,1,30,,23935,16,4,,1,70,,23942,16,4,,1,30,,23940,16,4,,1,70,,23954,16,4,,1,30,,23944,16,4,,1,70,,23934,16,4,,1,30,,23947,16,4,,1,70,,23943,16,4,,1,30,,23952,16,4,,1,70,,23949,16,4,,1,30,,23955,16,4,,1,70,,23930,16,4,,1,30,,23932,16,4,,1,70,,23936,16,4,,1,30,,23941,16,4,,1,70,,23937,16,4,,1,30,,23933,16,4,,1
11100,'7',612,,23964,16,4,,1,30,,23981,16,4,,1,70,,23965,16,4,,1,30,,23971,16,4,,1,70,,23960,16,4,,1,30,,23967,16,4,,1,70,,23961,16,4,,1,30,,23958,16,4,,1,70,,23956,16,4,,1,30,,23969,16,4,,1,70,,23962,16,4,,1,30,,23980,16,4,,1,70,,23977,16,4,,1,30,,23959,16,4,,1,70,,23974,16,4,,1,30,,23973,16,4,,1,70,,23979,16,4,,1,30,,23978,16,4,,1,70,,23966,16,4,,1,30,,23970,16,4,,1,70,,23972,16,4,,1,30,,23975,16,4,,1,70,,23968,16,4,,1,30,,23976,16,4,,1,70,,23963,16,4,,1,30,,23957,16,4,,1
11100,'8',612,,23997,16,4,,1,30,,23996,16,4,,1,70,,23995,16,4,,1,30,,23988,16,4,,1,70,,23993,16,4,,1,30,,23983,16,4,,1,70,,23992,16,4,,1,30,,24004,16,4,,1,70,,24003,16,4,,1,30,,23984,16,4,,1,70,,24006,16,4,,1,30,,23994,16,4,,1,70,,24007,16,4,,1,30,,24002,16,4,,1,70,,24005,16,4,,1,30,,23998,16,4,,1,70,,23985,16,4,,1,30,,24001,16,4,,1,70,,23990,16,4,,1,30,,23987,16,4,,1,70,,23999,16,4,,1,30,,24000,16,4,,1,70,,23982,16,4,,1,30,,23989,16,4,,1,70,,23991,16,4,,1,30,,23986,16,4,,1
11100,'9',612,,24019,16,4,,1,30,,24018,16,4,,1,70,,24014,16,4,,1,30,,24022,16,4,,1,70,,24027,16,4,,1,30,,24033,16,4,,1,70,,24016,16,4,,1,30,,24020,16,4,,1,70,,24015,16,4,,1,30,,24017,16,4,,1,70,,24013,16,4,,1,30,,24026,16,4,,1,70,,24023,16,4,,1,30,,24011,16,4,,1,70,,24021,16,4,,1,30,,24012,16,4,,1,70,,24030,16,4,,1,30,,24008,16,4,,1,70,,24009,16,4,,1,30,,24024,16,4,,1,70,,24032,16,4,,1,30,,24029,16,4,,1,70,,24031,16,4,,1,30,,24010,16,4,,1,70,,24028,16,4,,1,30,,24025,16,4,,1
11101,'1',615,,24046,1,,,1,30,,24048,1,,,1,70,,24058,1,,,1,30,,24040,1,,,1,70,,24052,1,,,1,30,,24047,1,,,1,70,,24049,1,,,1,30,,24057,1,,,1,70,,24055,1,,,1,30,,24034,1,,,1,70,,24043,1,,,1,30,,24050,1,,,1,70,,24051,1,,,1,30,,24041,1,,,1,70,,24036,1,,,1,30,,24037,1,,,1,70,,24056,1,,,1,30,,24045,1,,,1,70,,24042,1,,,1,30,,24035,1,,,1,70,,24044,1,,,1,30,,24054,1,,,1,70,,24053,1,,,1,30,,24038,1,,,1,70,,24039,1,,,1
11101,'2',615,,24081,1,,,1,30,,24070,1,,,1,70,,24083,1,,,1,30,,24073,1,,,1,70,,24076,1,,,1,30,,24079,1,,,1,70,,24066,1,,,1,30,,24063,1,,,1,70,,24082,1,,,1,30,,24059,1,,,1,70,,24064,1,,,1,30,,24069,1,,,1,70,,24071,1,,,1,30,,24067,1,,,1,70,,24061,1,,,1,30,,24060,1,,,1,70,,24072,1,,,1,30,,24077,1,,,1,70,,24080,1,,,1,30,,24065,1,,,1,70,,24062,1,,,1,30,,24074,1,,,1,70,,24075,1,,,1,30,,24078,1,,,1,70,,24068,1,,,1
11101,'3',615,,24108,1,,,1,30,,24096,1,,,1,70,,24094,1,,,1,30,,24095,1,,,1,70,,24087,1,,,1,30,,24091,1,,,1,70,,24106,1,,,1,30,,24100,1,,,1,70,,24102,1,,,1,30,,24105,1,,,1,70,,24099,1,,,1,30,,24088,1,,,1,70,,24098,1,,,1,30,,24092,1,,,1,70,,24089,1,,,1,30,,24097,1,,,1,70,,24104,1,,,1,30,,24103,1,,,1,70,,24101,1,,,1,30,,24093,1,,,1,70,,24085,1,,,1,30,,24107,1,,,1,70,,24084,1,,,1,30,,24086,1,,,1,70,,24090,1,,,1
11101,'4',615,,24111,1,,,1,30,,24122,1,,,1,70,,24132,1,,,1,30,,24116,1,,,1,70,,24123,1,,,1,30,,24128,1,,,1,70,,24119,1,,,1,30,,24125,1,,,1,70,,24133,1,,,1,30,,24127,1,,,1,70,,24113,1,,,1,30,,24121,1,,,1,70,,24124,1,,,1,30,,24130,1,,,1,70,,24129,1,,,1,30,,24114,1,,,1,70,,24118,1,,,1,30,,24112,1,,,1,70,,24115,1,,,1,30,,24126,1,,,1,70,,24109,1,,,1,30,,24120,1,,,1,70,,24110,1,,,1,30,,24117,1,,,1,70,,24131,1,,,1
11101,'5',615,,24134,1,,,1,30,,24140,1,,,1,70,,24141,1,,,1,30,,24137,1,,,1,70,,24155,1,,,1,30,,24142,1,,,1,70,,24138,1,,,1,30,,24154,1,,,1,70,,24151,1,,,1,30,,24156,1,,,1,70,,24149,1,,,1,30,,24143,1,,,1,70,,24146,1,,,1,30,,24158,1,,,1,70,,24153,1,,,1,30,,24145,1,,,1,70,,24147,1,,,1,30,,24135,1,,,1,70,,24148,1,,,1,30,,24136,1,,,1,70,,24139,1,,,1,30,,24152,1,,,1,70,,24157,1,,,1,30,,24150,1,,,1,70,,24144,1,,,1
11101,'7',615,,24182,1,,,1,30,,24176,1,,,1,70,,24161,1,,,1,30,,24171,1,,,1,70,,24165,1,,,1,30,,24180,1,,,1,70,,24172,1,,,1,30,,24175,1,,,1,70,,24179,1,,,1,30,,24160,1,,,1,70,,24181,1,,,1,30,,24164,1,,,1,70,,24173,1,,,1,30,,24170,1,,,1,70,,24178,1,,,1,30,,24177,1,,,1,70,,24166,1,,,1,30,,24163,1,,,1,70,,24174,1,,,1,30,,24162,1,,,1,70,,24159,1,,,1,30,,24169,1,,,1,70,,24168,1,,,1,30,,24167,1,,,1,70,,24183,1,,,1
11101,'8',615,,24203,1,,,1,30,,24197,1,,,1,70,,24185,1,,,1,30,,24201,1,,,1,70,,24190,1,,,1,30,,24188,1,,,1,70,,24192,1,,,1,30,,24198,1,,,1,70,,24202,1,,,1,30,,24193,1,,,1,70,,24184,1,,,1,30,,24196,1,,,1,70,,24208,1,,,1,30,,24207,1,,,1,70,,24205,1,,,1,30,,24206,1,,,1,70,,24187,1,,,1,30,,24200,1,,,1,70,,24194,1,,,1,30,,24186,1,,,1,70,,24195,1,,,1,30,,24204,1,,,1,70,,24191,1,,,1,30,,24189,1,,,1,70,,24199,1,,,1
11101,'9',615,,24209,1,,,1,30,,24223,1,,,1,70,,24225,1,,,1,30,,24224,1,,,1,70,,24230,1,,,1,30,,24210,1,,,1,70,,24212,1,,,1,30,,24218,1,,,1,70,,24215,1,,,1,30,,24221,1,,,1,70,,24231,1,,,1,30,,24227,1,,,1,70,,24226,1,,,1,30,,24211,1,,,1,70,,24220,1,,,1,30,,24216,1,,,1,70,,24219,1,,,1,30,,24213,1,,,1,70,,24222,1,,,1,30,,24217,1,,,1,70,,24233,1,,,1,30,,24228,1,,,1,70,,24232,1,,,1,30,,24229,1,,,1,70,,24214,1,,,1
11200,'1',645,,24244,1,,,1,100,,24237,1,,,1,100,,24236,1,,,1,100,,24235,1,,,1,100,,24238,1,,,1,100,,24239,1,,,1,100,,24243,1,,,1,100,,24234,1,,,1,100,,24240,1,,,1,100,,24242,1,,,1,100,,24241,1,,,1
11200,'2',645,,24254,1,,,1,100,,24252,1,,,1,100,,24245,1,,,1,100,,24248,1,,,1,100,,24250,1,,,1,100,,24255,1,,,1,100,,24253,1,,,1,100,,24247,1,,,1,100,,24249,1,,,1,100,,24251,1,,,1,100,,24246,1,,,1
11200,'3',645,,24258,1,,,1,100,,24266,1,,,1,100,,24264,1,,,1,100,,24260,1,,,1,100,,24259,1,,,1,100,,24257,1,,,1,100,,24265,1,,,1,100,,24261,1,,,1,100,,24262,1,,,1,100,,24256,1,,,1,100,,24263,1,,,1
11200,'4',645,,24274,1,,,1,100,,24272,1,,,1,100,,24273,1,,,1,100,,24275,1,,,1,100,,24277,1,,,1,100,,24267,1,,,1,100,,24276,1,,,1,100,,24268,1,,,1,100,,24270,1,,,1,100,,24271,1,,,1,100,,24269,1,,,1
11200,'5',645,,24281,1,,,1,100,,24282,1,,,1,100,,24287,1,,,1,100,,24278,1,,,1,100,,24279,1,,,1,100,,24280,1,,,1,100,,24286,1,,,1,100,,24288,1,,,1,100,,24284,1,,,1,100,,24285,1,,,1,100,,24283,1,,,1
11200,'7',645,,24290,1,,,1,100,,24294,1,,,1,100,,24295,1,,,1,100,,24296,1,,,1,100,,24291,1,,,1,100,,24299,1,,,1,100,,24293,1,,,1,100,,24297,1,,,1,100,,24289,1,,,1,100,,24298,1,,,1,100,,24292,1,,,1
11200,'8',645,,24308,1,,,1,100,,24301,1,,,1,100,,24304,1,,,1,100,,24307,1,,,1,100,,24305,1,,,1,100,,24310,1,,,1,100,,24300,1,,,1,100,,24302,1,,,1,100,,24303,1,,,1,100,,24306,1,,,1,100,,24309,1,,,1
11200,'9',645,,24320,1,,,1,100,,24311,1,,,1,100,,24315,1,,,1,100,,24319,1,,,1,100,,24317,1,,,1,100,,24316,1,,,1,100,,24312,1,,,1,100,,24314,1,,,1,100,,24321,1,,,1,100,,24318,1,,,1,100,,24313,1,,,1
11201,'1',736,,24323,33,4,,1,100,,24322,33,4,,1,100,,24337,33,4,,1,100,,24324,33,4,,1,100,,24333,33,4,,1,100,,24334,33,4,,1,100,,24336,33,4,,1,100,,24339,33,4,,1,100,,24331,33,4,,1,100,,24330,33,4,,1,100,,24341,33,4,,1
11201,'2',736,,24359,33,4,,1,100,,24348,33,4,,1,100,,24356,33,4,,1,100,,24347,33,4,,1,100,,19525,33,4,,1,100,,24352,33,4,,1,100,,24360,33,4,,1,100,,24346,33,4,,1,100,,24353,33,4,,1,100,,24345,33,4,,1,100,,24354,33,4,,1
11201,'3',736,,24385,33,4,,1,100,,24367,33,4,,1,100,,24365,33,4,,1,100,,24383,33,4,,1,100,,24380,33,4,,1,100,,24374,33,4,,1,100,,24382,33,4,,1,100,,24366,33,4,,1,100,,24371,33,4,,1,100,,24378,33,4,,1,100,,24364,33,4,,1
11201,'4',736,,24394,33,4,,1,100,,24387,33,4,,1,100,,24406,33,4,,1,100,,24393,33,4,,1,100,,24404,33,4,,1,100,,24403,33,4,,1,100,,24401,33,4,,1,100,,24405,33,4,,1,100,,24391,33,4,,1,100,,24407,33,4,,1,100,,24392,33,4,,1
11201,'5',736,,24413,33,4,,1,100,,24408,33,4,,1,100,,24426,33,4,,1,100,,24429,33,4,,1,100,,24412,33,4,,1,100,,24417,33,4,,1,100,,24419,33,4,,1,100,,24423,33,4,,1,100,,24427,33,4,,1,100,,24428,33,4,,1,100,,24418,33,4,,1
11201,'7',736,,24440,33,4,,1,100,,24438,33,4,,1,100,,24451,33,4,,1,100,,24431,33,4,,1,100,,24448,33,4,,1,100,,24435,33,4,,1,100,,24447,33,4,,1,100,,24442,33,4,,1,100,,24441,33,4,,1,100,,24449,33,4,,1,100,,24432,33,4,,1
11201,'8',736,,24473,33,4,,1,100,,24467,33,4,,1,100,,24459,33,4,,1,100,,24472,33,4,,1,100,,24456,33,4,,1,100,,24469,33,4,,1,100,,24468,33,4,,1,100,,24454,33,4,,1,100,,24466,33,4,,1,100,,24461,33,4,,1,100,,24452,33,4,,1
11201,'9',736,,24484,33,4,,1,100,,24485,33,4,,1,100,,24479,33,4,,1,100,,24474,33,4,,1,100,,24481,33,4,,1,100,,24478,33,4,,1,100,,24487,33,4,,1,100,,24494,33,4,,1,100,,24482,33,4,,1,100,,24488,33,4,,1,100,,24477,33,4,,1
11300,'1',615,,24507,1,,,1,100,,24518,1,,,1,100,,24513,1,,,1,100,,24510,1,,,1,100,,24522,1,,,1,100,,19261,1,,,1,100,,24521,1,,,1,100,,24506,1,,,1,100,,24525,1,,,1,100,,24532,1,,,1,100,,24523,1,,,1,100,,24528,1,,,1,100,,24527,1,,,1
11300,'2',615,,24538,1,,,1,100,,24542,1,,,1,100,,24556,1,,,1,100,,24552,1,,,1,100,,24548,1,,,1,100,,24534,1,,,1,100,,24546,1,,,1,100,,24533,1,,,1,100,,24563,1,,,1,100,,24570,1,,,1,100,,24541,1,,,1,100,,24566,1,,,1,100,,24557,1,,,1
11300,'3',615,,24609,1,,,1,100,,24582,1,,,1,100,,24573,1,,,1,100,,24586,1,,,1,100,,24575,1,,,1,100,,24606,1,,,1,100,,24580,1,,,1,100,,24594,1,,,1,100,,24592,1,,,1,100,,24591,1,,,1,100,,24576,1,,,1,100,,24598,1,,,1,100,,24574,1,,,1
11300,'4',615,,24637,1,,,1,100,,24647,1,,,1,100,,24642,1,,,1,100,,24634,1,,,1,100,,24619,1,,,1,100,,24628,1,,,1,100,,24630,1,,,1,100,,24618,1,,,1,100,,24617,1,,,1,100,,24629,1,,,1,100,,24633,1,,,1,100,,24632,1,,,1,100,,24643,1,,,1
11300,'5',615,,24671,1,,,1,100,,24668,1,,,1,100,,24653,1,,,1,100,,24652,1,,,1,100,,24674,1,,,1,100,,24667,1,,,1,100,,24686,1,,,1,100,,24658,1,,,1,100,,24650,1,,,1,100,,24682,1,,,1,100,,24679,1,,,1,100,,24675,1,,,1,100,,24677,1,,,1
11300,'7',615,,24711,1,,,1,100,,24719,1,,,1,100,,24724,1,,,1,100,,24700,1,,,1,100,,24716,1,,,1,100,,24718,1,,,1,100,,24726,1,,,1,100,,24720,1,,,1,100,,24709,1,,,1,100,,24703,1,,,1,100,,24696,1,,,1,100,,24704,1,,,1,100,,24722,1,,,1
11300,'8',615,,24759,1,,,1,100,,24727,1,,,1,100,,24758,1,,,1,100,,24755,1,,,1,100,,24764,1,,,1,100,,24730,1,,,1,100,,24751,1,,,1,100,,24754,1,,,1,100,,24752,1,,,1,100,,24765,1,,,1,100,,24729,1,,,1,100,,24756,1,,,1,100,,24744,1,,,1
11300,'9',615,,24778,1,,,1,100,,24797,1,,,1,100,,24795,1,,,1,100,,24766,1,,,1,100,,24772,1,,,1,100,,24801,1,,,1,100,,24803,1,,,1,100,,24773,1,,,1,100,,24770,1,,,1,100,,24787,1,,,1,100,,24798,1,,,1,100,,24768,1,,,1,100,,24780,1,,,1
11301,'1',557,,24835,1,,,1,47,,24842,4,4,,1,53,,24811,1,,,1,47,,24836,4,4,,1,53,,24826,1,,,1,47,,17709,4,4,,1,53,,24831,1,,,1,47,,24810,4,4,,1,53,,24824,1,,,1,47,,24829,4,4,,1,53,,24813,1,,,1,47,,24807,4,4,,1,53,,24828,1,,,1,47,,24816,4,4,,1,53,,24823,1,,,1,47,,24840,4,4,,1,53,,24820,1,,,1,47,,24818,4,4,,1,53,,24805,1,,,1,47,,24812,4,4,,1,53,,24819,1,,,1,47,,24825,4,4,,1,53,,24808,1,,,1,47,,24830,4,4,,1,53,,24821,1,,,1,47,,24814,4,4,,1,53,,24809,1,,,1,47,,24839,4,4,,1
11301,'2',557,,24872,1,,,1,47,,24878,4,4,,1,53,,24844,1,,,1,47,,24861,4,4,,1,53,,17606,1,,,1,47,,24867,4,4,,1,53,,18446,1,,,1,47,,24851,4,4,,1,53,,24843,1,,,1,47,,24849,4,4,,1,53,,24877,1,,,1,47,,24862,4,4,,1,53,,24853,1,,,1,47,,24850,4,4,,1,53,,24848,1,,,1,47,,24865,4,4,,1,53,,15518,1,,,1,47,,24859,4,4,,1,53,,24846,1,,,1,47,,24876,4,4,,1,53,,24874,1,,,1,47,,24871,4,4,,1,53,,24847,1,,,1,47,,24866,4,4,,1,53,,17465,1,,,1,47,,24873,4,4,,1,53,,24870,1,,,1,47,,24863,4,4,,1
11301,'3',557,,24908,1,,,1,47,,24902,4,4,,1,53,,24892,1,,,1,47,,24909,4,4,,1,53,,24910,1,,,1,47,,24900,4,4,,1,53,,24881,1,,,1,47,,24880,4,4,,1,53,,24913,1,,,1,47,,24914,4,4,,1,53,,24912,1,,,1,47,,24897,4,4,,1,53,,24885,1,,,1,47,,24911,4,4,,1,53,,24889,1,,,1,47,,24919,4,4,,1,53,,24899,1,,,1,47,,24891,4,4,,1,53,,24893,1,,,1,47,,24906,4,4,,1,53,,24917,1,,,1,47,,24888,4,4,,1,53,,24879,1,,,1,47,,24918,4,4,,1,53,,24883,1,,,1,47,,24898,4,4,,1,53,,24915,1,,,1,47,,24884,4,4,,1
11301,'4',557,,24940,1,,,1,47,,24946,4,4,,1,53,,24957,1,,,1,47,,24941,4,4,,1,53,,24952,1,,,1,47,,24929,4,4,,1,53,,24925,1,,,1,47,,24920,4,4,,1,53,,24960,1,,,1,47,,24922,4,4,,1,53,,24953,1,,,1,47,,24949,4,4,,1,53,,24935,1,,,1,47,,24924,4,4,,1,53,,24947,1,,,1,47,,24958,4,4,,1,53,,24936,1,,,1,47,,24948,4,4,,1,53,,24923,1,,,1,47,,24942,4,4,,1,53,,24950,1,,,1,47,,24930,4,4,,1,53,,24945,1,,,1,47,,24931,4,4,,1,53,,24943,1,,,1,47,,24934,4,4,,1,53,,24944,1,,,1,47,,24927,4,4,,1
11301,'5',557,,24989,1,,,1,47,,24961,4,4,,1,53,,24991,1,,,1,47,,24969,4,4,,1,53,,24998,1,,,1,47,,24974,4,4,,1,53,,24966,1,,,1,47,,25000,4,4,,1,53,,24994,1,,,1,47,,24988,4,4,,1,53,,24979,1,,,1,47,,25001,4,4,,1,53,,24971,1,,,1,47,,24997,4,4,,1,53,,24965,1,,,1,47,,24962,4,4,,1,53,,24975,1,,,1,47,,24995,4,4,,1,53,,24983,1,,,1,47,,24973,4,4,,1,53,,24980,1,,,1,47,,24977,4,4,,1,53,,24993,1,,,1,47,,24963,4,4,,1,53,,24970,1,,,1,47,,24968,4,4,,1,53,,24967,1,,,1,47,,24982,4,4,,1
11301,'7',557,,25034,1,,,1,47,,25002,4,4,,1,53,,25029,1,,,1,47,,25019,4,4,,1,53,,25041,1,,,1,47,,25035,4,4,,1,53,,25026,1,,,1,47,,25018,4,4,,1,53,,25013,1,,,1,47,,25010,4,4,,1,53,,25042,1,,,1,47,,25040,4,4,,1,53,,25011,1,,,1,47,,25033,4,4,,1,53,,25032,1,,,1,47,,25023,4,4,,1,53,,25012,1,,,1,47,,25014,4,4,,1,53,,25027,1,,,1,47,,25003,4,4,,1,53,,25039,1,,,1,47,,25009,4,4,,1,53,,25007,1,,,1,47,,25022,4,4,,1,53,,25008,1,,,1,47,,25017,4,4,,1,53,,25004,1,,,1,47,,25025,4,4,,1
11301,'8',557,,25044,1,,,1,47,,25046,4,4,,1,53,,25053,1,,,1,47,,25076,4,4,,1,53,,25069,1,,,1,47,,25056,4,4,,1,53,,25054,1,,,1,47,,25067,4,4,,1,53,,25049,1,,,1,47,,25063,4,4,,1,53,,25052,1,,,1,47,,25071,4,4,,1,53,,25080,1,,,1,47,,25061,4,4,,1,53,,25078,1,,,1,47,,25072,4,4,,1,53,,25050,1,,,1,47,,25068,4,4,,1,53,,25079,1,,,1,47,,25073,4,4,,1,53,,25047,1,,,1,47,,25045,4,4,,1,53,,25055,1,,,1,47,,25065,4,4,,1,53,,25077,1,,,1,47,,25058,4,4,,1,53,,25059,1,,,1,47,,25074,4,4,,1
11301,'9',557,,25093,1,,,1,47,,25089,4,4,,1,53,,25116,1,,,1,47,,25099,4,4,,1,53,,25104,1,,,1,47,,25110,4,4,,1,53,,25092,1,,,1,47,,25096,4,4,,1,53,,25109,1,,,1,47,,25112,4,4,,1,53,,25121,1,,,1,47,,25086,4,4,,1,53,,25124,1,,,1,47,,25097,4,4,,1,53,,25113,1,,,1,47,,25102,4,4,,1,53,,25088,1,,,1,47,,25118,4,4,,1,53,,25120,1,,,1,47,,25106,4,4,,1,53,,25091,1,,,1,47,,25103,4,4,,1,53,,25098,1,,,1,47,,25108,4,4,,1,53,,25123,1,,,1,47,,25107,4,4,,1,53,,25111,1,,,1,47,,25100,4,4,,1
20300,'1',1922,,26519,30,4,,1,30,,26514,30,4,,1,70,,26516,30,4,,1,30,,19313,30,4,,1,70,,26513,30,4,,1,30,,26517,30,4,,1,70,,26515,30,4,,1,30,,26512,30,4,,1,70,,26518,30,4,,1
20300,'10',752,,26525,30,4,,1,70,,26536,30,4,,1,30,,26521,30,4,,1,70,,26546,30,4,,1,30,,26545,30,4,,1,70,,26529,30,4,,1,30,,26544,30,4,,1,70,,26526,30,4,,1,30,,26530,30,4,,1,70,,26531,30,4,,1,30,,26528,30,4,,1,70,,26537,30,4,,1,30,,26523,30,4,,1,70,,26527,30,4,,1,30,,26520,30,4,,1,70,,26542,30,4,,1,30,,26524,30,4,,1,70,,26533,30,4,,1,30,,26540,30,4,,1,70,,26522,30,4,,1,30,,26538,30,4,,1,70,,26532,30,4,,1,30,,26543,30,4,,1,70,,26534,30,4,,1,30,,26535,30,4,,1,70,,26541,30,4,,1,30,,26539,30,4,,1
20300,'11',752,,26571,30,4,,1,70,,26558,30,4,,1,30,,26572,30,4,,1,70,,26553,30,4,,1,30,,26573,30,4,,1,70,,26547,30,4,,1,30,,26561,30,4,,1,70,,26560,30,4,,1,30,,26569,30,4,,1,70,,26549,30,4,,1,30,,26566,30,4,,1,70,,26554,30,4,,1,30,,26550,30,4,,1,70,,26551,30,4,,1,30,,26556,30,4,,1,70,,26548,30,4,,1,30,,26564,30,4,,1,70,,26563,30,4,,1,30,,26559,30,4,,1,70,,26555,30,4,,1,30,,26562,30,4,,1,70,,26552,30,4,,1,30,,26557,30,4,,1,70,,26567,30,4,,1,30,,26565,30,4,,1,70,,26570,30,4,,1,30,,26568,30,4,,1
20300,'2',1922,,26581,30,4,,1,30,,26575,30,4,,1,70,,26580,30,4,,1,30,,26578,30,4,,1,70,,26582,30,4,,1,30,,26579,30,4,,1,70,,26576,30,4,,1,30,,26574,30,4,,1,70,,26577,30,4,,1
20300,'3',1922,,26585,30,4,,1,30,,26589,30,4,,1,70,,26586,30,4,,1,30,,26590,30,4,,1,70,,26583,30,4,,1,30,,26591,30,4,,1,70,,26584,30,4,,1,30,,26587,30,4,,1,70,,26588,30,4,,1
20300,'4',1922,,26598,30,4,,1,30,,26592,30,4,,1,70,,26594,30,4,,1,30,,26595,30,4,,1,70,,26599,30,4,,1,30,,26597,30,4,,1,70,,26600,30,4,,1,30,,26596,30,4,,1,70,,26593,30,4,,1
20300,'5',1922,,26607,30,4,,1,30,,26601,30,4,,1,70,,26606,30,4,,1,30,,26604,30,4,,1,70,,26609,30,4,,1,30,,26605,30,4,,1,70,,26602,30,4,,1,30,,26603,30,4,,1,70,,26608,30,4,,1
20300,'6',752,,26622,30,4,,1,70,,26636,30,4,,1,30,,26628,30,4,,1,70,,26621,30,4,,1,30,,26616,30,4,,1,70,,26618,30,4,,1,30,,26619,30,4,,1,70,,26624,30,4,,1,30,,26611,30,4,,1,70,,26625,30,4,,1,30,,26617,30,4,,1,70,,26633,30,4,,1,30,,26614,30,4,,1,70,,26610,30,4,,1,30,,26630,30,4,,1,70,,26612,30,4,,1,30,,26634,30,4,,1,70,,26623,30,4,,1,30,,26627,30,4,,1,70,,26615,30,4,,1,30,,26631,30,4,,1,70,,26635,30,4,,1,30,,26620,30,4,,1,70,,26626,30,4,,1,30,,26632,30,4,,1,70,,26629,30,4,,1,30,,26613,30,4,,1
20300,'7',1922,,26637,30,4,,1,30,,26643,30,4,,1,70,,26638,30,4,,1,30,,26644,30,4,,1,70,,26640,30,4,,1,30,,26641,30,4,,1,70,,26645,30,4,,1,30,,26642,30,4,,1,70,,26639,30,4,,1
20300,'8',1922,,26650,30,4,,1,30,,26652,30,4,,1,70,,26649,30,4,,1,30,,26654,30,4,,1,70,,26646,30,4,,1,30,,26648,30,4,,1,70,,26651,30,4,,1,30,,26647,30,4,,1,70,,26653,30,4,,1
20300,'9',1922,,26656,30,4,,1,30,,26657,30,4,,1,70,,26658,30,4,,1,30,,26663,30,4,,1,70,,26661,30,4,,1,30,,26655,30,4,,1,70,,26659,30,4,,1,30,,26662,30,4,,1,70,,26660,30,4,,1
20301,'1',1902,,26667,1,0,9 3 10,1,30,,26666,1,0,9 3 10,1,70,,26669,1,0,9 3 10,1,30,,26671,1,0,9 3 10,1,70,,26674,1,0,9 3 10,1,30,,26670,1,0,9 3 10,1,70,,26665,1,0,9 3 10,1,30,,26668,1,0,9 3 10,1,70,,26672,1,0,9 3 10,1,30,,26664,1,0,9 3 10,1
20301,'10',700,,26695,1,0,9 3 10,1,30,,26689,1,0,9 3 10,1,70,,26690,1,0,9 3 10,1,30,,26684,1,0,9 3 10,1,70,,26677,1,0,9 3 10,1,30,,26694,1,0,9 3 10,1,70,,26682,1,0,9 3 10,1,30,,26693,1,0,9 3 10,1,70,,26699,1,0,9 3 10,1,30,,26676,1,0,9 3 10,1,70,,26675,1,0,9 3 10,1,30,,26683,1,0,9 3 10,1,70,,26680,1,0,9 3 10,1,30,,26691,1,0,9 3 10,1,70,,26700,1,0,9 3 10,1,30,,26696,1,0,9 3 10,1,70,,26678,1,0,9 3 10,1,30,,26685,1,0,9 3 10,1,70,,26701,1,0,9 3 10,1,30,,26686,1,0,9 3 10,1,70,,26698,1,0,9 3 10,1,30,,26687,1,0,9 3 10,1,70,,26692,1,0,9 3 10,1,30,,26688,1,0,9 3 10,1,70,,26702,1,0,9 3 10,1,30,,26679,1,0,9 3 10,1,70,,26681,1,0,9 3 10,1,30,,26697,1,0,9 3 10,1
20301,'11',700,,26730,1,0,9 3 10,1,30,,26718,1,0,9 3 10,1,70,,26711,1,0,9 3 10,1,30,,26722,1,0,9 3 10,1,70,,26714,1,0,9 3 10,1,30,,26725,1,0,9 3 10,1,70,,26706,1,0,9 3 10,1,30,,26709,1,0,9 3 10,1,70,,26705,1,0,9 3 10,1,30,,26726,1,0,9 3 10,1,70,,26719,1,0,9 3 10,1,30,,26703,1,0,9 3 10,1,70,,26704,1,0,9 3 10,1,30,,26729,1,0,9 3 10,1,70,,26717,1,0,9 3 10,1,30,,26710,1,0,9 3 10,1,70,,26708,1,0,9 3 10,1,30,,26724,1,0,9 3 10,1,70,,26715,1,0,9 3 10,1,30,,26721,1,0,9 3 10,1,70,,26728,1,0,9 3 10,1,30,,26707,1,0,9 3 10,1,70,,26723,1,0,9 3 10,1,30,,26720,1,0,9 3 10,1,70,,26716,1,0,9 3 10,1,30,,26727,1,0,9 3 10,1,70,,26713,1,0,9 3 10,1,30,,26712,1,0,9 3 10,1
20301,'2',1902,,26740,1,0,9 3 10,1,30,,26735,1,0,9 3 10,1,70,,26732,1,0,9 3 10,1,30,,26734,1,0,9 3 10,1,70,,26739,1,0,9 3 10,1,30,,26731,1,0,9 3 10,1,70,,26741,1,0,9 3 10,1,30,,26733,1,0,9 3 10,1,70,,26738,1,0,9 3 10,1,30,,26737,1,0,9 3 10,1
20301,'3',1902,,26752,1,0,9 3 10,1,30,,26748,1,0,9 3 10,1,70,,26750,1,0,9 3 10,1,30,,26745,1,0,9 3 10,1,70,,26746,1,0,9 3 10,1,30,,26749,1,0,9 3 10,1,70,,26744,1,0,9 3 10,1,30,,26743,1,0,9 3 10,1,70,,26751,1,0,9 3 10,1,30,,26742,1,0,9 3 10,1
20301,'4',1902,,26753,1,0,9 3 10,1,30,,26762,1,0,9 3 10,1,70,,26759,1,0,9 3 10,1,30,,26760,1,0,9 3 10,1,70,,26761,1,0,9 3 10,1,30,,26754,1,0,9 3 10,1,70,,26757,1,0,9 3 10,1,30,,26763,1,0,9 3 10,1,70,,26756,1,0,9 3 10,1,30,,26758,1,0,9 3 10,1
20301,'5',1902,,26770,1,0,9 3 10,1,30,,26766,1,0,9 3 10,1,70,,26772,1,0,9 3 10,1,30,,26773,1,0,9 3 10,1,70,,26765,1,0,9 3 10,1,30,,26767,1,0,9 3 10,1,70,,26774,1,0,9 3 10,1,30,,26771,1,0,9 3 10,1,70,,26769,1,0,9 3 10,1,30,,26768,1,0,9 3 10,1
20301,'6',700,,26786,1,0,9 3 10,1,30,,26798,1,0,9 3 10,1,70,,26794,1,0,9 3 10,1,30,,26801,1,0,9 3 10,1,70,,26785,1,0,9 3 10,1,30,,26782,1,0,9 3 10,1,70,,26797,1,0,9 3 10,1,30,,26775,1,0,9 3 10,1,70,,26781,1,0,9 3 10,1,30,,26788,1,0,9 3 10,1,70,,26796,1,0,9 3 10,1,30,,26790,1,0,9 3 10,1,70,,26778,1,0,9 3 10,1,30,,26799,1,0,9 3 10,1,70,,26791,1,0,9 3 10,1,30,,26776,1,0,9 3 10,1,70,,26783,1,0,9 3 10,1,30,,26777,1,0,9 3 10,1,70,,26793,1,0,9 3 10,1,30,,26802,1,0,9 3 10,1,70,,26784,1,0,9 3 10,1,30,,26787,1,0,9 3 10,1,70,,26779,1,0,9 3 10,1,30,,26800,1,0,9 3 10,1,70,,26780,1,0,9 3 10,1,30,,26792,1,0,9 3 10,1,70,,26795,1,0,9 3 10,1,30,,26789,1,0,9 3 10,1
20301,'7',1902,,26808,1,0,9 3 10,1,30,,26809,1,0,9 3 10,1,70,,26803,1,0,9 3 10,1,30,,26810,1,0,9 3 10,1,70,,26805,1,0,9 3 10,1,30,,26804,1,0,9 3 10,1,70,,26811,1,0,9 3 10,1,30,,26806,1,0,9 3 10,1,70,,26812,1,0,9 3 10,1,30,,26807,1,0,9 3 10,1
20301,'8',1902,,26816,1,0,9 3 10,1,30,,26821,1,0,9 3 10,1,70,,26815,1,0,9 3 10,1,30,,26817,1,0,9 3 10,1,70,,26820,1,0,9 3 10,1,30,,26824,1,0,9 3 10,1,70,,26823,1,0,9 3 10,1,30,,26819,1,0,9 3 10,1,70,,26814,1,0,9 3 10,1,30,,26818,1,0,9 3 10,1
20301,'9',1902,,26825,1,0,9 3 10,1,30,,26828,1,0,9 3 10,1,70,,26834,1,0,9 3 10,1,30,,26831,1,0,9 3 10,1,70,,26832,1,0,9 3 10,1,30,,26835,1,0,9 3 10,1,70,,26830,1,0,9 3 10,1,30,,26829,1,0,9 3 10,1,70,,26827,1,0,9 3 10,1,30,,26833,1,0,9 3 10,1
20500,'1',1845,,27166,1,,,1,100,,27168,1,,,1,100,,27167,1,,,1,100,,27169,1,,,1
20500,'10',645,,27194,1,,,1,100,,27174,1,,,1,100,,27184,1,,,1,100,,27186,1,,,1,100,,27192,1,,,1,100,,27173,1,,,1,100,,27188,1,,,1,100,,27181,1,,,1,100,,27191,1,,,1,100,,27179,1,,,1,100,,27197,1,,,1,100,,27189,1,,,1,100,,27193,1,,,1,100,,27172,1,,,1
20500,'11',645,,27207,1,,,1,100,,27199,1,,,1,100,,27211,1,,,1,100,,27219,1,,,1,100,,27202,1,,,1,100,,27203,1,,,1,100,,27212,1,,,1,100,,27205,1,,,1,100,,27225,1,,,1,100,,27206,1,,,1,100,,27217,1,,,1,100,,27208,1,,,1,100,,27204,1,,,1,100,,27222,1,,,1
20500,'2',1845,,27228,1,,,1,100,,27229,1,,,1,100,,27231,1,,,1,100,,27232,1,,,1
20500,'3',1845,,27238,1,,,1,100,,27236,1,,,1,100,,27242,1,,,1,100,,27239,1,,,1
20500,'4',1845,,27249,1,,,1,100,,27250,1,,,1,100,,27244,1,,,1,100,,27245,1,,,1
20500,'5',1845,,27252,1,,,1,100,,27258,1,,,1,100,,27257,1,,,1,100,,27255,1,,,1
20500,'6',645,,27271,1,,,1,100,,27266,1,,,1,100,,27267,1,,,1,100,,27269,1,,,1,100,,27274,1,,,1,100,,27264,1,,,1,100,,27273,1,,,1,100,,27276,1,,,1,100,,27282,1,,,1,100,,27265,1,,,1,100,,27260,1,,,1,100,,27278,1,,,1,100,,27259,1,,,1,100,,27270,1,,,1
20500,'7',1845,,27294,1,,,1,100,,27289,1,,,1,100,,27293,1,,,1,100,,27290,1,,,1
20500,'8',1845,,27296,1,,,1,100,,27300,1,,,1,100,,27301,1,,,1,100,,27295,1,,,1
20500,'9',1845,,27310,1,,,1,100,,27303,1,,,1,100,,27306,1,,,1,100,,27304,1,,,1
20501,'1',1938,,18082,20,4,,1,100,,27311,20,4,,1,100,,27314,20,4,,1,100,,27316,20,4,,1
20501,'10',738,,27340,20,4,,1,100,,27344,20,4,,1,100,,27327,20,4,,1,100,,27335,20,4,,1,100,,27339,20,4,,1,100,,27320,20,4,,1,100,,27326,20,4,,1,100,,27338,20,4,,1,100,,27324,20,4,,1,100,,27325,20,4,,1,100,,27322,20,4,,1,100,,27334,20,4,,1,100,,27333,20,4,,1,100,,27341,20,4,,1
20501,'11',738,,27354,20,4,,1,100,,27350,20,4,,1,100,,27362,20,4,,1,100,,27347,20,4,,1,100,,27355,20,4,,1,100,,27359,20,4,,1,100,,27372,20,4,,1,100,,27364,20,4,,1,100,,27357,20,4,,1,100,,27371,20,4,,1,100,,27373,20,4,,1,100,,27353,20,4,,1,100,,27369,20,4,,1,100,,27356,20,4,,1
20501,'2',1938,,27378,20,4,,1,100,,27376,20,4,,1,100,,27379,20,4,,1,100,,27377,20,4,,1
20501,'3',1938,,27389,20,4,,1,100,,27383,20,4,,1,100,,27387,20,4,,1,100,,27382,20,4,,1
20501,'4',1938,,27393,20,4,,1,100,,27395,20,4,,1,100,,27392,20,4,,1,100,,27394,20,4,,1
20501,'5',1938,,27405,20,4,,1,100,,27401,20,4,,1,100,,27402,20,4,,1,100,,27399,20,4,,1
20501,'6',738,,27408,20,4,,1,100,,27432,20,4,,1,100,,27424,20,4,,1,100,,27433,20,4,,1,100,,27417,20,4,,1,100,,27412,20,4,,1,100,,27420,20,4,,1,100,,27410,20,4,,1,100,,27430,20,4,,1,100,,27411,20,4,,1,100,,27429,20,4,,1,100,,27406,20,4,,1,100,,27409,20,4,,1,100,,27426,20,4,,1
20501,'7',1938,,27438,20,4,,1,100,,27439,20,4,,1,100,,27441,20,4,,1,100,,27437,20,4,,1
20501,'8',1938,,27445,20,4,,1,100,,27449,20,4,,1,100,,27443,20,4,,1,100,,27447,20,4,,1
20501,'9',1938,,27457,20,4,,1,100,,27452,20,4,,1,100,,27450,20,4,,1,100,,27453,20,4,,1
21100,'1',1912,,28653,16,4,,1,30,,28657,16,4,,1,70,,28658,16,4,,1,30,,18236,16,4,,1,70,,28652,16,4,,1,30,,28651,16,4,,1,70,,28656,16,4,,1,30,,28655,16,4,,1,70,,28654,16,4,,1
21100,'10',742,,28668,16,4,,1,70,,28660,16,4,,1,30,,28665,16,4,,1,70,,28680,16,4,,1,30,,28671,16,4,,1,70,,28669,16,4,,1,30,,28672,16,4,,1,70,,19674,16,4,,1,30,,28679,16,4,,1,70,,28682,16,4,,1,30,,28664,16,4,,1,70,,28674,16,4,,1,30,,28661,16,4,,1,70,,28662,16,4,,1,30,,28676,16,4,,1,70,,28675,16,4,,1,30,,28681,16,4,,1,70,,28673,16,4,,1,30,,28670,16,4,,1,70,,28667,16,4,,1,30,,28677,16,4,,1,70,,28683,16,4,,1,30,,19537,16,4,,1,70,,28659,16,4,,1,30,,28663,16,4,,1,70,,28666,16,4,,1,30,,28678,16,4,,1
21100,'11',742,,28685,16,4,,1,70,,28698,16,4,,1,30,,28696,16,4,,1,70,,28703,16,4,,1,30,,28707,16,4,,1,70,,28693,16,4,,1,30,,28697,16,4,,1,70,,28686,16,4,,1,30,,28691,16,4,,1,70,,28709,16,4,,1,30,,28702,16,4,,1,70,,28689,16,4,,1,30,,28694,16,4,,1,70,,28688,16,4,,1,30,,28700,16,4,,1,70,,28684,16,4,,1,30,,28687,16,4,,1,70,,28701,16,4,,1,30,,28695,16,4,,1,70,,28690,16,4,,1,30,,28710,16,4,,1,70,,28699,16,4,,1,30,,28706,16,4,,1,70,,28704,16,4,,1,30,,28705,16,4,,1,70,,28708,16,4,,1,30,,28692,16,4,,1
21100,'2',1912,,28716,16,4,,1,30,,28718,16,4,,1,70,,28719,16,4,,1,30,,28711,16,4,,1,70,,28712,16,4,,1,30,,28715,16,4,,1,70,,28717,16,4,,1,30,,28714,16,4,,1,70,,28713,16,4,,1
21100,'3',1912,,28727,16,4,,1,30,,28728,16,4,,1,70,,28721,16,4,,1,30,,28724,16,4,,1,70,,28723,16,4,,1,30,,28725,16,4,,1,70,,28720,16,4,,1,30,,28726,16,4,,1,70,,28722,16,4,,1
21100,'4',1912,,28729,16,4,,1,30,,28731,16,4,,1,70,,28732,16,4,,1,30,,28734,16,4,,1,70,,28730,16,4,,1,30,,28733,16,4,,1,70,,28736,16,4,,1,30,,28735,16,4,,1,70,,28737,16,4,,1
21100,'5',1912,,28742,16,4,,1,30,,28739,16,4,,1,70,,28745,16,4,,1,30,,28740,16,4,,1,70,,28744,16,4,,1,30,,28738,16,4,,1,70,,28741,16,4,,1,30,,28743,16,4,,1,70,,28746,16,4,,1
21100,'6',742,,28772,16,4,,1,70,,28760,16,4,,1,30,,28753,16,4,,1,70,,28769,16,4,,1,30,,28762,16,4,,1,70,,28767,16,4,,1,30,,28757,16,4,,1,70,,28768,16,4,,1,30,,28750,16,4,,1,70,,28765,16,4,,1,30,,28761,16,4,,1,70,,28771,16,4,,1,30,,28763,16,4,,1,70,,28770,16,4,,1,30,,28756,16,4,,1,70,,28755,16,4,,1,30,,28749,16,4,,1,70,,28752,16,4,,1,30,,28759,16,4,,1,70,,28764,16,4,,1,30,,28766,16,4,,1,70,,28773,16,4,,1,30,,28758,16,4,,1,70,,28748,16,4,,1,30,,28754,16,4,,1,70,,28751,16,4,,1,30,,28747,16,4,,1
21100,'7',1912,,28777,16,4,,1,30,,28782,16,4,,1,70,,28780,16,4,,1,30,,28779,16,4,,1,70,,28775,16,4,,1,30,,28774,16,4,,1,70,,28778,16,4,,1,30,,28776,16,4,,1,70,,28781,16,4,,1
21100,'8',1912,,28786,16,4,,1,30,,28787,16,4,,1,70,,28790,16,4,,1,30,,28789,16,4,,1,70,,28788,16,4,,1,30,,28791,16,4,,1,70,,28784,16,4,,1,30,,28783,16,4,,1,70,,28785,16,4,,1
21100,'9',1912,,28792,16,4,,1,30,,28796,16,4,,1,70,,28795,16,4,,1,30,,28798,16,4,,1,70,,28799,16,4,,1,30,,28794,16,4,,1,70,,28800,16,4,,1,30,,28797,16,4,,1,70,,28793,16,4,,1
21101,'1',1845,,28806,1,,,1,70,,28803,1,,,1,30,,28805,1,,,1,70,,28804,1,,,1,30,,28808,1,,,1,70,,28802,1,,,1,30,,28801,1,,,1,70,,28809,1,,,1,30,,28807,1,,,1
21101,'10',715,,28819,1,,,1,30,,28825,1,,,1,70,,28829,1,,,1,30,,28828,1,,,1,70,,28826,1,,,1,30,,28817,1,,,1,70,,28836,1,,,1,30,,28813,1,,,1,70,,28822,1,,,1,30,,28823,1,,,1,70,,28827,1,,,1,30,,28833,1,,,1,70,,28811,1,,,1,30,,28815,1,,,1,70,,28824,1,,,1,30,,28835,1,,,1,70,,28816,1,,,1,30,,28810,1,,,1,70,,28812,1,,,1,30,,28814,1,,,1,70,,28832,1,,,1,30,,28821,1,,,1,70,,28831,1,,,1,30,,28818,1,,,1,70,,28830,1,,,1,30,,28834,1,,,1,70,,28820,1,,,1
21101,'11',715,,28853,1,,,1,30,,28854,1,,,1,70,,28845,1,,,1,30,,28838,1,,,1,70,,28837,1,,,1,30,,28861,1,,,1,70,,28841,1,,,1,30,,28843,1,,,1,70,,28860,1,,,1,30,,28863,1,,,1,70,,28840,1,,,1,30,,28852,1,,,1,70,,28848,1,,,1,30,,28839,1,,,1,70,,28858,1,,,1,30,,28857,1,,,1,70,,28850,1,,,1,30,,28846,1,,,1,70,,28851,1,,,1,30,,28842,1,,,1,70,,28859,1,,,1,30,,28856,1,,,1,70,,28844,1,,,1,30,,28855,1,,,1,70,,28862,1,,,1,30,,28847,1,,,1,70,,28849,1,,,1
21101,'2',1845,,28870,1,,,1,70,,28866,1,,,1,30,,28868,1,,,1,70,,28871,1,,,1,30,,28864,1,,,1,70,,28865,1,,,1,30,,28867,1,,,1,70,,28869,1,,,1,30,,28872,1,,,1
21101,'3',1845,,28880,1,,,1,70,,28873,1,,,1,30,,28881,1,,,1,70,,28877,1,,,1,30,,28878,1,,,1,70,,28874,1,,,1,30,,28875,1,,,1,70,,28876,1,,,1,30,,28879,1,,,1
21101,'4',1845,,28885,1,,,1,70,,28886,1,,,1,30,,28884,1,,,1,70,,28887,1,,,1,30,,28883,1,,,1,70,,28882,1,,,1,30,,28888,1,,,1,70,,28889,1,,,1,30,,28890,1,,,1
21101,'5',1845,,28893,1,,,1,70,,28891,1,,,1,30,,28894,1,,,1,70,,28896,1,,,1,30,,28892,1,,,1,70,,28899,1,,,1,30,,28895,1,,,1,70,,28898,1,,,1,30,,28897,1,,,1
21101,'6',715,,28919,1,,,1,30,,28913,1,,,1,70,,28903,1,,,1,30,,28909,1,,,1,70,,28900,1,,,1,30,,28905,1,,,1,70,,28926,1,,,1,30,,28904,1,,,1,70,,28901,1,,,1,30,,28915,1,,,1,70,,28923,1,,,1,30,,28916,1,,,1,70,,28920,1,,,1,30,,28924,1,,,1,70,,28911,1,,,1,30,,28918,1,,,1,70,,28907,1,,,1,30,,28921,1,,,1,70,,28914,1,,,1,30,,28902,1,,,1,70,,28925,1,,,1,30,,28922,1,,,1,70,,28910,1,,,1,30,,28917,1,,,1,70,,28908,1,,,1,30,,28912,1,,,1,70,,28906,1,,,1
21101,'7',1845,,28933,1,,,1,70,,28934,1,,,1,30,,28930,1,,,1,70,,28928,1,,,1,30,,28932,1,,,1,70,,28935,1,,,1,30,,28931,1,,,1,70,,28929,1,,,1,30,,28927,1,,,1
21101,'8',1845,,28940,1,,,1,70,,28937,1,,,1,30,,28941,1,,,1,70,,28943,1,,,1,30,,28939,1,,,1,70,,28938,1,,,1,30,,28944,1,,,1,70,,28936,1,,,1,30,,28942,1,,,1
21101,'9',1845,,28946,1,,,1,70,,28953,1,,,1,30,,28952,1,,,1,70,,28950,1,,,1,30,,28948,1,,,1,70,,28947,1,,,1,30,,28951,1,,,1,70,,28949,1,,,1,30,,28945,1,,,1
21300,'1',1915,,28956,1,,,1,100,,28955,1,,,1,100,,28957,1,,,1,100,,28954,1,,,1
21300,'10',715,,28959,1,,,1,100,,28970,1,,,1,100,,28966,1,,,1,100,,28964,1,,,1,100,,28962,1,,,1,100,,28961,1,,,1,100,,28969,1,,,1,100,,28960,1,,,1,100,,28965,1,,,1,100,,28958,1,,,1,100,,28963,1,,,1,100,,28968,1,,,1,100,,28967,1,,,1
21300,'11',715,,28980,1,,,1,100,,28978,1,,,1,100,,28974,1,,,1,100,,28983,1,,,1,100,,28982,1,,,1,100,,28972,1,,,1,100,,28981,1,,,1,100,,28973,1,,,1,100,,28979,1,,,1,100,,28977,1,,,1,100,,28971,1,,,1,100,,28976,1,,,1,100,,28975,1,,,1
21300,'2',1915,,28985,1,,,1,100,,28987,1,,,1,100,,28986,1,,,1,100,,28984,1,,,1
21300,'3',1915,,28989,1,,,1,100,,28988,1,,,1,100,,28990,1,,,1,100,,28991,1,,,1
21300,'4',1915,,28992,1,,,1,100,,28993,1,,,1,100,,28994,1,,,1,100,,28995,1,,,1
21300,'5',1915,,28998,1,,,1,100,,28996,1,,,1,100,,28999,1,,,1,100,,28997,1,,,1
21300,'6',715,,29009,1,,,1,100,,29010,1,,,1,100,,29003,1,,,1,100,,29002,1,,,1,100,,29000,1,,,1,100,,29005,1,,,1,100,,29001,1,,,1,100,,29008,1,,,1,100,,29006,1,,,1,100,,29011,1,,,1,100,,29004,1,,,1,100,,29007,1,,,1,100,,29012,1,,,1
21300,'7',1915,,29015,1,,,1,100,,29016,1,,,1,100,,29014,1,,,1,100,,29013,1,,,1
21300,'8',1915,,29018,1,,,1,100,,29020,1,,,1,100,,29019,1,,,1,100,,29017,1,,,1
21300,'9',1915,,29023,1,,,1,100,,29021,1,,,1,100,,29024,1,,,1,100,,29022,1,,,1
21301,'1',1957,,29034,1,,,1,47,,29025,4,4,,1,53,,29031,1,,,1,47,,29035,4,4,,1,53,,29033,1,,,1,47,,29029,4,4,,1,53,,29028,1,,,1
21301,'10',657,,29039,1,,,1,47,,29041,4,4,,1,54,,29048,21,4,,1,1,,29060,1,,,1,47,,29045,4,4,,1,52,,29059,21,4,,1,1,,29062,1,,,1,47,,29050,4,4,,1,52,,29056,21,4,,1,1,,29049,1,,,1,47,,29058,4,4,,1,52,,29053,21,4,,1,1,,29055,1,,,1,47,,29073,4,4,,1,52,,29044,21,4,,1,1,,29036,1,,,1,47,,29038,4,4,,1,52,,29072,21,4,,1,1,,29069,1,,,1,47,,29043,4,4,,1,52,,29052,21,4,,1,1,,29047,1,,,1,47,,29040,4,4,,1,52,,29065,21,4,,1,1,,29051,1,,,1,47,,29057,4,4,,1,52,,29067,21,4,,1,1,,29066,1,,,1,47,,29061,4,4,,1,52,,29042,21,4,,1,1,,29068,1,,,1,47,,29070,4,4,,1,52,,29071,21,4,,1,1,,29063,1,,,1,47,,29037,4,4,,1,52,,29074,21,4,,1,1,,29075,1,,,1,47,,29064,4,4,,1,52,,29046,21,4,,1,1,,29054,1,,,1
21301,'11',657,,29106,1,,,1,47,,29093,4,4,,1,54,,29100,21,4,,1,1,,29077,1,,,1,47,,29111,4,4,,1,52,,29081,21,4,,1,1,,29113,1,,,1,47,,29091,4,4,,1,52,,29085,21,4,,1,1,,29108,1,,,1,47,,29080,4,4,,1,52,,29109,21,4,,1,1,,29082,1,,,1,47,,29103,4,4,,1,52,,29083,21,4,,1,1,,29099,1,,,1,47,,29086,4,4,,1,52,,29098,21,4,,1,1,,29078,1,,,1,47,,29087,4,4,,1,52,,29094,21,4,,1,1,,29096,1,,,1,47,,29107,4,4,,1,52,,29115,21,4,,1,1,,29104,1,,,1,47,,29097,4,4,,1,52,,29105,21,4,,1,1,,29110,1,,,1,47,,29089,4,4,,1,52,,29112,21,4,,1,1,,29079,1,,,1,47,,29102,4,4,,1,52,,29092,21,4,,1,1,,29095,1,,,1,47,,29076,4,4,,1,52,,29084,21,4,,1,1,,29101,1,,,1,47,,29114,4,4,,1,52,,29088,21,4,,1,1,,29090,1,,,1
21301,'2',1957,,29124,1,,,1,47,,29118,4,4,,1,53,,29121,1,,,1,47,,29125,4,4,,1,53,,29116,1,,,1,47,,29123,4,4,,1,53,,19193,1,,,1
21301,'3',1957,,29136,1,,,1,47,,29130,4,4,,1,53,,29126,1,,,1,47,,29128,4,4,,1,53,,29131,1,,,1,47,,29134,4,4,,1,53,,29127,1,,,1
21301,'4',1957,,29142,1,,,1,47,,29147,4,4,,1,53,,29143,1,,,1,47,,29144,4,4,,1,53,,29146,1,,,1,47,,29140,4,4,,1,53,,29139,1,,,1
21301,'5',1957,,29151,1,,,1,47,,29153,4,4,,1,53,,29152,1,,,1,47,,29149,4,4,,1,53,,29154,1,,,1,47,,29148,4,4,,1,53,,29156,1,,,1
21301,'6',657,,29183,1,,,1,47,,29191,4,4,,1,54,,29177,21,4,,1,1,,29192,1,,,1,47,,29198,4,4,,1,52,,29162,21,4,,1,1,,29174,1,,,1,47,,29193,4,4,,1,52,,29195,21,4,,1,1,,29190,1,,,1,47,,29160,4,4,,1,52,,29178,21,4,,1,1,,29179,1,,,1,47,,29170,4,4,,1,52,,29161,21,4,,1,1,,29172,1,,,1,47,,29165,4,4,,1,52,,29171,21,4,,1,1,,29164,1,,,1,47,,29194,4,4,,1,52,,29159,21,4,,1,1,,29196,1,,,1,47,,29197,4,4,,1,52,,29185,21,4,,1,1,,29163,1,,,1,47,,29186,4,4,,1,52,,29180,21,4,,1,1,,29173,1,,,1,47,,29188,4,4,,1,52,,29167,21,4,,1,1,,29187,1,,,1,47,,29166,4,4,,1,52,,29189,21,4,,1,1,,29184,1,,,1,47,,29175,4,4,,1,52,,29176,21,4,,1,1,,29168,1,,,1,47,,29181,4,4,,1,52,,29182,21,4,,1,1,,29169,1,,,1
21301,'7',1957,,29206,1,,,1,47,,29201,4,4,,1,53,,29200,1,,,1,47,,29204,4,4,,1,53,,29199,1,,,1,47,,29209,4,4,,1,53,,29205,1,,,1
21301,'8',1957,,29214,1,,,1,47,,29216,4,4,,1,53,,29210,1,,,1,47,,29220,4,4,,1,53,,29217,1,,,1,47,,29211,4,4,,1,53,,29219,1,,,1
21301,'9',1957,,29229,1,,,1,47,,29221,4,4,,1,53,,29226,1,,,1,47,,29227,4,4,,1,53,,29225,1,,,1,47,,29223,4,4,,1,53,,29228,1,,,1
