11300,'1',631,,24507,16,,,1,100,,24518,16,,,1,100,,24513,16,,,1,100,,24510,16,,,1,100,,24522,16,,,1,100,,19261,16,,,1,100,,24521,16,,,1,100,,24506,16,,,1,100,,24525,16,,,1,100,,24532,16,,,1,100,,24523,16,,,1,100,,24528,16,,,1,100,,24527,16,,,1
11300,'2',631,,24538,16,,,1,100,,24542,16,,,1,100,,24556,16,,,1,100,,24552,16,,,1,100,,24548,16,,,1,100,,24534,16,,,1,100,,24546,16,,,1,100,,24533,16,,,1,100,,24563,16,,,1,100,,24570,16,,,1,100,,24541,16,,,1,100,,24566,16,,,1,100,,24557,16,,,1
11300,'3',631,,24609,16,,,1,100,,24582,16,,,1,100,,24573,16,,,1,100,,24586,16,,,1,100,,24575,16,,,1,100,,24606,16,,,1,100,,24580,16,,,1,100,,24594,16,,,1,100,,24592,16,,,1,100,,24591,16,,,1,100,,24576,16,,,1,100,,24598,16,,,1,100,,24574,16,,,1
11300,'4',631,,24637,16,,,1,100,,24647,16,,,1,100,,24642,16,,,1,100,,24634,16,,,1,100,,24619,16,,,1,100,,24628,16,,,1,100,,24630,16,,,1,100,,24618,16,,,1,100,,24617,16,,,1,100,,24629,16,,,1,100,,24633,16,,,1,100,,24632,16,,,1,100,,24643,16,,,1
11300,'5',631,,24671,16,,,1,100,,24668,16,,,1,100,,24653,16,,,1,100,,24652,16,,,1,100,,24674,16,,,1,100,,24667,16,,,1,100,,24686,16,,,1,100,,24658,16,,,1,100,,24650,16,,,1,100,,24682,16,,,1,100,,24679,16,,,1,100,,24675,16,,,1,100,,24677,16,,,1
11300,'7',631,,24711,16,,,1,100,,24719,16,,,1,100,,24724,16,,,1,100,,24700,16,,,1,100,,24716,16,,,1,100,,24718,16,,,1,100,,24726,16,,,1,100,,24720,16,,,1,100,,24709,16,,,1,100,,24703,16,,,1,100,,24696,16,,,1,100,,24704,16,,,1,100,,24722,16,,,1
11300,'8',631,,24759,16,,,1,100,,24727,16,,,1,100,,24758,16,,,1,100,,24755,16,,,1,100,,24764,16,,,1,100,,24730,16,,,1,100,,24751,16,,,1,100,,24754,16,,,1,100,,24752,16,,,1,100,,24765,16,,,1,100,,24729,16,,,1,100,,24756,16,,,1,100,,24744,16,,,1
11300,'9',631,,24778,16,,,1,100,,24797,16,,,1,100,,24795,16,,,1,100,,24766,16,,,1,100,,24772,16,,,1,100,,24801,16,,,1,100,,24803,16,,,1,100,,24773,16,,,1,100,,24770,16,,,1,100,,24787,16,,,1,100,,24798,16,,,1,100,,24768,16,,,1,100,,24780,16,,,1
21300,'1',1930,,28956,16,,,1,100,,28955,16,,,1,100,,28957,16,,,1,100,,28954,16,,,1
21300,'10',730,,28959,16,,,1,100,,28970,16,,,1,100,,28966,16,,,1,100,,28964,16,,,1,100,,28962,16,,,1,100,,28961,16,,,1,100,,28969,16,,,1,100,,28960,16,,,1,100,,28965,16,,,1,100,,28958,16,,,1,100,,28963,16,,,1,100,,28968,16,,,1,100,,28967,16,,,1
21300,'11',730,,28980,16,,,1,100,,28978,16,,,1,100,,28974,16,,,1,100,,28983,16,,,1,100,,28982,16,,,1,100,,28972,16,,,1,100,,28981,16,,,1,100,,28973,16,,,1,100,,28979,16,,,1,100,,28977,16,,,1,100,,28971,16,,,1,100,,28976,16,,,1,100,,28975,16,,,1
21300,'2',1930,,28985,16,,,1,100,,28987,16,,,1,100,,28986,16,,,1,100,,28984,16,,,1
21300,'3',1930,,28989,16,,,1,100,,28988,16,,,1,100,,28990,16,,,1,100,,28991,16,,,1
21300,'4',1930,,28992,16,,,1,100,,28993,16,,,1,100,,28994,16,,,1,100,,28995,16,,,1
21300,'5',1930,,28998,16,,,1,100,,28996,16,,,1,100,,28999,16,,,1,100,,28997,16,,,1
21300,'6',730,,29009,16,,,1,100,,29010,16,,,1,100,,29003,16,,,1,100,,29002,16,,,1,100,,29000,16,,,1,100,,29005,16,,,1,100,,29001,16,,,1,100,,29008,16,,,1,100,,29006,16,,,1,100,,29011,16,,,1,100,,29004,16,,,1,100,,29007,16,,,1,100,,29012,16,,,1
21300,'7',1930,,29015,16,,,1,100,,29016,16,,,1,100,,29014,16,,,1,100,,29013,16,,,1
21300,'8',1930,,29018,16,,,1,100,,29020,16,,,1,100,,29019,16,,,1,100,,29017,16,,,1
21300,'9',1930,,29023,16,,,1,100,,29021,16,,,1,100,,29024,16,,,1,100,,29022,16,,,1
