10700,'1',634,,21914,7,0,5 6,1,100,,21915,7,0,5 6,1,70,,21920,7,0,5 6,1,30,,21926,7,0,5 6,1,70,,21913,7,0,5 6,1,30,,21912,7,0,5 6,1,100,,21917,7,0,5 6,1,100,,21923,7,0,5 6,1,100,,21924,7,0,5 6,1,100,,17265,7,0,5 6,1,100,,21925,7,0,5 6,1,70,,21922,7,0,5 6,1,30,,21919,7,0,5 6,1,70,,18192,7,0,5 6,1,30,,21911,7,0,5 6,1,70,,21921,7,0,5 6,1,30,,18668,7,0,5 6,1,70,,21916,7,0,5 6,1,30,,21918,7,0,5 6,1
10700,'2',634,,21936,7,0,5 6,1,100,,21932,7,0,5 6,1,70,,21927,7,0,5 6,1,30,,21943,7,0,5 6,1,70,,21933,7,0,5 6,1,30,,21944,7,0,5 6,1,100,,21935,7,0,5 6,1,100,,21942,7,0,5 6,1,100,,21937,7,0,5 6,1,100,,21938,7,0,5 6,1,100,,15154,7,0,5 6,1,70,,21934,7,0,5 6,1,30,,21931,7,0,5 6,1,70,,21930,7,0,5 6,1,30,,21940,7,0,5 6,1,70,,21939,7,0,5 6,1,30,,21941,7,0,5 6,1,70,,21928,7,0,5 6,1,30,,21929,7,0,5 6,1
10700,'3',634,,21959,7,0,5 6,1,100,,21954,7,0,5 6,1,70,,21956,7,0,5 6,1,30,,21948,7,0,5 6,1,70,,21962,7,0,5 6,1,30,,21957,7,0,5 6,1,100,,21963,7,0,5 6,1,100,,21961,7,0,5 6,1,100,,21950,7,0,5 6,1,100,,21945,7,0,5 6,1,100,,21947,7,0,5 6,1,70,,21949,7,0,5 6,1,30,,21953,7,0,5 6,1,70,,21955,7,0,5 6,1,30,,21951,7,0,5 6,1,70,,21952,7,0,5 6,1,30,,21958,7,0,5 6,1,70,,21960,7,0,5 6,1,30,,21946,7,0,5 6,1
10700,'4',634,,21981,7,0,5 6,1,100,,21977,7,0,5 6,1,70,,21968,7,0,5 6,1,30,,21966,7,0,5 6,1,70,,21979,7,0,5 6,1,30,,21980,7,0,5 6,1,100,,21976,7,0,5 6,1,100,,21973,7,0,5 6,1,100,,21969,7,0,5 6,1,100,,21971,7,0,5 6,1,100,,21974,7,0,5 6,1,70,,21970,7,0,5 6,1,30,,21972,7,0,5 6,1,70,,21978,7,0,5 6,1,30,,21964,7,0,5 6,1,70,,21982,7,0,5 6,1,30,,21967,7,0,5 6,1,70,,21965,7,0,5 6,1,30,,21975,7,0,5 6,1
10700,'5',634,,22000,7,0,5 6,1,100,,22001,7,0,5 6,1,70,,21994,7,0,5 6,1,30,,21992,7,0,5 6,1,70,,21999,7,0,5 6,1,30,,21993,7,0,5 6,1,100,,21998,7,0,5 6,1,100,,21986,7,0,5 6,1,100,,21991,7,0,5 6,1,100,,21995,7,0,5 6,1,100,,21983,7,0,5 6,1,70,,21989,7,0,5 6,1,30,,21990,7,0,5 6,1,70,,21984,7,0,5 6,1,30,,21996,7,0,5 6,1,70,,21997,7,0,5 6,1,30,,21987,7,0,5 6,1,70,,21985,7,0,5 6,1,30,,21988,7,0,5 6,1
10700,'7',634,,22012,7,0,5 6,1,100,,22007,7,0,5 6,1,70,,22008,7,0,5 6,1,30,,22017,7,0,5 6,1,70,,22018,7,0,5 6,1,30,,22004,7,0,5 6,1,100,,22009,7,0,5 6,1,100,,22019,7,0,5 6,1,100,,22015,7,0,5 6,1,100,,22003,7,0,5 6,1,100,,22006,7,0,5 6,1,70,,22011,7,0,5 6,1,30,,22020,7,0,5 6,1,70,,22005,7,0,5 6,1,30,,22016,7,0,5 6,1,70,,22013,7,0,5 6,1,30,,22002,7,0,5 6,1,70,,22014,7,0,5 6,1,30,,22010,7,0,5 6,1
10700,'8',634,,22029,7,0,5 6,1,100,,22031,7,0,5 6,1,70,,22026,7,0,5 6,1,30,,22030,7,0,5 6,1,70,,22027,7,0,5 6,1,30,,22035,7,0,5 6,1,100,,22034,7,0,5 6,1,100,,22024,7,0,5 6,1,100,,22025,7,0,5 6,1,100,,22032,7,0,5 6,1,100,,22033,7,0,5 6,1,70,,22022,7,0,5 6,1,30,,22038,7,0,5 6,1,70,,22021,7,0,5 6,1,30,,22023,7,0,5 6,1,70,,22039,7,0,5 6,1,30,,22037,7,0,5 6,1,70,,22036,7,0,5 6,1,30,,22028,7,0,5 6,1
10700,'9',634,,22044,7,0,5 6,1,100,,22057,7,0,5 6,1,70,,22058,7,0,5 6,1,30,,22048,7,0,5 6,1,70,,22043,7,0,5 6,1,30,,22045,7,0,5 6,1,100,,22055,7,0,5 6,1,100,,22051,7,0,5 6,1,100,,22054,7,0,5 6,1,100,,22052,7,0,5 6,1,100,,22046,7,0,5 6,1,70,,22047,7,0,5 6,1,30,,22042,7,0,5 6,1,70,,22049,7,0,5 6,1,30,,22053,7,0,5 6,1,70,,22050,7,0,5 6,1,30,,22041,7,0,5 6,1,70,,22056,7,0,5 6,1,30,,22040,7,0,5 6,1
11000,'1',635,,23450,9,,,1,70,,23438,9,,,1,30,,23440,9,,,1,70,,23453,9,,,1,30,,23441,9,,,1,70,,23446,9,,,1,30,,23448,9,,,1,70,,23437,9,,,1,30,,23447,9,,,1,70,,23434,9,,,1,30,,23436,9,,,1,70,,23445,9,,,1,30,,23457,9,,,1,70,,23451,9,,,1,30,,23452,9,,,1,70,,23439,9,,,1,30,,23435,9,,,1,70,,23433,9,,,1,30,,23443,9,,,1,70,,23455,9,,,1,30,,23449,9,,,1,70,,23444,9,,,1,30,,23456,9,,,1,70,,23442,9,,,1,30,,23454,9,,,1
11000,'2',635,,23470,9,,,1,70,,23459,9,,,1,30,,23463,9,,,1,70,,23475,9,,,1,30,,23478,9,,,1,70,,23476,9,,,1,30,,23466,9,,,1,70,,23467,9,,,1,30,,23458,9,,,1,70,,23461,9,,,1,30,,23477,9,,,1,70,,23479,9,,,1,30,,23471,9,,,1,70,,23473,9,,,1,30,,17518,9,,,1,70,,23480,9,,,1,30,,23474,9,,,1,70,,23460,9,,,1,30,,23472,9,,,1,70,,23465,9,,,1,30,,23481,9,,,1,70,,23469,9,,,1,30,,23468,9,,,1,70,,23462,9,,,1,30,,23464,9,,,1
11000,'3',635,,23483,9,,,1,70,,23502,9,,,1,30,,23482,9,,,1,70,,23503,9,,,1,30,,23485,9,,,1,70,,23496,9,,,1,30,,23484,9,,,1,70,,23493,9,,,1,30,,23495,9,,,1,70,,23494,9,,,1,30,,23501,9,,,1,70,,23492,9,,,1,30,,23488,9,,,1,70,,23498,9,,,1,30,,23490,9,,,1,70,,23499,9,,,1,30,,23486,9,,,1,70,,23500,9,,,1,30,,23489,9,,,1,70,,23497,9,,,1,30,,23491,9,,,1,70,,23504,9,,,1,30,,23505,9,,,1,70,,23487,9,,,1,30,,23506,9,,,1
11000,'4',635,,23530,9,,,1,70,,23529,9,,,1,30,,23527,9,,,1,70,,23508,9,,,1,30,,23521,9,,,1,70,,23520,9,,,1,30,,23509,9,,,1,70,,23522,9,,,1,30,,23507,9,,,1,70,,23510,9,,,1,30,,23514,9,,,1,70,,23517,9,,,1,30,,23516,9,,,1,70,,23531,9,,,1,30,,23512,9,,,1,70,,23525,9,,,1,30,,23526,9,,,1,70,,23524,9,,,1,30,,23511,9,,,1,70,,23518,9,,,1,30,,23513,9,,,1,70,,23515,9,,,1,30,,23519,9,,,1,70,,23528,9,,,1,30,,23523,9,,,1
11000,'5',635,,23550,9,,,1,70,,23546,9,,,1,30,,23551,9,,,1,70,,23535,9,,,1,30,,23547,9,,,1,70,,23537,9,,,1,30,,23539,9,,,1,70,,23534,9,,,1,30,,23543,9,,,1,70,,23536,9,,,1,30,,23533,9,,,1,70,,23532,9,,,1,30,,23541,9,,,1,70,,23538,9,,,1,30,,23555,9,,,1,70,,23542,9,,,1,30,,23554,9,,,1,70,,23556,9,,,1,30,,23540,9,,,1,70,,23548,9,,,1,30,,23553,9,,,1,70,,23552,9,,,1,30,,23544,9,,,1,70,,23549,9,,,1,30,,23545,9,,,1
11000,'7',635,,23559,9,,,1,70,,23578,9,,,1,30,,23565,9,,,1,70,,23576,9,,,1,30,,23573,9,,,1,70,,23579,9,,,1,30,,23569,9,,,1,70,,23574,9,,,1,30,,23572,9,,,1,70,,23568,9,,,1,30,,23570,9,,,1,70,,23580,9,,,1,30,,23558,9,,,1,70,,23561,9,,,1,30,,23577,9,,,1,70,,23575,9,,,1,30,,23562,9,,,1,70,,23563,9,,,1,30,,23566,9,,,1,70,,23581,9,,,1,30,,23557,9,,,1,70,,23567,9,,,1,30,,23560,9,,,1,70,,23571,9,,,1,30,,23564,9,,,1
11000,'8',635,,23586,9,,,1,70,,23595,9,,,1,30,,23593,9,,,1,70,,23603,9,,,1,30,,23602,9,,,1,70,,23589,9,,,1,30,,23596,9,,,1,70,,23599,9,,,1,30,,23582,9,,,1,70,,23606,9,,,1,30,,23590,9,,,1,70,,23600,9,,,1,30,,23584,9,,,1,70,,23587,9,,,1,30,,23601,9,,,1,70,,23598,9,,,1,30,,23588,9,,,1,70,,23592,9,,,1,30,,23594,9,,,1,70,,23605,9,,,1,30,,23591,9,,,1,70,,23583,9,,,1,30,,23585,9,,,1,70,,23604,9,,,1,30,,23597,9,,,1
11000,'9',635,,23620,9,,,1,70,,23613,9,,,1,30,,23631,9,,,1,70,,23615,9,,,1,30,,23612,9,,,1,70,,23626,9,,,1,30,,23628,9,,,1,70,,23608,9,,,1,30,,23629,9,,,1,70,,23611,9,,,1,30,,23609,9,,,1,70,,23610,9,,,1,30,,23630,9,,,1,70,,23621,9,,,1,30,,23616,9,,,1,70,,23627,9,,,1,30,,23623,9,,,1,70,,23614,9,,,1,30,,23622,9,,,1,70,,23607,9,,,1,30,,23625,9,,,1,70,,23618,9,,,1,30,,23624,9,,,1,70,,23619,9,,,1,30,,23617,9,,,1
21000,'1',1907,,28340,7,,,1,30,,28339,7,,,1,70,,28344,7,,,1,30,,28341,7,,,1,70,,28342,7,,,1,30,,28343,7,,,1,70,,28338,7,,,1,30,,28337,7,,,1,70,,18348,7,,,1
21000,'10',737,,28364,7,,,1,70,,28349,7,,,1,30,,28351,7,,,1,70,,28370,7,,,1,30,,28354,7,,,1,70,,28353,7,,,1,30,,28371,7,,,1,70,,28368,7,,,1,30,,28360,7,,,1,70,,28365,7,,,1,30,,28347,7,,,1,70,,28352,7,,,1,30,,28345,7,,,1,70,,28361,7,,,1,30,,28362,7,,,1,70,,28357,7,,,1,30,,28359,7,,,1,70,,28356,7,,,1,30,,28350,7,,,1,70,,28346,7,,,1,30,,28358,7,,,1,70,,28367,7,,,1,30,,28369,7,,,1,70,,28366,7,,,1,30,,28363,7,,,1,70,,28355,7,,,1,30,,28348,7,,,1
21000,'11',737,,28374,7,,,1,70,,28395,7,,,1,30,,28397,7,,,1,70,,28388,7,,,1,30,,28389,7,,,1,70,,28372,7,,,1,30,,28387,7,,,1,70,,28396,7,,,1,30,,28375,7,,,1,70,,28392,7,,,1,30,,28391,7,,,1,70,,28385,7,,,1,30,,28398,7,,,1,70,,28384,7,,,1,30,,28394,7,,,1,70,,28383,7,,,1,30,,28377,7,,,1,70,,28380,7,,,1,30,,28373,7,,,1,70,,28376,7,,,1,30,,28386,7,,,1,70,,28379,7,,,1,30,,28378,7,,,1,70,,28382,7,,,1,30,,28381,7,,,1,70,,28393,7,,,1,30,,28390,7,,,1
21000,'2',1907,,18174,7,,,1,30,,28401,7,,,1,70,,28399,7,,,1,30,,28402,7,,,1,70,,28405,7,,,1,30,,28400,7,,,1,70,,28403,7,,,1,30,,28404,7,,,1,70,,28406,7,,,1
21000,'3',1907,,28411,7,,,1,30,,28408,7,,,1,70,,28410,7,,,1,30,,28412,7,,,1,70,,28414,7,,,1,30,,28415,7,,,1,70,,28407,7,,,1,30,,28413,7,,,1,70,,28409,7,,,1
21000,'4',1907,,28422,7,,,1,30,,28420,7,,,1,70,,28421,7,,,1,30,,28416,7,,,1,70,,28417,7,,,1,30,,28424,7,,,1,70,,28418,7,,,1,30,,28419,7,,,1,70,,28423,7,,,1
21000,'5',1907,,28431,7,,,1,30,,28433,7,,,1,70,,28428,7,,,1,30,,28427,7,,,1,70,,28425,7,,,1,30,,28430,7,,,1,70,,28426,7,,,1,30,,28429,7,,,1,70,,28432,7,,,1
21000,'6',737,,28446,7,,,1,70,,28437,7,,,1,30,,28458,7,,,1,70,,28443,7,,,1,30,,28457,7,,,1,70,,28435,7,,,1,30,,28434,7,,,1,70,,28440,7,,,1,30,,28444,7,,,1,70,,28438,7,,,1,30,,28455,7,,,1,70,,28436,7,,,1,30,,28450,7,,,1,70,,28453,7,,,1,30,,28451,7,,,1,70,,28456,7,,,1,30,,28448,7,,,1,70,,28447,7,,,1,30,,28441,7,,,1,70,,28454,7,,,1,30,,28449,7,,,1,70,,28445,7,,,1,30,,28442,7,,,1,70,,28439,7,,,1,30,,28460,7,,,1,70,,28452,7,,,1,30,,28459,7,,,1
21000,'7',1907,,28462,7,,,1,30,,28463,7,,,1,70,,28467,7,,,1,30,,28465,7,,,1,70,,28461,7,,,1,30,,28468,7,,,1,70,,28464,7,,,1,30,,28469,7,,,1,70,,28466,7,,,1
21000,'8',1907,,28478,7,,,1,30,,28470,7,,,1,70,,28476,7,,,1,30,,28471,7,,,1,70,,28475,7,,,1,30,,28477,7,,,1,70,,28473,7,,,1,30,,28472,7,,,1,70,,28474,7,,,1
21000,'9',1907,,28486,7,,,1,30,,28483,7,,,1,70,,28479,7,,,1,30,,28485,7,,,1,70,,28484,7,,,1,30,,28480,7,,,1,70,,28481,7,,,1,30,,28482,7,,,1,70,,28487,7,,,1
