10200,'1',651,,20030,10,,,1,70,,20042,10,,,1,30,,20040,10,,,1,70,,20039,10,,,1,30,,20031,10,,,1,70,,20035,10,,,1,30,,20041,10,,,1,100,,20029,10,,,1,100,,20038,10,,,1,100,,20044,10,,,1,100,,20046,10,,,1,100,,20036,10,,,1,70,,20034,10,,,1,30,,20043,10,,,1,70,,20037,10,,,1,30,,20032,10,,,1,70,,20033,10,,,1,30,,20045,10,,,1
10200,'2',651,,20063,10,,,1,70,,20064,10,,,1,30,,20059,10,,,1,70,,20048,10,,,1,30,,20054,10,,,1,70,,20053,10,,,1,30,,20057,10,,,1,100,,20058,10,,,1,100,,20051,10,,,1,100,,20056,10,,,1,100,,20047,10,,,1,100,,20049,10,,,1,70,,20060,10,,,1,30,,20052,10,,,1,70,,20062,10,,,1,30,,20050,10,,,1,70,,20055,10,,,1,30,,20061,10,,,1
10200,'3',651,,20071,10,,,1,70,,20073,10,,,1,30,,20065,10,,,1,70,,20078,10,,,1,30,,20067,10,,,1,70,,20077,10,,,1,30,,20066,10,,,1,100,,20079,10,,,1,100,,20072,10,,,1,100,,20069,10,,,1,100,,20068,10,,,1,100,,20080,10,,,1,70,,20076,10,,,1,30,,20081,10,,,1,70,,20082,10,,,1,30,,20074,10,,,1,70,,20070,10,,,1,30,,20075,10,,,1
10200,'4',651,,20097,10,,,1,70,,20086,10,,,1,30,,20085,10,,,1,70,,20083,10,,,1,30,,20088,10,,,1,70,,20094,10,,,1,30,,20099,10,,,1,100,,20095,10,,,1,100,,20093,10,,,1,100,,20089,10,,,1,100,,20091,10,,,1,100,,20092,10,,,1,70,,20087,10,,,1,30,,20100,10,,,1,70,,20096,10,,,1,30,,20098,10,,,1,70,,20090,10,,,1,30,,20084,10,,,1
10200,'5',651,,20118,10,,,1,70,,20109,10,,,1,30,,20108,10,,,1,70,,20111,10,,,1,30,,20104,10,,,1,70,,20106,10,,,1,30,,20105,10,,,1,100,,20103,10,,,1,100,,20114,10,,,1,100,,20112,10,,,1,100,,20110,10,,,1,100,,20115,10,,,1,70,,20101,10,,,1,30,,20113,10,,,1,70,,20102,10,,,1,30,,20107,10,,,1,70,,20117,10,,,1,30,,20116,10,,,1
10200,'7',651,,20119,10,,,1,70,,20131,10,,,1,30,,20133,10,,,1,70,,20125,10,,,1,30,,20130,10,,,1,70,,20134,10,,,1,30,,20129,10,,,1,100,,20120,10,,,1,100,,20128,10,,,1,100,,20132,10,,,1,100,,20136,10,,,1,100,,20122,10,,,1,70,,20126,10,,,1,30,,20121,10,,,1,70,,20124,10,,,1,30,,20135,10,,,1,70,,20127,10,,,1,30,,20123,10,,,1
10200,'8',651,,20139,10,,,1,70,,20137,10,,,1,30,,20148,10,,,1,70,,20153,10,,,1,30,,20138,10,,,1,70,,20150,10,,,1,30,,20145,10,,,1,100,,20142,10,,,1,100,,20152,10,,,1,100,,20154,10,,,1,100,,20144,10,,,1,100,,20143,10,,,1,70,,20147,10,,,1,30,,20149,10,,,1,70,,20140,10,,,1,30,,20146,10,,,1,70,,20151,10,,,1,30,,20141,10,,,1
10200,'9',651,,20165,10,,,1,70,,20164,10,,,1,30,,20166,10,,,1,70,,20163,10,,,1,30,,20171,10,,,1,70,,20168,10,,,1,30,,20156,10,,,1,100,,20169,10,,,1,100,,20160,10,,,1,100,,20159,10,,,1,100,,20161,10,,,1,100,,20157,10,,,1,70,,20158,10,,,1,30,,20162,10,,,1,70,,20170,10,,,1,30,,20172,10,,,1,70,,20155,10,,,1,30,,20167,10,,,1
10701,'1',623,,22096,14,,,1,100,,22111,14,,,1,30,,22108,14,,,1,70,,22105,14,,,1,30,,22065,14,,,1,70,,22062,14,,,1,100,,22087,14,,,1,100,,22107,14,,,1,100,,22112,14,,,1,100,,22077,14,,,1,100,,22100,14,,,1,30,,22064,14,,,1,70,,22092,14,,,1,30,,22115,14,,,1,70,,22101,14,,,1,30,,22113,14,,,1,70,,22063,14,,,1,30,,22060,14,,,1,70,,22074,14,,,1,100,,22080,14,,,1
10701,'2',623,,22153,14,,,1,100,,22150,14,,,1,30,,22151,14,,,1,70,,22142,14,,,1,30,,22144,14,,,1,70,,22156,14,,,1,100,,22175,14,,,1,100,,22123,14,,,1,100,,22157,14,,,1,100,,22147,14,,,1,100,,22174,14,,,1,30,,22161,14,,,1,70,,22159,14,,,1,30,,22149,14,,,1,70,,22143,14,,,1,30,,22131,14,,,1,70,,22163,14,,,1,30,,22132,14,,,1,70,,22134,14,,,1,100,,18598,14,,,1
10701,'3',623,,22228,14,,,1,100,,22231,14,,,1,30,,22212,14,,,1,70,,22226,14,,,1,30,,22211,14,,,1,70,,22196,14,,,1,100,,22215,14,,,1,100,,22190,14,,,1,100,,22195,14,,,1,100,,22198,14,,,1,100,,22202,14,,,1,30,,22207,14,,,1,70,,22232,14,,,1,30,,22179,14,,,1,70,,22209,14,,,1,30,,22206,14,,,1,70,,22217,14,,,1,30,,22216,14,,,1,70,,22210,14,,,1,100,,22220,14,,,1
10701,'4',623,,22286,14,,,1,100,,22276,14,,,1,30,,22261,14,,,1,70,,22247,14,,,1,30,,22279,14,,,1,70,,22275,14,,,1,100,,22284,14,,,1,100,,22270,14,,,1,100,,22242,14,,,1,100,,22288,14,,,1,100,,22243,14,,,1,30,,22249,14,,,1,70,,22272,14,,,1,30,,22236,14,,,1,70,,22251,14,,,1,30,,22280,14,,,1,70,,22295,14,,,1,30,,22287,14,,,1,70,,22237,14,,,1,100,,22262,14,,,1
10701,'5',623,,22340,14,,,1,100,,22313,14,,,1,30,,22337,14,,,1,70,,22352,14,,,1,30,,22307,14,,,1,70,,22343,14,,,1,100,,22316,14,,,1,100,,22344,14,,,1,100,,22349,14,,,1,100,,22350,14,,,1,100,,22310,14,,,1,30,,22347,14,,,1,70,,22348,14,,,1,30,,22299,14,,,1,70,,22301,14,,,1,30,,22322,14,,,1,70,,22318,14,,,1,30,,22296,14,,,1,70,,22298,14,,,1,100,,22333,14,,,1
10701,'7',623,,22372,14,,,1,100,,22364,14,,,1,30,,22377,14,,,1,70,,22358,14,,,1,30,,22366,14,,,1,70,,22406,14,,,1,100,,22411,14,,,1,100,,22407,14,,,1,100,,22373,14,,,1,100,,22413,14,,,1,100,,22404,14,,,1,30,,22403,14,,,1,70,,22389,14,,,1,30,,22359,14,,,1,70,,22408,14,,,1,30,,22362,14,,,1,70,,22399,14,,,1,30,,22380,14,,,1,70,,22378,14,,,1,100,,22374,14,,,1
10701,'8',623,,22444,14,,,1,100,,22461,14,,,1,30,,22425,14,,,1,70,,22419,14,,,1,30,,22417,14,,,1,70,,22475,14,,,1,100,,22466,14,,,1,100,,22472,14,,,1,100,,22443,14,,,1,100,,22469,14,,,1,100,,22426,14,,,1,30,,22458,14,,,1,70,,22468,14,,,1,30,,22453,14,,,1,70,,22433,14,,,1,30,,22423,14,,,1,70,,22454,14,,,1,30,,22428,14,,,1,70,,22437,14,,,1,100,,22457,14,,,1
10701,'9',623,,22526,14,,,1,100,,22507,14,,,1,30,,22513,14,,,1,70,,22495,14,,,1,30,,22532,14,,,1,70,,22499,14,,,1,100,,22510,14,,,1,100,,22533,14,,,1,100,,22496,14,,,1,100,,22528,14,,,1,100,,22487,14,,,1,30,,22522,14,,,1,70,,22505,14,,,1,30,,22504,14,,,1,70,,22492,14,,,1,30,,22500,14,,,1,70,,22509,14,,,1,30,,22498,14,,,1,70,,22520,14,,,1,100,,22502,14,,,1
21001,'1',1852,,28496,10,,,1,70,,28488,10,,,1,30,,28495,10,,,1,70,,28490,10,,,1,30,,28491,10,,,1,70,,28489,10,,,1,30,,28497,10,,,1,70,,28493,10,,,1,30,,28492,10,,,1,70,,28494,10,,,1
21001,'10',722,,28506,10,,,1,30,,28522,10,,,1,70,,28503,10,,,1,30,,28518,10,,,1,70,,28514,10,,,1,30,,28507,10,,,1,70,,28510,10,,,1,30,,28512,10,,,1,70,,28498,10,,,1,30,,28521,10,,,1,70,,28523,10,,,1,30,,28513,10,,,1,70,,28517,10,,,1,30,,28500,10,,,1,70,,28515,10,,,1,30,,28516,10,,,1,70,,28520,10,,,1,30,,28505,10,,,1,70,,28501,10,,,1,30,,28508,10,,,1,70,,28504,10,,,1,30,,28519,10,,,1,70,,28524,10,,,1,30,,28499,10,,,1,70,,28511,10,,,1,30,,28509,10,,,1,70,,28502,10,,,1,30,,19132,10,,,1
21001,'11',722,,28539,10,,,1,30,,28530,10,,,1,70,,28537,10,,,1,30,,28540,10,,,1,70,,28527,10,,,1,30,,28532,10,,,1,70,,28552,10,,,1,30,,28542,10,,,1,70,,28546,10,,,1,30,,28534,10,,,1,70,,28525,10,,,1,30,,28549,10,,,1,70,,28538,10,,,1,30,,28544,10,,,1,70,,28541,10,,,1,30,,28551,10,,,1,70,,28543,10,,,1,30,,28550,10,,,1,70,,28547,10,,,1,30,,28533,10,,,1,70,,28529,10,,,1,30,,28526,10,,,1,70,,28545,10,,,1,30,,28536,10,,,1,70,,28528,10,,,1,30,,28535,10,,,1,70,,28548,10,,,1,30,,28531,10,,,1
21001,'2',1852,,28557,10,,,1,70,,28553,10,,,1,30,,28559,10,,,1,70,,28562,10,,,1,30,,28556,10,,,1,70,,28555,10,,,1,30,,28560,10,,,1,70,,28558,10,,,1,30,,28554,10,,,1,70,,28561,10,,,1
21001,'3',1852,,28563,10,,,1,70,,28566,10,,,1,30,,28571,10,,,1,70,,28569,10,,,1,30,,28567,10,,,1,70,,28565,10,,,1,30,,28572,10,,,1,70,,28570,10,,,1,30,,28564,10,,,1,70,,28568,10,,,1
21001,'4',1852,,28577,10,,,1,70,,28574,10,,,1,30,,28573,10,,,1,70,,28581,10,,,1,30,,28576,10,,,1,70,,28579,10,,,1,30,,28582,10,,,1,70,,28578,10,,,1,30,,28575,10,,,1,70,,28580,10,,,1
21001,'5',1852,,28590,10,,,1,70,,28584,10,,,1,30,,28591,10,,,1,70,,28583,10,,,1,30,,28587,10,,,1,70,,28586,10,,,1,30,,28589,10,,,1,70,,28588,10,,,1,30,,28592,10,,,1,70,,28585,10,,,1
21001,'6',722,,28596,10,,,1,30,,28620,10,,,1,70,,28594,10,,,1,30,,28595,10,,,1,70,,28614,10,,,1,30,,28603,10,,,1,70,,28605,10,,,1,30,,28598,10,,,1,70,,28609,10,,,1,30,,28617,10,,,1,70,,28613,10,,,1,30,,28597,10,,,1,70,,28612,10,,,1,30,,28607,10,,,1,70,,28606,10,,,1,30,,28602,10,,,1,70,,28610,10,,,1,30,,28608,10,,,1,70,,28616,10,,,1,30,,28599,10,,,1,70,,28593,10,,,1,30,,28600,10,,,1,70,,28618,10,,,1,30,,28611,10,,,1,70,,28601,10,,,1,30,,28615,10,,,1,70,,28619,10,,,1,30,,28604,10,,,1
21001,'7',1852,,28623,10,,,1,70,,28628,10,,,1,30,,28625,10,,,1,70,,28629,10,,,1,30,,28630,10,,,1,70,,28621,10,,,1,30,,28627,10,,,1,70,,28622,10,,,1,30,,28626,10,,,1,70,,28624,10,,,1
21001,'8',1852,,28640,10,,,1,70,,28631,10,,,1,30,,28639,10,,,1,70,,28632,10,,,1,30,,28635,10,,,1,70,,28633,10,,,1,30,,28637,10,,,1,70,,28634,10,,,1,30,,28638,10,,,1,70,,28636,10,,,1
21001,'9',1852,,28648,10,,,1,70,,28645,10,,,1,30,,28643,10,,,1,70,,28646,10,,,1,30,,28641,10,,,1,70,,28650,10,,,1,30,,28644,10,,,1,70,,28647,10,,,1,30,,28642,10,,,1,70,,28649,10,,,1
