10301,'1',615,,20467,14,,,1,100,,20476,14,,,1,30,,20474,14,,,1,70,,20481,14,,,1,30,,20479,14,,,1,70,,20483,14,,,1,30,,20471,14,,,1,70,,20478,14,,,1,100,,20473,14,,,1,100,,20469,14,,,1,100,,20480,14,,,1,100,,20470,14,,,1,100,,20485,14,,,1,30,,17632,14,,,1,70,,20477,14,,,1,30,,20475,14,,,1,70,,20484,14,,,1,30,,20472,14,,,1,70,,20482,14,,,1,30,,20468,14,,,1
10301,'2',615,,20487,14,,,1,100,,20493,14,,,1,30,,20491,14,,,1,70,,20488,14,,,1,30,,20486,14,,,1,70,,20498,14,,,1,30,,20503,14,,,1,70,,20495,14,,,1,100,,20504,14,,,1,100,,20499,14,,,1,100,,20494,14,,,1,100,,20490,14,,,1,100,,20505,14,,,1,30,,20489,14,,,1,70,,20497,14,,,1,30,,20496,14,,,1,70,,20500,14,,,1,30,,20492,14,,,1,70,,20501,14,,,1,30,,20502,14,,,1
10301,'3',615,,20511,14,,,1,100,,20521,14,,,1,30,,20509,14,,,1,70,,20515,14,,,1,30,,20512,14,,,1,70,,20507,14,,,1,30,,20506,14,,,1,70,,20518,14,,,1,100,,20508,14,,,1,100,,20522,14,,,1,100,,20516,14,,,1,100,,20523,14,,,1,100,,20513,14,,,1,30,,20510,14,,,1,70,,20524,14,,,1,30,,20517,14,,,1,70,,20520,14,,,1,30,,20514,14,,,1,70,,20519,14,,,1,30,,20525,14,,,1
10301,'4',615,,20534,14,,,1,100,,20531,14,,,1,30,,20529,14,,,1,70,,20533,14,,,1,30,,20537,14,,,1,70,,20532,14,,,1,30,,20538,14,,,1,70,,20527,14,,,1,100,,20535,14,,,1,100,,20528,14,,,1,100,,20543,14,,,1,100,,20540,14,,,1,100,,20530,14,,,1,30,,20542,14,,,1,70,,20536,14,,,1,30,,20539,14,,,1,70,,20544,14,,,1,30,,20545,14,,,1,70,,20541,14,,,1,30,,20526,14,,,1
10301,'5',615,,20562,14,,,1,100,,20547,14,,,1,30,,20550,14,,,1,70,,20558,14,,,1,30,,20549,14,,,1,70,,20560,14,,,1,30,,20565,14,,,1,70,,20564,14,,,1,100,,20554,14,,,1,100,,20548,14,,,1,100,,20546,14,,,1,100,,20561,14,,,1,100,,20559,14,,,1,30,,20556,14,,,1,70,,20555,14,,,1,30,,20551,14,,,1,70,,20563,14,,,1,30,,20557,14,,,1,70,,20553,14,,,1,30,,20552,14,,,1
10301,'7',615,,20583,14,,,1,100,,20579,14,,,1,30,,20568,14,,,1,70,,20570,14,,,1,30,,20574,14,,,1,70,,20580,14,,,1,30,,20566,14,,,1,70,,20576,14,,,1,100,,20585,14,,,1,100,,20573,14,,,1,100,,20571,14,,,1,100,,20575,14,,,1,100,,20578,14,,,1,30,,20567,14,,,1,70,,20577,14,,,1,30,,20584,14,,,1,70,,20582,14,,,1,30,,20581,14,,,1,70,,20569,14,,,1,30,,20572,14,,,1
10301,'8',615,,20594,14,,,1,100,,20588,14,,,1,30,,20596,14,,,1,70,,20602,14,,,1,30,,20598,14,,,1,70,,20600,14,,,1,30,,20592,14,,,1,70,,20593,14,,,1,100,,20595,14,,,1,100,,20591,14,,,1,100,,20586,14,,,1,100,,20590,14,,,1,100,,20605,14,,,1,30,,20597,14,,,1,70,,20603,14,,,1,30,,20601,14,,,1,70,,20604,14,,,1,30,,20599,14,,,1,70,,20587,14,,,1,30,,20589,14,,,1
10301,'9',615,,20611,14,,,1,100,,20607,14,,,1,30,,20610,14,,,1,70,,20612,14,,,1,30,,20614,14,,,1,70,,20625,14,,,1,30,,20618,14,,,1,70,,20623,14,,,1,100,,20609,14,,,1,100,,20622,14,,,1,100,,20621,14,,,1,100,,20615,14,,,1,100,,20613,14,,,1,30,,20620,14,,,1,70,,20617,14,,,1,30,,20619,14,,,1,70,,20608,14,,,1,30,,20616,14,,,1,70,,20624,14,,,1,30,,20606,14,,,1
20301,'1',1913,,26667,9,0,9 3 10,1,30,,26666,9,0,9 3 10,1,70,,26669,9,0,9 3 10,1,30,,26671,9,0,9 3 10,1,70,,26674,9,0,9 3 10,1,30,,26670,9,0,9 3 10,1,70,,26665,9,0,9 3 10,1,30,,26668,9,0,9 3 10,1,70,,26672,9,0,9 3 10,1,30,,26664,9,0,9 3 10,1
20301,'10',711,,26695,9,0,9 3 10,1,30,,26689,9,0,9 3 10,1,70,,26690,9,0,9 3 10,1,30,,26684,9,0,9 3 10,1,70,,26677,9,0,9 3 10,1,30,,26694,9,0,9 3 10,1,70,,26682,9,0,9 3 10,1,30,,26693,9,0,9 3 10,1,70,,26699,9,0,9 3 10,1,30,,26676,9,0,9 3 10,1,70,,26675,9,0,9 3 10,1,30,,26683,9,0,9 3 10,1,70,,26680,9,0,9 3 10,1,30,,26691,9,0,9 3 10,1,70,,26700,9,0,9 3 10,1,30,,26696,9,0,9 3 10,1,70,,26678,9,0,9 3 10,1,30,,26685,9,0,9 3 10,1,70,,26701,9,0,9 3 10,1,30,,26686,9,0,9 3 10,1,70,,26698,9,0,9 3 10,1,30,,26687,9,0,9 3 10,1,70,,26692,9,0,9 3 10,1,30,,26688,9,0,9 3 10,1,70,,26702,9,0,9 3 10,1,30,,26679,9,0,9 3 10,1,70,,26681,9,0,9 3 10,1,30,,26697,9,0,9 3 10,1
20301,'11',711,,26730,9,0,9 3 10,1,30,,26718,9,0,9 3 10,1,70,,26711,9,0,9 3 10,1,30,,26722,9,0,9 3 10,1,70,,26714,9,0,9 3 10,1,30,,26725,9,0,9 3 10,1,70,,26706,9,0,9 3 10,1,30,,26709,9,0,9 3 10,1,70,,26705,9,0,9 3 10,1,30,,26726,9,0,9 3 10,1,70,,26719,9,0,9 3 10,1,30,,26703,9,0,9 3 10,1,70,,26704,9,0,9 3 10,1,30,,26729,9,0,9 3 10,1,70,,26717,9,0,9 3 10,1,30,,26710,9,0,9 3 10,1,70,,26708,9,0,9 3 10,1,30,,26724,9,0,9 3 10,1,70,,26715,9,0,9 3 10,1,30,,26721,9,0,9 3 10,1,70,,26728,9,0,9 3 10,1,30,,26707,9,0,9 3 10,1,70,,26723,9,0,9 3 10,1,30,,26720,9,0,9 3 10,1,70,,26716,9,0,9 3 10,1,30,,26727,9,0,9 3 10,1,70,,26713,9,0,9 3 10,1,30,,26712,9,0,9 3 10,1
20301,'2',1913,,26740,9,0,9 3 10,1,30,,26735,9,0,9 3 10,1,70,,26732,9,0,9 3 10,1,30,,26734,9,0,9 3 10,1,70,,26739,9,0,9 3 10,1,30,,26731,9,0,9 3 10,1,70,,26741,9,0,9 3 10,1,30,,26733,9,0,9 3 10,1,70,,26738,9,0,9 3 10,1,30,,26737,9,0,9 3 10,1
20301,'3',1913,,26752,9,0,9 3 10,1,30,,26748,9,0,9 3 10,1,70,,26750,9,0,9 3 10,1,30,,26745,9,0,9 3 10,1,70,,26746,9,0,9 3 10,1,30,,26749,9,0,9 3 10,1,70,,26744,9,0,9 3 10,1,30,,26743,9,0,9 3 10,1,70,,26751,9,0,9 3 10,1,30,,26742,9,0,9 3 10,1
20301,'4',1913,,26753,9,0,9 3 10,1,30,,26762,9,0,9 3 10,1,70,,26759,9,0,9 3 10,1,30,,26760,9,0,9 3 10,1,70,,26761,9,0,9 3 10,1,30,,26754,9,0,9 3 10,1,70,,26757,9,0,9 3 10,1,30,,26763,9,0,9 3 10,1,70,,26756,9,0,9 3 10,1,30,,26758,9,0,9 3 10,1
20301,'5',1913,,26770,9,0,9 3 10,1,30,,26766,9,0,9 3 10,1,70,,26772,9,0,9 3 10,1,30,,26773,9,0,9 3 10,1,70,,26765,9,0,9 3 10,1,30,,26767,9,0,9 3 10,1,70,,26774,9,0,9 3 10,1,30,,26771,9,0,9 3 10,1,70,,26769,9,0,9 3 10,1,30,,26768,9,0,9 3 10,1
20301,'6',711,,26786,9,0,9 3 10,1,30,,26798,9,0,9 3 10,1,70,,26794,9,0,9 3 10,1,30,,26801,9,0,9 3 10,1,70,,26785,9,0,9 3 10,1,30,,26782,9,0,9 3 10,1,70,,26797,9,0,9 3 10,1,30,,26775,9,0,9 3 10,1,70,,26781,9,0,9 3 10,1,30,,26788,9,0,9 3 10,1,70,,26796,9,0,9 3 10,1,30,,26790,9,0,9 3 10,1,70,,26778,9,0,9 3 10,1,30,,26799,9,0,9 3 10,1,70,,26791,9,0,9 3 10,1,30,,26776,9,0,9 3 10,1,70,,26783,9,0,9 3 10,1,30,,26777,9,0,9 3 10,1,70,,26793,9,0,9 3 10,1,30,,26802,9,0,9 3 10,1,70,,26784,9,0,9 3 10,1,30,,26787,9,0,9 3 10,1,70,,26779,9,0,9 3 10,1,30,,26800,9,0,9 3 10,1,70,,26780,9,0,9 3 10,1,30,,26792,9,0,9 3 10,1,70,,26795,9,0,9 3 10,1,30,,26789,9,0,9 3 10,1
20301,'7',1913,,26808,9,0,9 3 10,1,30,,26809,9,0,9 3 10,1,70,,26803,9,0,9 3 10,1,30,,26810,9,0,9 3 10,1,70,,26805,9,0,9 3 10,1,30,,26804,9,0,9 3 10,1,70,,26811,9,0,9 3 10,1,30,,26806,9,0,9 3 10,1,70,,26812,9,0,9 3 10,1,30,,26807,9,0,9 3 10,1
20301,'8',1913,,26816,9,0,9 3 10,1,30,,26821,9,0,9 3 10,1,70,,26815,9,0,9 3 10,1,30,,26817,9,0,9 3 10,1,70,,26820,9,0,9 3 10,1,30,,26824,9,0,9 3 10,1,70,,26823,9,0,9 3 10,1,30,,26819,9,0,9 3 10,1,70,,26814,9,0,9 3 10,1,30,,26818,9,0,9 3 10,1
20301,'9',1913,,26825,9,0,9 3 10,1,30,,26828,9,0,9 3 10,1,70,,26834,9,0,9 3 10,1,30,,26831,9,0,9 3 10,1,70,,26832,9,0,9 3 10,1,30,,26835,9,0,9 3 10,1,70,,26830,9,0,9 3 10,1,30,,26829,9,0,9 3 10,1,70,,26827,9,0,9 3 10,1,30,,26833,9,0,9 3 10,1
