11401,'1',639,,25223,7,,,1,100,,25228,7,,,1,100,,25220,7,,,1,100,,25219,7,,,1,100,,25230,7,,,1,100,,25227,7,,,1,100,,25226,7,,,1,100,,25225,7,,,1,100,,25229,7,,,1,100,,25222,7,,,1,100,,25224,7,,,1,100,,25221,7,,,1
11401,'2',639,,25242,7,,,1,100,,25234,7,,,1,100,,25240,7,,,1,100,,25232,7,,,1,100,,25238,7,,,1,100,,25239,7,,,1,100,,25233,7,,,1,100,,25236,7,,,1,100,,25231,7,,,1,100,,25235,7,,,1,100,,25237,7,,,1,100,,25241,7,,,1
11401,'3',639,,25245,7,,,1,100,,25247,7,,,1,100,,25243,7,,,1,100,,25248,7,,,1,100,,25251,7,,,1,100,,25254,7,,,1,100,,25250,7,,,1,100,,25252,7,,,1,100,,25253,7,,,1,100,,25244,7,,,1,100,,25246,7,,,1,100,,25249,7,,,1
11401,'4',639,,25256,7,,,1,100,,25257,7,,,1,100,,25261,7,,,1,100,,25258,7,,,1,100,,25255,7,,,1,100,,25263,7,,,1,100,,25264,7,,,1,100,,25262,7,,,1,100,,25260,7,,,1,100,,25265,7,,,1,100,,25259,7,,,1,100,,25266,7,,,1
11401,'5',639,,25270,7,,,1,100,,25273,7,,,1,100,,25271,7,,,1,100,,25275,7,,,1,100,,25277,7,,,1,100,,25272,7,,,1,100,,25274,7,,,1,100,,25268,7,,,1,100,,25278,7,,,1,100,,25267,7,,,1,100,,25276,7,,,1,100,,25269,7,,,1
11401,'7',639,,25280,7,,,1,100,,25283,7,,,1,100,,25286,7,,,1,100,,25290,7,,,1,100,,25289,7,,,1,100,,25287,7,,,1,100,,25282,7,,,1,100,,25285,7,,,1,100,,25281,7,,,1,100,,25279,7,,,1,100,,25288,7,,,1,100,,25284,7,,,1
11401,'8',639,,25299,7,,,1,100,,25298,7,,,1,100,,25301,7,,,1,100,,25292,7,,,1,100,,25295,7,,,1,100,,25294,7,,,1,100,,25302,7,,,1,100,,25300,7,,,1,100,,25291,7,,,1,100,,25296,7,,,1,100,,25297,7,,,1,100,,25293,7,,,1
11401,'9',639,,25312,7,,,1,100,,25308,7,,,1,100,,25305,7,,,1,100,,25314,7,,,1,100,,25310,7,,,1,100,,25307,7,,,1,100,,25304,7,,,1,100,,25306,7,,,1,100,,25309,7,,,1,100,,25311,7,,,1,100,,25303,7,,,1,100,,25313,7,,,1
21401,'1',1843,,29314,18,,,1,100,,29315,18,,,1,100,,29313,18,,,1,100,,29312,18,,,1,100,,29311,18,,,1
21401,'10',743,,29324,18,,,1,100,,29323,18,,,1,100,,29327,18,,,1,100,,29322,18,,,1,100,,29325,18,,,1,100,,29316,18,,,1,100,,29326,18,,,1,100,,29319,18,,,1,100,,29320,18,,,1,100,,17231,18,,,1,100,,29317,18,,,1,100,,29318,18,,,1,100,,29321,18,,,1
21401,'11',743,,29335,18,,,1,100,,29331,18,,,1,100,,29334,18,,,1,100,,29328,18,,,1,100,,29329,18,,,1,100,,29336,18,,,1,100,,29330,18,,,1,100,,29338,18,,,1,100,,29339,18,,,1,100,,29332,18,,,1,100,,29337,18,,,1,100,,29340,18,,,1,100,,29333,18,,,1
21401,'2',1843,,29344,18,,,1,100,,29343,18,,,1,100,,29342,18,,,1,100,,29341,18,,,1,100,,29345,18,,,1
21401,'3',1843,,29347,18,,,1,100,,29350,18,,,1,100,,29348,18,,,1,100,,29346,18,,,1,100,,29349,18,,,1
21401,'4',1843,,29354,18,,,1,100,,29352,18,,,1,100,,29355,18,,,1,100,,29353,18,,,1,100,,29351,18,,,1
21401,'5',1843,,29360,18,,,1,100,,29358,18,,,1,100,,29357,18,,,1,100,,29356,18,,,1,100,,29359,18,,,1
21401,'6',743,,29373,18,,,1,100,,29365,18,,,1,100,,29368,18,,,1,100,,29367,18,,,1,100,,29370,18,,,1,100,,29366,18,,,1,100,,29361,18,,,1,100,,29364,18,,,1,100,,29372,18,,,1,100,,29369,18,,,1,100,,29363,18,,,1,100,,29371,18,,,1,100,,29362,18,,,1
21401,'7',1843,,29377,18,,,1,100,,29374,18,,,1,100,,29375,18,,,1,100,,29378,18,,,1,100,,29376,18,,,1
21401,'8',1843,,29382,18,,,1,100,,29379,18,,,1,100,,29380,18,,,1,100,,29381,18,,,1,100,,29383,18,,,1
21401,'9',1843,,29388,18,,,1,100,,29386,18,,,1,100,,29387,18,,,1,100,,29385,18,,,1,100,,29384,18,,,1
