10400,'1',637,,18641,10,,,1,70,,20630,10,,,1,30,,20627,10,,,1,70,,20647,10,,,1,30,,20637,10,,,1,70,,20646,10,,,1,30,,20629,10,,,1,70,,20628,10,,,1,30,,20645,10,,,1,70,,20633,10,,,1,30,,20644,10,,,1,70,,20635,10,,,1,30,,20632,10,,,1,70,,20641,10,,,1,30,,20626,10,,,1,70,,20640,10,,,1,30,,20631,10,,,1,70,,20639,10,,,1,30,,20643,10,,,1,70,,20642,10,,,1,30,,20649,10,,,1,70,,20636,10,,,1,30,,20638,10,,,1,70,,20634,10,,,1,30,,20648,10,,,1
10400,'2',637,,20668,10,,,1,70,,20664,10,,,1,30,,20655,10,,,1,70,,20669,10,,,1,30,,20652,10,,,1,70,,20663,10,,,1,30,,20650,10,,,1,70,,20670,10,,,1,30,,20659,10,,,1,70,,20654,10,,,1,30,,20662,10,,,1,70,,20656,10,,,1,30,,20657,10,,,1,70,,20665,10,,,1,30,,20661,10,,,1,70,,20666,10,,,1,30,,20667,10,,,1,70,,20673,10,,,1,30,,20660,10,,,1,70,,20674,10,,,1,30,,20651,10,,,1,70,,20653,10,,,1,30,,20672,10,,,1,70,,20658,10,,,1,30,,20671,10,,,1
10400,'3',637,,20680,10,,,1,70,,20678,10,,,1,30,,20693,10,,,1,70,,20683,10,,,1,30,,20691,10,,,1,70,,20687,10,,,1,30,,20684,10,,,1,70,,20685,10,,,1,30,,20688,10,,,1,70,,20695,10,,,1,30,,20697,10,,,1,70,,20681,10,,,1,30,,20677,10,,,1,70,,20690,10,,,1,30,,20682,10,,,1,70,,20689,10,,,1,30,,20699,10,,,1,70,,20696,10,,,1,30,,20694,10,,,1,70,,20676,10,,,1,30,,20679,10,,,1,70,,20675,10,,,1,30,,20692,10,,,1,70,,20698,10,,,1,30,,20686,10,,,1
10400,'4',637,,20713,10,,,1,70,,20709,10,,,1,30,,20718,10,,,1,70,,20705,10,,,1,30,,20701,10,,,1,70,,20703,10,,,1,30,,20714,10,,,1,70,,20723,10,,,1,30,,20700,10,,,1,70,,20710,10,,,1,30,,20716,10,,,1,70,,20720,10,,,1,30,,20704,10,,,1,70,,20712,10,,,1,30,,20721,10,,,1,70,,20706,10,,,1,30,,20717,10,,,1,70,,20722,10,,,1,30,,20702,10,,,1,70,,20719,10,,,1,30,,20708,10,,,1,70,,20711,10,,,1,30,,20715,10,,,1,70,,20724,10,,,1,30,,20707,10,,,1
10400,'5',637,,20728,10,,,1,70,,20748,10,,,1,30,,20732,10,,,1,70,,20739,10,,,1,30,,20746,10,,,1,70,,20737,10,,,1,30,,20742,10,,,1,70,,20734,10,,,1,30,,20741,10,,,1,70,,20727,10,,,1,30,,20738,10,,,1,70,,20740,10,,,1,30,,20725,10,,,1,70,,20726,10,,,1,30,,20744,10,,,1,70,,20730,10,,,1,30,,20731,10,,,1,70,,20736,10,,,1,30,,20747,10,,,1,70,,20743,10,,,1,30,,20735,10,,,1,70,,20729,10,,,1,30,,20745,10,,,1,70,,20733,10,,,1,30,,20749,10,,,1
10400,'7',637,,20750,10,,,1,70,,20762,10,,,1,30,,20751,10,,,1,70,,20772,10,,,1,30,,20764,10,,,1,70,,20755,10,,,1,30,,20753,10,,,1,70,,20757,10,,,1,30,,20765,10,,,1,70,,20766,10,,,1,30,,20769,10,,,1,70,,20758,10,,,1,30,,20761,10,,,1,70,,20754,10,,,1,30,,20768,10,,,1,70,,20763,10,,,1,30,,20767,10,,,1,70,,20756,10,,,1,30,,20760,10,,,1,70,,20771,10,,,1,30,,20759,10,,,1,70,,20752,10,,,1,30,,20770,10,,,1,70,,20773,10,,,1,30,,20774,10,,,1
10400,'8',637,,20777,10,,,1,70,,20782,10,,,1,30,,20785,10,,,1,70,,20778,10,,,1,30,,20779,10,,,1,70,,20788,10,,,1,30,,20781,10,,,1,70,,20798,10,,,1,30,,20787,10,,,1,70,,20799,10,,,1,30,,20775,10,,,1,70,,20792,10,,,1,30,,20796,10,,,1,70,,20776,10,,,1,30,,20786,10,,,1,70,,20784,10,,,1,30,,20794,10,,,1,70,,20789,10,,,1,30,,20790,10,,,1,70,,20780,10,,,1,30,,20783,10,,,1,70,,20791,10,,,1,30,,20797,10,,,1,70,,20795,10,,,1,30,,20793,10,,,1
10400,'9',637,,20804,10,,,1,70,,20815,10,,,1,30,,20822,10,,,1,70,,20806,10,,,1,30,,20800,10,,,1,70,,20805,10,,,1,30,,20821,10,,,1,70,,20808,10,,,1,30,,20813,10,,,1,70,,20801,10,,,1,30,,20810,10,,,1,70,,20812,10,,,1,30,,20819,10,,,1,70,,20823,10,,,1,30,,20820,10,,,1,70,,20802,10,,,1,30,,20816,10,,,1,70,,20809,10,,,1,30,,20817,10,,,1,70,,20818,10,,,1,30,,20814,10,,,1,70,,20803,10,,,1,30,,20824,10,,,1,70,,20807,10,,,1,30,,20811,10,,,1
20301,'1',2407,,26673,10,,,1
20301,'2',2407,,26736,10,,,1
20301,'3',2407,,26747,10,,,1
20301,'4',2407,,26755,10,,,1
20301,'5',2407,,26764,10,,,1
20301,'7',2407,,26813,10,,,1
20301,'8',2407,,26822,10,,,1
20301,'9',2407,,26826,10,,,1
20400,'1',1907,,26836,10,,,1,30,,26839,10,,,1,70,,26837,10,,,1,30,,26841,10,,,1,70,,26840,10,,,1,30,,26845,10,,,1,70,,26843,10,,,1,30,,26842,10,,,1,70,,26838,10,,,1,30,,26844,10,,,1
20400,'10',737,,26855,10,,,1,70,,26852,10,,,1,30,,26860,10,,,1,70,,26847,10,,,1,30,,26849,10,,,1,70,,26863,10,,,1,30,,26862,10,,,1,70,,26867,10,,,1,30,,26868,10,,,1,70,,26871,10,,,1,30,,26858,10,,,1,70,,26853,10,,,1,30,,26873,10,,,1,70,,26870,10,,,1,30,,26846,10,,,1,70,,26857,10,,,1,30,,26854,10,,,1,70,,26872,10,,,1,30,,26851,10,,,1,70,,26866,10,,,1,30,,26869,10,,,1,70,,26848,10,,,1,30,,26864,10,,,1,70,,26859,10,,,1,30,,26865,10,,,1,70,,26861,10,,,1,30,,26850,10,,,1,70,,26856,10,,,1
20400,'11',737,,26889,10,,,1,70,,26884,10,,,1,30,,26895,10,,,1,70,,26893,10,,,1,30,,26887,10,,,1,70,,26876,10,,,1,30,,26878,10,,,1,70,,26880,10,,,1,30,,26882,10,,,1,70,,26888,10,,,1,30,,26874,10,,,1,70,,26881,10,,,1,30,,26897,10,,,1,70,,26899,10,,,1,30,,26883,10,,,1,70,,26890,10,,,1,30,,26901,10,,,1,70,,26877,10,,,1,30,,26894,10,,,1,70,,26886,10,,,1,30,,26885,10,,,1,70,,26875,10,,,1,30,,26896,10,,,1,70,,26892,10,,,1,30,,26900,10,,,1,70,,26891,10,,,1,30,,26879,10,,,1,70,,26898,10,,,1
20400,'2',1907,,26906,10,,,1,30,,26910,10,,,1,70,,26903,10,,,1,30,,26904,10,,,1,70,,26911,10,,,1,30,,26905,10,,,1,70,,26909,10,,,1,30,,26902,10,,,1,70,,26907,10,,,1,30,,26908,10,,,1
20400,'3',1907,,26913,10,,,1,30,,26912,10,,,1,70,,26914,10,,,1,30,,26915,10,,,1,70,,26920,10,,,1,30,,26916,10,,,1,70,,26919,10,,,1,30,,26917,10,,,1,70,,26921,10,,,1,30,,26918,10,,,1
20400,'4',1907,,26924,10,,,1,30,,26922,10,,,1,70,,26930,10,,,1,30,,26926,10,,,1,70,,26927,10,,,1,30,,26928,10,,,1,70,,26923,10,,,1,30,,26925,10,,,1,70,,26931,10,,,1,30,,26929,10,,,1
20400,'5',1907,,26937,10,,,1,30,,26941,10,,,1,70,,26934,10,,,1,30,,26935,10,,,1,70,,26932,10,,,1,30,,26933,10,,,1,70,,26939,10,,,1,30,,26936,10,,,1,70,,26940,10,,,1,30,,26938,10,,,1
20400,'6',737,,26964,10,,,1,70,,26958,10,,,1,30,,26948,10,,,1,70,,26955,10,,,1,30,,26945,10,,,1,70,,26961,10,,,1,30,,26951,10,,,1,70,,26949,10,,,1,30,,26963,10,,,1,70,,26952,10,,,1,30,,26947,10,,,1,70,,26960,10,,,1,30,,26956,10,,,1,70,,26962,10,,,1,30,,26965,10,,,1,70,,26943,10,,,1,30,,26953,10,,,1,70,,26944,10,,,1,30,,26954,10,,,1,70,,26957,10,,,1,30,,26946,10,,,1,70,,26969,10,,,1,30,,26942,10,,,1,70,,26967,10,,,1,30,,26968,10,,,1,70,,26966,10,,,1,30,,26959,10,,,1,70,,26950,10,,,1
20400,'7',1907,,26979,10,,,1,30,,26976,10,,,1,70,,26975,10,,,1,30,,26970,10,,,1,70,,26971,10,,,1,30,,26972,10,,,1,70,,26973,10,,,1,30,,26977,10,,,1,70,,26974,10,,,1,30,,26978,10,,,1
20400,'8',1907,,26980,10,,,1,30,,26982,10,,,1,70,,26988,10,,,1,30,,26983,10,,,1,70,,26984,10,,,1,30,,26985,10,,,1,70,,26989,10,,,1,30,,26987,10,,,1,70,,26986,10,,,1,30,,26981,10,,,1
20400,'9',1907,,26991,10,,,1,30,,26996,10,,,1,70,,26998,10,,,1,30,,26990,10,,,1,70,,26993,10,,,1,30,,26997,10,,,1,70,,26992,10,,,1,30,,26995,10,,,1,70,,26994,10,,,1,30,,26999,10,,,1
