10601,'1',600,,21756,10,,,1,100,,21766,10,,,1,30,,21752,10,,,1,70,,21767,10,,,1,30,,21760,10,,,1,70,,21758,10,,,1,30,,21754,10,0,17,1,70,,21755,10,,,1,100,,21757,10,,,1,100,,21764,10,,,1,100,,18489,10,,,1,100,,21759,10,,,1,30,,21765,10,,,1,70,,21763,10,,,1,30,,21753,10,,,1,70,,21770,10,,,1,30,,21769,10,,,1,70,,21761,10,,,1,30,,21762,10,,,1,70,,21768,10,,,1
10601,'2',600,,21775,10,,,1,100,,21776,10,,,1,30,,21790,10,,,1,70,,21780,10,,,1,30,,21788,10,,,1,70,,21784,10,,,1,30,,21778,10,0,17,1,70,,21782,10,,,1,100,,21787,10,,,1,100,,21786,10,,,1,100,,21771,10,,,1,100,,21779,10,,,1,30,,21773,10,,,1,70,,21772,10,,,1,30,,21785,10,,,1,70,,21777,10,,,1,30,,21781,10,,,1,70,,21783,10,,,1,30,,21789,10,,,1,70,,21774,10,,,1
10601,'3',600,,21802,10,,,1,100,,21803,10,,,1,30,,21799,10,,,1,70,,21797,10,,,1,30,,21795,10,,,1,70,,21798,10,,,1,30,,21804,10,0,17,1,70,,21793,10,,,1,100,,21808,10,,,1,100,,21805,10,,,1,100,,21810,10,,,1,100,,21792,10,,,1,30,,21807,10,,,1,70,,21800,10,,,1,30,,21791,10,,,1,70,,21794,10,,,1,30,,21806,10,,,1,70,,21796,10,,,1,30,,21809,10,,,1,70,,21801,10,,,1
10601,'4',600,,21812,10,,,1,100,,21818,10,,,1,30,,21822,10,,,1,70,,21820,10,,,1,30,,21828,10,,,1,70,,21830,10,,,1,30,,21819,10,0,17,1,70,,21815,10,,,1,100,,21821,10,,,1,100,,21814,10,,,1,100,,21816,10,,,1,100,,21826,10,,,1,30,,21825,10,,,1,70,,21823,10,,,1,30,,21813,10,,,1,70,,21829,10,,,1,30,,21824,10,,,1,70,,21811,10,,,1,30,,21817,10,,,1,70,,21827,10,,,1
10601,'5',600,,21840,10,,,1,100,,21834,10,,,1,30,,21835,10,,,1,70,,21833,10,,,1,30,,21838,10,,,1,70,,21843,10,,,1,30,,21849,10,0,17,1,70,,21845,10,,,1,100,,21839,10,,,1,100,,21848,10,,,1,100,,21842,10,,,1,100,,21832,10,,,1,30,,21846,10,,,1,70,,21844,10,,,1,30,,21837,10,,,1,70,,21841,10,,,1,30,,21850,10,,,1,70,,21831,10,,,1,30,,21836,10,,,1,70,,21847,10,,,1
10601,'7',600,,21851,10,,,1,100,,21868,10,,,1,30,,21853,10,,,1,70,,21865,10,,,1,30,,21863,10,,,1,70,,21857,10,,,1,30,,21864,10,0,17,1,70,,21867,10,,,1,100,,21861,10,,,1,100,,21866,10,,,1,100,,21860,10,,,1,100,,21856,10,,,1,30,,21854,10,,,1,70,,21859,10,,,1,30,,21862,10,,,1,70,,21855,10,,,1,30,,21870,10,,,1,70,,21858,10,,,1,30,,21869,10,,,1,70,,21852,10,,,1
10601,'8',600,,21882,10,,,1,100,,21875,10,,,1,30,,21888,10,,,1,70,,21877,10,,,1,30,,21879,10,,,1,70,,21881,10,,,1,30,,21890,10,0,17,1,70,,21886,10,,,1,100,,21885,10,,,1,100,,21874,10,,,1,100,,21889,10,,,1,100,,21880,10,,,1,30,,21872,10,,,1,70,,21883,10,,,1,30,,21878,10,,,1,70,,21884,10,,,1,30,,21887,10,,,1,70,,21876,10,,,1,30,,21873,10,,,1,70,,21871,10,,,1
10601,'9',600,,21902,10,,,1,100,,21895,10,,,1,30,,21903,10,,,1,70,,21893,10,,,1,30,,21904,10,,,1,70,,21910,10,,,1,30,,21901,10,0,17,1,70,,21900,10,,,1,100,,21897,10,,,1,100,,21898,10,,,1,100,,21909,10,,,1,100,,21896,10,,,1,30,,21899,10,,,1,70,,21907,10,,,1,30,,21908,10,,,1,70,,21905,10,,,1,30,,21894,10,,,1,70,,21891,10,,,1,30,,21892,10,,,1,70,,21906,10,,,1
11201,'1',714,,24332,12,,,1,100,,24338,12,,,1,100,,24328,12,,,1,100,,24335,12,,,1,100,,24329,12,,,1,100,,24325,12,,,1,100,,24326,12,,,1,100,,24340,12,,,1,100,,17429,12,,,1,100,,24327,12,,,1,100,,24342,12,,,1
11201,'2',714,,24350,12,,,1,100,,24361,12,,,1,100,,24344,12,,,1,100,,24349,12,,,1,100,,24343,12,,,1,100,,24357,12,,,1,100,,24363,12,,,1,100,,24362,12,,,1,100,,24355,12,,,1,100,,24358,12,,,1,100,,24351,12,,,1
11201,'3',714,,24376,12,,,1,100,,24381,12,,,1,100,,24379,12,,,1,100,,24370,12,,,1,100,,24369,12,,,1,100,,24384,12,,,1,100,,24373,12,,,1,100,,24372,12,,,1,100,,24377,12,,,1,100,,24368,12,,,1,100,,24375,12,,,1
11201,'4',714,,24388,12,,,1,100,,24400,12,,,1,100,,24398,12,,,1,100,,24389,12,,,1,100,,24386,12,,,1,100,,24397,12,,,1,100,,24395,12,,,1,100,,24399,12,,,1,100,,24396,12,,,1,100,,24390,12,,,1,100,,24402,12,,,1
11201,'5',714,,24416,12,,,1,100,,24410,12,,,1,100,,24409,12,,,1,100,,24420,12,,,1,100,,24411,12,,,1,100,,24425,12,,,1,100,,24424,12,,,1,100,,24422,12,,,1,100,,24414,12,,,1,100,,24415,12,,,1,100,,24421,12,,,1
11201,'7',714,,24434,12,,,1,100,,24436,12,,,1,100,,24445,12,,,1,100,,24433,12,,,1,100,,24439,12,,,1,100,,24443,12,,,1,100,,24446,12,,,1,100,,24444,12,,,1,100,,24450,12,,,1,100,,24437,12,,,1,100,,24430,12,,,1
11201,'8',714,,24455,12,,,1,100,,24462,12,,,1,100,,24453,12,,,1,100,,24457,12,,,1,100,,24458,12,,,1,100,,24465,12,,,1,100,,24464,12,,,1,100,,24463,12,,,1,100,,24471,12,,,1,100,,24460,12,,,1,100,,24470,12,,,1
11201,'9',714,,24475,12,,,1,100,,24489,12,,,1,100,,24492,12,,,1,100,,24483,12,,,1,100,,24495,12,,,1,100,,24493,12,,,1,100,,24486,12,,,1,100,,24476,12,,,1,100,,24490,12,,,1,100,,24491,12,,,1,100,,24480,12,,,1
20601,'1',1834,,27629,10,,,1,70,,27630,10,,,1,30,,27615,10,,,1,70,,27624,10,,,1,30,,27625,10,,,1,70,,27633,10,,,1,30,,27623,10,,,1,70,,27626,10,,,1,30,,27628,10,,,1,70,,27631,10,,,1
20601,'10',701,,27668,10,,,1,30,,27673,10,,,1,70,,27638,10,,,1,30,,27680,10,,,1,70,,27657,10,,,1,30,,27635,10,,,1,70,,27672,10,,,1,30,,27642,10,,,1,70,,27650,10,,,1,30,,27653,10,,,1,70,,27656,10,,,1,30,,27675,10,,,1,70,,27682,10,,,1,30,,27647,10,,,1,70,,27665,10,,,1,30,,27688,10,,,1,70,,27640,10,,,1,30,,27684,10,,,1,70,,27636,10,,,1,30,,27644,10,,,1,70,,27681,10,,,1,30,,27671,10,,,1,70,,19502,10,,,1,30,,27679,10,,,1,70,,27639,10,,,1,30,,27646,10,,,1,70,,27651,10,,,1,30,,27661,10,,,1
20601,'11',701,,27723,10,,,1,30,,27699,10,,,1,70,,27707,10,,,1,30,,27727,10,,,1,70,,27744,10,,,1,30,,27736,10,,,1,70,,27717,10,,,1,30,,27742,10,,,1,70,,27712,10,,,1,30,,27701,10,,,1,70,,27719,10,,,1,30,,27713,10,,,1,70,,27694,10,,,1,30,,27725,10,,,1,70,,27709,10,,,1,30,,27704,10,,,1,70,,27695,10,,,1,30,,27690,10,,,1,70,,27692,10,,,1,30,,27739,10,,,1,70,,27737,10,,,1,30,,27735,10,,,1,70,,27711,10,,,1,30,,27729,10,,,1,70,,27705,10,,,1,30,,27743,10,,,1,70,,27698,10,,,1,30,,27741,10,,,1
20601,'2',1834,,27754,10,,,1,70,,27751,10,,,1,30,,18171,10,,,1,70,,27760,10,,,1,30,,27756,10,,,1,70,,27762,10,,,1,30,,27759,10,,,1,70,,27747,10,,,1,30,,27757,10,,,1,70,,27749,10,,,1
20601,'3',1834,,27774,10,,,1,70,,27769,10,,,1,30,,27767,10,,,1,70,,27764,10,,,1,30,,27777,10,,,1,70,,27782,10,,,1,30,,27781,10,,,1,70,,27772,10,,,1,30,,27780,10,,,1,70,,27775,10,,,1
20601,'4',1834,,27787,10,,,1,70,,27798,10,,,1,30,,27800,10,,,1,70,,27797,10,,,1,30,,27792,10,,,1,70,,27786,10,,,1,30,,27801,10,,,1,70,,27784,10,,,1,30,,27790,10,,,1,70,,27802,10,,,1
20601,'5',1834,,27805,10,,,1,70,,27823,10,,,1,30,,27811,10,,,1,70,,27809,10,,,1,30,,27806,10,,,1,70,,27818,10,,,1,30,,27817,10,,,1,70,,27821,10,,,1,30,,27807,10,,,1,70,,27813,10,,,1
20601,'6',701,,27869,10,,,1,30,,27865,10,,,1,70,,27863,10,,,1,30,,27827,10,,,1,70,,27844,10,,,1,30,,27842,10,,,1,70,,27873,10,,,1,30,,27828,10,,,1,70,,27874,10,,,1,30,,27829,10,,,1,70,,27868,10,,,1,30,,27847,10,,,1,70,,27839,10,,,1,30,,27879,10,,,1,70,,27867,10,,,1,30,,27825,10,,,1,70,,27862,10,,,1,30,,27860,10,,,1,70,,27871,10,,,1,30,,27831,10,,,1,70,,27857,10,,,1,30,,27872,10,,,1,70,,27856,10,,,1,30,,27878,10,,,1,70,,27834,10,,,1,30,,27835,10,,,1,70,,27837,10,,,1,30,,27876,10,,,1
20601,'7',1834,,27888,10,,,1,70,,27885,10,,,1,30,,27897,10,,,1,70,,27890,10,,,1,30,,27896,10,,,1,70,,27886,10,,,1,30,,27882,10,,,1,70,,27895,10,,,1,30,,27893,10,,,1,70,,27898,10,,,1
20601,'8',1834,,27901,10,,,1,70,,27909,10,,,1,30,,27905,10,,,1,70,,27913,10,,,1,30,,27906,10,,,1,70,,27917,10,,,1,30,,27918,10,,,1,70,,27902,10,,,1,30,,27900,10,,,1,70,,27907,10,,,1
20601,'9',1834,,27920,10,,,1,70,,27936,10,,,1,30,,27928,10,,,1,70,,27939,10,,,1,30,,27937,10,,,1,70,,27923,10,,,1,30,,27925,10,,,1,70,,27935,10,,,1,30,,27931,10,,,1,70,,27930,10,,,1
