10500,'10',547,,17608,2,,,1,100,,17626,2,,,1,70,,17622,2,,,1,30,,17627,2,,,1,70,,17617,2,,,1,30,,17624,2,,,1,70,,17610,2,,,1,30,,16115,2,,,1,100,,17599,2,,,1,100,,17609,2,,,1,100,,17613,2,,,1,100,,17604,2,,,1,100,,17621,2,,,1,70,,17614,2,,,1,30,,17618,2,,,1,70,,17612,2,,,1,30,,17620,2,,,1,70,,17623,2,,,1,30,,17601,2,,,1
10500,'7',547,,17642,2,,,1,100,,17656,2,,,1,70,,17652,2,,,1,30,,17657,2,,,1,70,,17658,2,,,1,30,,17654,2,,,1,70,,17661,2,,,1,30,,16074,2,,,1,100,,17636,2,,,1,100,,17643,2,,,1,100,,17645,2,,,1,100,,17641,2,,,1,100,,17659,2,,,1,70,,17639,2,,,1,30,,17631,2,,,1,70,,16072,2,,,1,30,,17653,2,,,1,70,,15470,2,,,1,30,,17647,2,,,1
11301,'10',559,,18450,2,0,14 15 16,1,100,,18442,2,0,14 15 16,1,100,,18459,2,0,14 15 16,1,100,,15200,2,0,14 15 16,1,100,,14773,2,0,14 15 16,1,100,,18433,2,0,14 15 16,1,100,,16386,2,0,14 15 16,1,100,,18451,2,0,14 15 16,1,100,,18435,2,0,14 15 16,1,100,,16125,2,0,14 15 16,1,100,,18444,2,0,14 15 16,1,100,,18448,2,0,14 15 16,1,100,,18430,2,0,14 15 16,1,100,,18436,2,0,14 15 16,1
11301,'7',559,,18482,2,0,14 15 16,1,100,,15415,2,0,14 15 16,1,100,,18491,2,0,14 15 16,1,100,,15183,2,0,14 15 16,1,100,,14722,2,0,14 15 16,1,100,,18479,2,0,14 15 16,1,100,,16368,2,0,14 15 16,1,100,,18464,2,0,14 15 16,1,100,,18472,2,0,14 15 16,1,100,,18487,2,0,14 15 16,1,100,,18485,2,0,14 15 16,1,100,,12299,2,0,14 15 16,1,100,,18489,2,0,14 15 16,1,100,,18474,2,0,14 15 16,1
20500,'10',1847,,18977,2,,,1,100,,18975,2,,,1,100,,18972,2,,,1,100,,18971,2,,,1
20500,'5',647,,18979,2,,,1,100,,18994,2,,,1,100,,18997,2,,,1,100,,18985,2,,,1,100,,18987,2,,,1,100,,18984,2,,,1,100,,18990,2,,,1,100,,16732,2,,,1,100,,18981,2,,,1,100,,18993,2,,,1,100,,13774,2,,,1,100,,18988,2,,,1,100,,18999,2,,,1,100,,18983,2,,,1
20500,'7',1847,,19007,2,,,1,100,,19005,2,,,1,100,,19002,2,,,1,100,,19001,2,,,1
21301,'10',1959,,19466,2,,,1,100,,19471,2,,,1,100,,19469,2,,,1,100,,19468,2,,,1
21301,'5',659,,19487,2,,,1,100,,19508,2,,,1,100,,19491,2,,,1,100,,19479,2,,,1,100,,19510,2,,,1,100,,19501,2,,,1,100,,19476,2,,,1,100,,19477,2,,,1,100,,19504,2,,,1,100,,19498,2,,,1,100,,19496,2,,,1,100,,19503,2,,,1,100,,19488,2,,,1,100,,19509,2,,,1
21301,'7',1959,,19519,2,,,1,100,,19521,2,,,1,100,,19514,2,,,1,100,,19517,2,,,1
