10201,'1',630,,20174,1,0,7 1 8,1,70,,20184,1,0,7 1 8,1,30,,20178,1,0,7 1 8,1,70,,20176,1,0,7 1 8,1,30,,20177,1,0,7 1 8,1,70,,20188,1,0,7 1 8,1,30,,20189,1,0,7 1 8,1,100,,20179,1,0,7 1 8,1,100,,20182,1,0,7 1 8,1,100,,20185,1,0,7 1 8,1,100,,20180,1,0,7 1 8,1,100,,20173,1,0,7 1 8,1,70,,20186,1,0,7 1 8,1,30,,20187,1,0,7 1 8,1,70,,20175,1,0,7 1 8,1,30,,20190,1,0,7 1 8,1,70,,20181,1,0,7 1 8,1,30,,20183,1,0,7 1 8,1
10201,'2',630,,20197,1,0,7 1 8,1,70,,18261,1,0,7 1 8,1,30,,20199,1,0,7 1 8,1,70,,20195,1,0,7 1 8,1,30,,20202,1,0,7 1 8,1,70,,20203,1,0,7 1 8,1,30,,20201,1,0,7 1 8,1,100,,20205,1,0,7 1 8,1,100,,20196,1,0,7 1 8,1,100,,20194,1,0,7 1 8,1,100,,20191,1,0,7 1 8,1,100,,20204,1,0,7 1 8,1,70,,20206,1,0,7 1 8,1,30,,20200,1,0,7 1 8,1,70,,20198,1,0,7 1 8,1,30,,20207,1,0,7 1 8,1,70,,20193,1,0,7 1 8,1,30,,20192,1,0,7 1 8,1
10201,'3',630,,20213,1,0,7 1 8,1,70,,20209,1,0,7 1 8,1,30,,20223,1,0,7 1 8,1,70,,20217,1,0,7 1 8,1,30,,20224,1,0,7 1 8,1,70,,20219,1,0,7 1 8,1,30,,20220,1,0,7 1 8,1,100,,20225,1,0,7 1 8,1,100,,20222,1,0,7 1 8,1,100,,20214,1,0,7 1 8,1,100,,20221,1,0,7 1 8,1,100,,20216,1,0,7 1 8,1,70,,20211,1,0,7 1 8,1,30,,20212,1,0,7 1 8,1,70,,20210,1,0,7 1 8,1,30,,20215,1,0,7 1 8,1,70,,20208,1,0,7 1 8,1,30,,20218,1,0,7 1 8,1
10201,'4',630,,20229,1,0,7 1 8,1,70,,20226,1,0,7 1 8,1,30,,20241,1,0,7 1 8,1,70,,20243,1,0,7 1 8,1,30,,20228,1,0,7 1 8,1,70,,20236,1,0,7 1 8,1,30,,20238,1,0,7 1 8,1,100,,20231,1,0,7 1 8,1,100,,20232,1,0,7 1 8,1,100,,20239,1,0,7 1 8,1,100,,20227,1,0,7 1 8,1,100,,20240,1,0,7 1 8,1,70,,20242,1,0,7 1 8,1,30,,20235,1,0,7 1 8,1,70,,20237,1,0,7 1 8,1,30,,20230,1,0,7 1 8,1,70,,20233,1,0,7 1 8,1,30,,20234,1,0,7 1 8,1
10201,'5',630,,20248,1,0,7 1 8,1,70,,20258,1,0,7 1 8,1,30,,20245,1,0,7 1 8,1,70,,20247,1,0,7 1 8,1,30,,20256,1,0,7 1 8,1,70,,20249,1,0,7 1 8,1,30,,20254,1,0,7 1 8,1,100,,20255,1,0,7 1 8,1,100,,20261,1,0,7 1 8,1,100,,20257,1,0,7 1 8,1,100,,20244,1,0,7 1 8,1,100,,20252,1,0,7 1 8,1,70,,20259,1,0,7 1 8,1,30,,20253,1,0,7 1 8,1,70,,20251,1,0,7 1 8,1,30,,20246,1,0,7 1 8,1,70,,20250,1,0,7 1 8,1,30,,20260,1,0,7 1 8,1
10201,'7',630,,20273,1,0,7 1 8,1,70,,20279,1,0,7 1 8,1,30,,20262,1,0,7 1 8,1,70,,20274,1,0,7 1 8,1,30,,20264,1,0,7 1 8,1,70,,20265,1,0,7 1 8,1,30,,20277,1,0,7 1 8,1,100,,20275,1,0,7 1 8,1,100,,20269,1,0,7 1 8,1,100,,20268,1,0,7 1 8,1,100,,20270,1,0,7 1 8,1,100,,20278,1,0,7 1 8,1,70,,20263,1,0,7 1 8,1,30,,20266,1,0,7 1 8,1,70,,20272,1,0,7 1 8,1,30,,20267,1,0,7 1 8,1,70,,20271,1,0,7 1 8,1,30,,20276,1,0,7 1 8,1
10201,'8',630,,20295,1,0,7 1 8,1,70,,20283,1,0,7 1 8,1,30,,20286,1,0,7 1 8,1,70,,20293,1,0,7 1 8,1,30,,20288,1,0,7 1 8,1,70,,20280,1,0,7 1 8,1,30,,20291,1,0,7 1 8,1,100,,20284,1,0,7 1 8,1,100,,20292,1,0,7 1 8,1,100,,20282,1,0,7 1 8,1,100,,20294,1,0,7 1 8,1,100,,20285,1,0,7 1 8,1,70,,20287,1,0,7 1 8,1,30,,20290,1,0,7 1 8,1,70,,20296,1,0,7 1 8,1,30,,20281,1,0,7 1 8,1,70,,20289,1,0,7 1 8,1,30,,20297,1,0,7 1 8,1
10201,'9',630,,20311,1,0,7 1 8,1,70,,20298,1,0,7 1 8,1,30,,20314,1,0,7 1 8,1,70,,20305,1,0,7 1 8,1,30,,20301,1,0,7 1 8,1,70,,20308,1,0,7 1 8,1,30,,20309,1,0,7 1 8,1,100,,20300,1,0,7 1 8,1,100,,20303,1,0,7 1 8,1,100,,20310,1,0,7 1 8,1,100,,20312,1,0,7 1 8,1,100,,20302,1,0,7 1 8,1,70,,20299,1,0,7 1 8,1,30,,20313,1,0,7 1 8,1,70,,20307,1,0,7 1 8,1,30,,20315,1,0,7 1 8,1,70,,20304,1,0,7 1 8,1,30,,20306,1,0,7 1 8,1
10400,'1',644,,18641,19,4,,1,70,,20630,19,4,,1,30,,20627,19,4,,1,70,,20647,19,4,,1,30,,20637,19,4,,1,70,,20646,19,4,,1,30,,20629,19,4,,1,70,,20628,19,4,,1,30,,20645,19,4,,1,70,,20633,19,4,,1,30,,20644,19,4,,1,70,,20635,19,4,,1,30,,20632,19,4,,1,70,,20641,19,4,,1,30,,20626,19,4,,1,70,,20640,19,4,,1,30,,20631,19,4,,1,70,,20639,19,4,,1,30,,20643,19,4,,1,70,,20642,19,4,,1,30,,20649,19,4,,1,70,,20636,19,4,,1,30,,20638,19,4,,1,70,,20634,19,4,,1,30,,20648,19,4,,1
10400,'2',644,,20668,19,4,,1,70,,20664,19,4,,1,30,,20655,19,4,,1,70,,20669,19,4,,1,30,,20652,19,4,,1,70,,20663,19,4,,1,30,,20650,19,4,,1,70,,20670,19,4,,1,30,,20659,19,4,,1,70,,20654,19,4,,1,30,,20662,19,4,,1,70,,20656,19,4,,1,30,,20657,19,4,,1,70,,20665,19,4,,1,30,,20661,19,4,,1,70,,20666,19,4,,1,30,,20667,19,4,,1,70,,20673,19,4,,1,30,,20660,19,4,,1,70,,20674,19,4,,1,30,,20651,19,4,,1,70,,20653,19,4,,1,30,,20672,19,4,,1,70,,20658,19,4,,1,30,,20671,19,4,,1
10400,'3',644,,20680,19,4,,1,70,,20678,19,4,,1,30,,20693,19,4,,1,70,,20683,19,4,,1,30,,20691,19,4,,1,70,,20687,19,4,,1,30,,20684,19,4,,1,70,,20685,19,4,,1,30,,20688,19,4,,1,70,,20695,19,4,,1,30,,20697,19,4,,1,70,,20681,19,4,,1,30,,20677,19,4,,1,70,,20690,19,4,,1,30,,20682,19,4,,1,70,,20689,19,4,,1,30,,20699,19,4,,1,70,,20696,19,4,,1,30,,20694,19,4,,1,70,,20676,19,4,,1,30,,20679,19,4,,1,70,,20675,19,4,,1,30,,20692,19,4,,1,70,,20698,19,4,,1,30,,20686,19,4,,1
10400,'4',644,,20713,19,4,,1,70,,20709,19,4,,1,30,,20718,19,4,,1,70,,20705,19,4,,1,30,,20701,19,4,,1,70,,20703,19,4,,1,30,,20714,19,4,,1,70,,20723,19,4,,1,30,,20700,19,4,,1,70,,20710,19,4,,1,30,,20716,19,4,,1,70,,20720,19,4,,1,30,,20704,19,4,,1,70,,20712,19,4,,1,30,,20721,19,4,,1,70,,20706,19,4,,1,30,,20717,19,4,,1,70,,20722,19,4,,1,30,,20702,19,4,,1,70,,20719,19,4,,1,30,,20708,19,4,,1,70,,20711,19,4,,1,30,,20715,19,4,,1,70,,20724,19,4,,1,30,,20707,19,4,,1
10400,'5',644,,20728,19,4,,1,70,,20748,19,4,,1,30,,20732,19,4,,1,70,,20739,19,4,,1,30,,20746,19,4,,1,70,,20737,19,4,,1,30,,20742,19,4,,1,70,,20734,19,4,,1,30,,20741,19,4,,1,70,,20727,19,4,,1,30,,20738,19,4,,1,70,,20740,19,4,,1,30,,20725,19,4,,1,70,,20726,19,4,,1,30,,20744,19,4,,1,70,,20730,19,4,,1,30,,20731,19,4,,1,70,,20736,19,4,,1,30,,20747,19,4,,1,70,,20743,19,4,,1,30,,20735,19,4,,1,70,,20729,19,4,,1,30,,20745,19,4,,1,70,,20733,19,4,,1,30,,20749,19,4,,1
10400,'7',644,,20750,19,4,,1,70,,20762,19,4,,1,30,,20751,19,4,,1,70,,20772,19,4,,1,30,,20764,19,4,,1,70,,20755,19,4,,1,30,,20753,19,4,,1,70,,20757,19,4,,1,30,,20765,19,4,,1,70,,20766,19,4,,1,30,,20769,19,4,,1,70,,20758,19,4,,1,30,,20761,19,4,,1,70,,20754,19,4,,1,30,,20768,19,4,,1,70,,20763,19,4,,1,30,,20767,19,4,,1,70,,20756,19,4,,1,30,,20760,19,4,,1,70,,20771,19,4,,1,30,,20759,19,4,,1,70,,20752,19,4,,1,30,,20770,19,4,,1,70,,20773,19,4,,1,30,,20774,19,4,,1
10400,'8',644,,20777,19,4,,1,70,,20782,19,4,,1,30,,20785,19,4,,1,70,,20778,19,4,,1,30,,20779,19,4,,1,70,,20788,19,4,,1,30,,20781,19,4,,1,70,,20798,19,4,,1,30,,20787,19,4,,1,70,,20799,19,4,,1,30,,20775,19,4,,1,70,,20792,19,4,,1,30,,20796,19,4,,1,70,,20776,19,4,,1,30,,20786,19,4,,1,70,,20784,19,4,,1,30,,20794,19,4,,1,70,,20789,19,4,,1,30,,20790,19,4,,1,70,,20780,19,4,,1,30,,20783,19,4,,1,70,,20791,19,4,,1,30,,20797,19,4,,1,70,,20795,19,4,,1,30,,20793,19,4,,1
10400,'9',644,,20804,19,4,,1,70,,20815,19,4,,1,30,,20822,19,4,,1,70,,20806,19,4,,1,30,,20800,19,4,,1,70,,20805,19,4,,1,30,,20821,19,4,,1,70,,20808,19,4,,1,30,,20813,19,4,,1,70,,20801,19,4,,1,30,,20810,19,4,,1,70,,20812,19,4,,1,30,,20819,19,4,,1,70,,20823,19,4,,1,30,,20820,19,4,,1,70,,20802,19,4,,1,30,,20816,19,4,,1,70,,20809,19,4,,1,30,,20817,19,4,,1,70,,20818,19,4,,1,30,,20814,19,4,,1,70,,20803,19,4,,1,30,,20824,19,4,,1,70,,20807,19,4,,1,30,,20811,19,4,,1
10401,'1',615,,20825,1,,,1,30,,20841,1,,,1,70,,20834,1,,,1,30,,20828,1,,,1,70,,20836,1,,,1,30,,20829,1,,,1,70,,20840,1,,,1,30,,20843,1,,,1,70,,20831,1,,,1,30,,16078,1,,,1,70,,20835,1,,,1,30,,20837,1,,,1,70,,20830,1,,,1,30,,20832,1,,,1,70,,20845,1,,,1,30,,20839,1,,,1,70,,20826,1,,,1,30,,17593,1,,,1,70,,20844,1,,,1,30,,20838,1,,,1,70,,20842,1,,,1,30,,20846,1,,,1,70,,20827,1,,,1,30,,20833,1,,,1,70,,18471,1,,,1
10401,'2',615,,20855,1,,,1,30,,20864,1,,,1,70,,20857,1,,,1,30,,20863,1,,,1,70,,20859,1,,,1,30,,20853,1,,,1,70,,17840,1,,,1,30,,20847,1,,,1,70,,20869,1,,,1,30,,20848,1,,,1,70,,20868,1,,,1,30,,20865,1,,,1,70,,20852,1,,,1,30,,15225,1,,,1,70,,20850,1,,,1,30,,20862,1,,,1,70,,20866,1,,,1,30,,20858,1,,,1,70,,20867,1,,,1,30,,20861,1,,,1,70,,20856,1,,,1,30,,20860,1,,,1,70,,20849,1,,,1,30,,20854,1,,,1,70,,20851,1,,,1
10401,'3',615,,20884,1,,,1,30,,20870,1,,,1,70,,20892,1,,,1,30,,20885,1,,,1,70,,20881,1,,,1,30,,20872,1,,,1,70,,20891,1,,,1,30,,20875,1,,,1,70,,20871,1,,,1,30,,20894,1,,,1,70,,20879,1,,,1,30,,20889,1,,,1,70,,20882,1,,,1,30,,20883,1,,,1,70,,20886,1,,,1,30,,20888,1,,,1,70,,20877,1,,,1,30,,20890,1,,,1,70,,20878,1,,,1,30,,20873,1,,,1,70,,20887,1,,,1,30,,20893,1,,,1,70,,20876,1,,,1,30,,20874,1,,,1,70,,20880,1,,,1
10401,'4',615,,20906,1,,,1,30,,20918,1,,,1,70,,20916,1,,,1,30,,20912,1,,,1,70,,20911,1,,,1,30,,20907,1,,,1,70,,20913,1,,,1,30,,20909,1,,,1,70,,20902,1,,,1,30,,20903,1,,,1,70,,20900,1,,,1,30,,20895,1,,,1,70,,20915,1,,,1,30,,20914,1,,,1,70,,20910,1,,,1,30,,20897,1,,,1,70,,20904,1,,,1,30,,20908,1,,,1,70,,20919,1,,,1,30,,20901,1,,,1,70,,20905,1,,,1,30,,20898,1,,,1,70,,20899,1,,,1,30,,20896,1,,,1,70,,20917,1,,,1
10401,'5',615,,20942,1,,,1,30,,20943,1,,,1,70,,20938,1,,,1,30,,20936,1,,,1,70,,20934,1,,,1,30,,20928,1,,,1,70,,20922,1,,,1,30,,20940,1,,,1,70,,20926,1,,,1,30,,20935,1,,,1,70,,20921,1,,,1,30,,20933,1,,,1,70,,20944,1,,,1,30,,20939,1,,,1,70,,20920,1,,,1,30,,20941,1,,,1,70,,20930,1,,,1,30,,20931,1,,,1,70,,20927,1,,,1,30,,20923,1,,,1,70,,20932,1,,,1,30,,20929,1,,,1,70,,20925,1,,,1,30,,20937,1,,,1,70,,20924,1,,,1
10401,'7',615,,20963,1,,,1,30,,20965,1,,,1,70,,20949,1,,,1,30,,20950,1,,,1,70,,20967,1,,,1,30,,20953,1,,,1,70,,20956,1,,,1,30,,20952,1,,,1,70,,20951,1,,,1,30,,20958,1,,,1,70,,20962,1,,,1,30,,20960,1,,,1,70,,20945,1,,,1,30,,20948,1,,,1,70,,20969,1,,,1,30,,20959,1,,,1,70,,20955,1,,,1,30,,20954,1,,,1,70,,20957,1,,,1,30,,20964,1,,,1,70,,20946,1,,,1,30,,20966,1,,,1,70,,20947,1,,,1,30,,20961,1,,,1,70,,20968,1,,,1
10401,'8',615,,20989,1,,,1,30,,20971,1,,,1,70,,20986,1,,,1,30,,20984,1,,,1,70,,20970,1,,,1,30,,20975,1,,,1,70,,20981,1,,,1,30,,20978,1,,,1,70,,20992,1,,,1,30,,20985,1,,,1,70,,20991,1,,,1,30,,20977,1,,,1,70,,20976,1,,,1,30,,20972,1,,,1,70,,20974,1,,,1,30,,20987,1,,,1,70,,20982,1,,,1,30,,20994,1,,,1,70,,20993,1,,,1,30,,20973,1,,,1,70,,20983,1,,,1,30,,20980,1,,,1,70,,20988,1,,,1,30,,20979,1,,,1,70,,20990,1,,,1
10401,'9',615,,20997,1,,,1,30,,20998,1,,,1,70,,21005,1,,,1,30,,21011,1,,,1,70,,21008,1,,,1,30,,21001,1,,,1,70,,21009,1,,,1,30,,21018,1,,,1,70,,20995,1,,,1,30,,21004,1,,,1,70,,21014,1,,,1,30,,21000,1,,,1,70,,21010,1,,,1,30,,20996,1,,,1,70,,21012,1,,,1,30,,21017,1,,,1,70,,21019,1,,,1,30,,21002,1,,,1,70,,21015,1,,,1,30,,20999,1,,,1,70,,21006,1,,,1,30,,21013,1,,,1,70,,21016,1,,,1,30,,21003,1,,,1,70,,21007,1,,,1
10800,'1',728,,22541,20,4,,1,30,,22560,20,4,,1,70,,22536,20,4,,1,30,,22548,20,4,,1,70,,22544,20,4,,1,30,,22558,20,4,,1,100,,22556,20,4,,1,100,,22554,20,4,,1,100,,22543,20,4,,1,100,,22551,20,4,,1,100,,22539,20,4,,1,70,,22538,20,4,,1,30,,22547,20,4,,1,70,,22546,20,4,,1,30,,22537,20,4,,1,70,,22553,20,4,,1,30,,22567,20,4,,1
10800,'2',728,,22592,20,4,,1,30,,22585,20,4,,1,70,,22580,20,4,,1,30,,22599,20,4,,1,70,,22602,20,4,,1,30,,22577,20,4,,1,100,,22596,20,4,,1,100,,22597,20,4,,1,100,,22576,20,4,,1,100,,22593,20,4,,1,100,,22582,20,4,,1,70,,22569,20,4,,1,30,,22600,20,4,,1,70,,22591,20,4,,1,30,,22595,20,4,,1,70,,22594,20,4,,1,30,,22581,20,4,,1
10800,'3',728,,22616,20,4,,1,30,,22604,20,4,,1,70,,22607,20,4,,1,30,,22603,20,4,,1,70,,22614,20,4,,1,30,,22632,20,4,,1,100,,22627,20,4,,1,100,,22636,20,4,,1,100,,22635,20,4,,1,100,,22611,20,4,,1,100,,22613,20,4,,1,70,,22626,20,4,,1,30,,22628,20,4,,1,70,,22620,20,4,,1,30,,22605,20,4,,1,70,,22618,20,4,,1,30,,22625,20,4,,1
10800,'4',728,,22640,20,4,,1,30,,22659,20,4,,1,70,,22669,20,4,,1,30,,22647,20,4,,1,70,,22657,20,4,,1,30,,22653,20,4,,1,100,,22638,20,4,,1,100,,22667,20,4,,1,100,,22670,20,4,,1,100,,22662,20,4,,1,100,,22666,20,4,,1,70,,22639,20,4,,1,30,,22650,20,4,,1,70,,22643,20,4,,1,30,,22649,20,4,,1,70,,22648,20,4,,1,30,,22664,20,4,,1
10800,'5',728,,22688,20,4,,1,30,,22674,20,4,,1,70,,22680,20,4,,1,30,,22673,20,4,,1,70,,22672,20,4,,1,30,,22683,20,4,,1,100,,22687,20,4,,1,100,,22696,20,4,,1,100,,22691,20,4,,1,100,,22692,20,4,,1,100,,22697,20,4,,1,70,,22679,20,4,,1,30,,22684,20,4,,1,70,,22695,20,4,,1,30,,22701,20,4,,1,70,,22677,20,4,,1,30,,22671,20,4,,1
10800,'7',728,,22723,20,4,,1,30,,22716,20,4,,1,70,,22731,20,4,,1,30,,22714,20,4,,1,70,,22708,20,4,,1,30,,22737,20,4,,1,100,,22727,20,4,,1,100,,22724,20,4,,1,100,,22735,20,4,,1,100,,22711,20,4,,1,100,,22713,20,4,,1,70,,22707,20,4,,1,30,,22732,20,4,,1,70,,22718,20,4,,1,30,,22726,20,4,,1,70,,22709,20,4,,1,30,,22717,20,4,,1
10800,'8',728,,22769,20,4,,1,30,,22765,20,4,,1,70,,22746,20,4,,1,30,,22753,20,4,,1,70,,22766,20,4,,1,30,,22754,20,4,,1,100,,22771,20,4,,1,100,,22741,20,4,,1,100,,22760,20,4,,1,100,,22763,20,4,,1,100,,22749,20,4,,1,70,,22742,20,4,,1,30,,22757,20,4,,1,70,,22770,20,4,,1,30,,22767,20,4,,1,70,,22743,20,4,,1,30,,22750,20,4,,1
10800,'9',728,,22785,20,4,,1,30,,22779,20,4,,1,70,,22781,20,4,,1,30,,22776,20,4,,1,70,,22794,20,4,,1,30,,22790,20,4,,1,100,,22775,20,4,,1,100,,22801,20,4,,1,100,,22802,20,4,,1,100,,22795,20,4,,1,100,,22798,20,4,,1,70,,22797,20,4,,1,30,,22805,20,4,,1,70,,22787,20,4,,1,30,,22803,20,4,,1,70,,22789,20,4,,1,30,,22774,20,4,,1
10801,'1',628,,22818,8,4,,1,2,,22808,1,,,1,28,,22824,8,4,,1,42,,22821,1,,,1,30,,22819,1,,,1,70,,22814,1,,,1,30,,22823,1,,,1,70,,22809,1,,,1,100,,22820,1,,,1,100,,22811,1,,,1,100,,22815,1,,,1,100,,22825,1,,,1,100,,22817,1,,,1,30,,22807,1,,,1,70,,22810,1,,,1,30,,22822,1,,,1,70,,22813,1,,,1,30,,22816,1,,,1,70,,22812,1,,,1
10801,'2',628,,22828,8,4,,1,2,,22837,1,,,1,28,,22832,8,4,,1,42,,22840,1,,,1,30,,22831,1,,,1,70,,22835,1,,,1,30,,22843,1,,,1,70,,22838,1,,,1,100,,22833,1,,,1,100,,22842,1,,,1,100,,22836,1,,,1,100,,22839,1,,,1,100,,22844,1,,,1,30,,22834,1,,,1,70,,22826,1,,,1,30,,22830,1,,,1,70,,22841,1,,,1,30,,22827,1,,,1,70,,22829,1,,,1
10801,'3',628,,22855,8,4,,1,2,,22854,1,,,1,28,,22847,8,4,,1,42,,22851,1,,,1,30,,22849,1,,,1,70,,22848,1,,,1,30,,22852,1,,,1,70,,22861,1,,,1,100,,22859,1,,,1,100,,22858,1,,,1,100,,22846,1,,,1,100,,22863,1,,,1,100,,22853,1,,,1,30,,22845,1,,,1,70,,22857,1,,,1,30,,22850,1,,,1,70,,22860,1,,,1,30,,22856,1,,,1,70,,22862,1,,,1
10801,'4',628,,22872,8,4,,1,2,,22869,1,,,1,28,,22870,8,4,,1,42,,22879,1,,,1,30,,22864,1,,,1,70,,22866,1,,,1,30,,22877,1,,,1,70,,22871,1,,,1,100,,22881,1,,,1,100,,22867,1,,,1,100,,22865,1,,,1,100,,22876,1,,,1,100,,22875,1,,,1,30,,22868,1,,,1,70,,22873,1,,,1,30,,22882,1,,,1,70,,22874,1,,,1,30,,22880,1,,,1,70,,22878,1,,,1
10801,'5',628,,22895,8,4,,1,2,,22891,1,,,1,28,,22889,8,4,,1,42,,22899,1,,,1,30,,22892,1,,,1,70,,22896,1,,,1,30,,22884,1,,,1,70,,22901,1,,,1,100,,22886,1,,,1,100,,22897,1,,,1,100,,22887,1,,,1,100,,22894,1,,,1,100,,22885,1,,,1,30,,22890,1,,,1,70,,22898,1,,,1,30,,22900,1,,,1,70,,22893,1,,,1,30,,22888,1,,,1,70,,22883,1,,,1
10801,'7',628,,22913,8,4,,1,2,,22919,1,,,1,28,,22908,8,4,,1,42,,22909,1,,,1,30,,22903,1,,,1,70,,22918,1,,,1,30,,22904,1,,,1,70,,22915,1,,,1,100,,22902,1,,,1,100,,22920,1,,,1,100,,22905,1,,,1,100,,22916,1,,,1,100,,22906,1,,,1,30,,22917,1,,,1,70,,22914,1,,,1,30,,22910,1,,,1,70,,22907,1,,,1,30,,22911,1,,,1,70,,22912,1,,,1
10801,'8',628,,22926,8,4,,1,2,,22938,1,,,1,28,,22925,8,4,,1,42,,22927,1,,,1,30,,22924,1,,,1,70,,22939,1,,,1,30,,22930,1,,,1,70,,22935,1,,,1,100,,22931,1,,,1,100,,22934,1,,,1,100,,22933,1,,,1,100,,22923,1,,,1,100,,22932,1,,,1,30,,22922,1,,,1,70,,22936,1,,,1,30,,22921,1,,,1,70,,22928,1,,,1,30,,22937,1,,,1,70,,22929,1,,,1
10801,'9',628,,22950,8,4,,1,2,,22952,1,,,1,28,,22948,8,4,,1,42,,22946,1,,,1,30,,22958,1,,,1,70,,22957,1,,,1,30,,22951,1,,,1,70,,22953,1,,,1,100,,22944,1,,,1,100,,22955,1,,,1,100,,22943,1,,,1,100,,22954,1,,,1,100,,22956,1,,,1,30,,22949,1,,,1,70,,22940,1,,,1,30,,22947,1,,,1,70,,22945,1,,,1,30,,22941,1,,,1,70,,22942,1,,,1
11501,'1',628,,25474,3,4,,1,30,,25471,3,4,,1,70,,25477,3,4,,1,30,,25459,3,4,,1,70,,25467,3,4,,1,30,,25469,3,4,,1,70,,25484,3,4,,1,30,,25485,3,4,,1,72,,25486,3,4,,1,98,,25479,3,4,,1,100,,25496,3,4,,1,100,,25462,3,4,,1,100,,25491,3,4,,1,30,,25494,3,4,,1,70,,25481,3,4,,1,30,,25490,3,4,,1,70,,25468,3,4,,1,30,,25461,3,4,,1,70,,25493,3,4,,1,30,,25464,3,4,,1,70,,25470,3,4,,1
11501,'2',628,,25531,3,4,,1,30,,25513,3,4,,1,70,,25510,3,4,,1,30,,25519,3,4,,1,70,,25508,3,4,,1,30,,25504,3,4,,1,70,,25501,3,4,,1,30,,25511,3,4,,1,72,,25523,3,4,,1,98,,25518,3,4,,1,100,,25502,3,4,,1,100,,25509,3,4,,1,100,,25522,3,4,,1,30,,25514,3,4,,1,70,,25516,3,4,,1,30,,25527,3,4,,1,70,,25500,3,4,,1,30,,25530,3,4,,1,70,,25524,3,4,,1,30,,25533,3,4,,1,70,,25499,3,4,,1
11501,'3',628,,25565,3,4,,1,30,,25572,3,4,,1,70,,25562,3,4,,1,30,,25569,3,4,,1,70,,25558,3,4,,1,30,,25564,3,4,,1,70,,25568,3,4,,1,30,,25560,3,4,,1,72,,25552,3,4,,1,98,,25557,3,4,,1,100,,25553,3,4,,1,100,,25563,3,4,,1,100,,25545,3,4,,1,30,,25556,3,4,,1,70,,25567,3,4,,1,30,,25570,3,4,,1,70,,25544,3,4,,1,30,,25534,3,4,,1,70,,25546,3,4,,1,30,,25541,3,4,,1,70,,25547,3,4,,1
11501,'4',628,,25595,3,4,,1,30,,25575,3,4,,1,70,,25599,3,4,,1,30,,25609,3,4,,1,70,,25607,3,4,,1,30,,25584,3,4,,1,70,,25587,3,4,,1,30,,25597,3,4,,1,72,,25602,3,4,,1,98,,25592,3,4,,1,100,,25590,3,4,,1,100,,25600,3,4,,1,100,,25579,3,4,,1,30,,25574,3,4,,1,70,,25598,3,4,,1,30,,25577,3,4,,1,70,,25573,3,4,,1,30,,25588,3,4,,1,70,,25608,3,4,,1,30,,25610,3,4,,1,70,,25594,3,4,,1
11501,'5',628,,25636,3,4,,1,30,,25645,3,4,,1,70,,25612,3,4,,1,30,,25629,3,4,,1,70,,25633,3,4,,1,30,,25638,3,4,,1,70,,25622,3,4,,1,30,,25647,3,4,,1,72,,25619,3,4,,1,98,,25624,3,4,,1,100,,25630,3,4,,1,100,,25634,3,4,,1,100,,25615,3,4,,1,30,,25613,3,4,,1,70,,25649,3,4,,1,30,,25618,3,4,,1,70,,25643,3,4,,1,30,,25644,3,4,,1,70,,25625,3,4,,1,30,,25628,3,4,,1,70,,25637,3,4,,1
11501,'7',628,,25666,3,4,,1,30,,25663,3,4,,1,70,,25654,3,4,,1,30,,25658,3,4,,1,70,,25682,3,4,,1,30,,25679,3,4,,1,70,,25661,3,4,,1,30,,25680,3,4,,1,72,,25660,3,4,,1,98,,25667,3,4,,1,100,,25652,3,4,,1,100,,25677,3,4,,1,100,,25689,3,4,,1,30,,25681,3,4,,1,70,,25671,3,4,,1,30,,25659,3,4,,1,70,,25675,3,4,,1,30,,25678,3,4,,1,70,,25674,3,4,,1,30,,25676,3,4,,1,70,,25670,3,4,,1
11501,'8',628,,25695,3,4,,1,30,,25704,3,4,,1,70,,25700,3,4,,1,30,,25717,3,4,,1,70,,25715,3,4,,1,30,,25710,3,4,,1,70,,25723,3,4,,1,30,,25725,3,4,,1,72,,25709,3,4,,1,98,,25726,3,4,,1,100,,25705,3,4,,1,100,,25713,3,4,,1,100,,25711,3,4,,1,30,,25690,3,4,,1,70,,25692,3,4,,1,30,,25696,3,4,,1,70,,25721,3,4,,1,30,,25702,3,4,,1,70,,25706,3,4,,1,30,,25701,3,4,,1,70,,25718,3,4,,1
11501,'9',628,,25760,3,4,,1,30,,25761,3,4,,1,70,,25759,3,4,,1,30,,25729,3,4,,1,70,,25749,3,4,,1,30,,25753,3,4,,1,70,,25765,3,4,,1,30,,25742,3,4,,1,72,,25764,3,4,,1,98,,25738,3,4,,1,100,,25731,3,4,,1,100,,25758,3,4,,1,100,,25740,3,4,,1,30,,25762,3,4,,1,70,,25741,3,4,,1,30,,25730,3,4,,1,70,,25755,3,4,,1,30,,25735,3,4,,1,70,,25756,3,4,,1,30,,25745,3,4,,1,70,,25751,3,4,,1
20301,'1',2412,,26673,19,4,,1
20301,'2',2412,,26736,19,4,,1
20301,'3',2412,,26747,19,4,,1
20301,'4',2412,,26755,19,4,,1
20301,'5',2412,,26764,19,4,,1
20301,'7',2412,,26813,19,4,,1
20301,'8',2412,,26822,19,4,,1
20301,'9',2412,,26826,19,4,,1
20400,'1',1914,,26836,19,4,,1,30,,26839,19,4,,1,70,,26837,19,4,,1,30,,26841,19,4,,1,70,,26840,19,4,,1,30,,26845,19,4,,1,70,,26843,19,4,,1,30,,26842,19,4,,1,70,,26838,19,4,,1,30,,26844,19,4,,1
20400,'10',744,,26855,19,4,,1,70,,26852,19,4,,1,30,,26860,19,4,,1,70,,26847,19,4,,1,30,,26849,19,4,,1,70,,26863,19,4,,1,30,,26862,19,4,,1,70,,26867,19,4,,1,30,,26868,19,4,,1,70,,26871,19,4,,1,30,,26858,19,4,,1,70,,26853,19,4,,1,30,,26873,19,4,,1,70,,26870,19,4,,1,30,,26846,19,4,,1,70,,26857,19,4,,1,30,,26854,19,4,,1,70,,26872,19,4,,1,30,,26851,19,4,,1,70,,26866,19,4,,1,30,,26869,19,4,,1,70,,26848,19,4,,1,30,,26864,19,4,,1,70,,26859,19,4,,1,30,,26865,19,4,,1,70,,26861,19,4,,1,30,,26850,19,4,,1,70,,26856,19,4,,1
20400,'11',744,,26889,19,4,,1,70,,26884,19,4,,1,30,,26895,19,4,,1,70,,26893,19,4,,1,30,,26887,19,4,,1,70,,26876,19,4,,1,30,,26878,19,4,,1,70,,26880,19,4,,1,30,,26882,19,4,,1,70,,26888,19,4,,1,30,,26874,19,4,,1,70,,26881,19,4,,1,30,,26897,19,4,,1,70,,26899,19,4,,1,30,,26883,19,4,,1,70,,26890,19,4,,1,30,,26901,19,4,,1,70,,26877,19,4,,1,30,,26894,19,4,,1,70,,26886,19,4,,1,30,,26885,19,4,,1,70,,26875,19,4,,1,30,,26896,19,4,,1,70,,26892,19,4,,1,30,,26900,19,4,,1,70,,26891,19,4,,1,30,,26879,19,4,,1,70,,26898,19,4,,1
20400,'2',1914,,26906,19,4,,1,30,,26910,19,4,,1,70,,26903,19,4,,1,30,,26904,19,4,,1,70,,26911,19,4,,1,30,,26905,19,4,,1,70,,26909,19,4,,1,30,,26902,19,4,,1,70,,26907,19,4,,1,30,,26908,19,4,,1
20400,'3',1914,,26913,19,4,,1,30,,26912,19,4,,1,70,,26914,19,4,,1,30,,26915,19,4,,1,70,,26920,19,4,,1,30,,26916,19,4,,1,70,,26919,19,4,,1,30,,26917,19,4,,1,70,,26921,19,4,,1,30,,26918,19,4,,1
20400,'4',1914,,26924,19,4,,1,30,,26922,19,4,,1,70,,26930,19,4,,1,30,,26926,19,4,,1,70,,26927,19,4,,1,30,,26928,19,4,,1,70,,26923,19,4,,1,30,,26925,19,4,,1,70,,26931,19,4,,1,30,,26929,19,4,,1
20400,'5',1914,,26937,19,4,,1,30,,26941,19,4,,1,70,,26934,19,4,,1,30,,26935,19,4,,1,70,,26932,19,4,,1,30,,26933,19,4,,1,70,,26939,19,4,,1,30,,26936,19,4,,1,70,,26940,19,4,,1,30,,26938,19,4,,1
20400,'6',744,,26964,19,4,,1,70,,26958,19,4,,1,30,,26948,19,4,,1,70,,26955,19,4,,1,30,,26945,19,4,,1,70,,26961,19,4,,1,30,,26951,19,4,,1,70,,26949,19,4,,1,30,,26963,19,4,,1,70,,26952,19,4,,1,30,,26947,19,4,,1,70,,26960,19,4,,1,30,,26956,19,4,,1,70,,26962,19,4,,1,30,,26965,19,4,,1,70,,26943,19,4,,1,30,,26953,19,4,,1,70,,26944,19,4,,1,30,,26954,19,4,,1,70,,26957,19,4,,1,30,,26946,19,4,,1,70,,26969,19,4,,1,30,,26942,19,4,,1,70,,26967,19,4,,1,30,,26968,19,4,,1,70,,26966,19,4,,1,30,,26959,19,4,,1,70,,26950,19,4,,1
20400,'7',1914,,26979,19,4,,1,30,,26976,19,4,,1,70,,26975,19,4,,1,30,,26970,19,4,,1,70,,26971,19,4,,1,30,,26972,19,4,,1,70,,26973,19,4,,1,30,,26977,19,4,,1,70,,26974,19,4,,1,30,,26978,19,4,,1
20400,'8',1914,,26980,19,4,,1,30,,26982,19,4,,1,70,,26988,19,4,,1,30,,26983,19,4,,1,70,,26984,19,4,,1,30,,26985,19,4,,1,70,,26989,19,4,,1,30,,26987,19,4,,1,70,,26986,19,4,,1,30,,26981,19,4,,1
20400,'9',1914,,26991,19,4,,1,30,,26996,19,4,,1,70,,26998,19,4,,1,30,,26990,19,4,,1,70,,26993,19,4,,1,30,,26997,19,4,,1,70,,26992,19,4,,1,30,,26995,19,4,,1,70,,26994,19,4,,1,30,,26999,19,4,,1
20401,'1',1845,,27005,1,,,1,70,,27003,1,,,1,30,,27008,1,,,1,70,,27009,1,,,1,30,,27002,1,,,1,70,,27001,1,,,1,30,,27007,1,,,1,70,,27006,1,,,1,30,,27000,1,,,1,70,,27004,1,,,1
20401,'10',715,,27019,1,,,1,30,,27011,1,,,1,70,,27035,1,,,1,30,,27010,1,,,1,70,,27012,1,,,1,30,,27027,1,,,1,70,,27020,1,,,1,30,,27037,1,,,1,70,,27021,1,,,1,30,,27017,1,,,1,70,,27022,1,,,1,30,,27034,1,,,1,70,,27018,1,,,1,30,,27028,1,,,1,70,,27036,1,,,1,30,,27025,1,,,1,70,,27023,1,,,1,30,,27033,1,,,1,70,,27030,1,,,1,30,,27024,1,,,1,70,,27013,1,,,1,30,,27029,1,,,1,70,,27031,1,,,1,30,,27032,1,,,1,70,,27026,1,,,1,30,,27015,1,,,1,70,,27014,1,,,1,30,,27016,1,,,1
20401,'11',715,,27051,1,,,1,30,,27053,1,,,1,70,,27057,1,,,1,30,,27061,1,,,1,70,,27058,1,,,1,30,,27046,1,,,1,70,,27062,1,,,1,30,,27063,1,,,1,70,,27045,1,,,1,30,,27038,1,,,1,70,,27043,1,,,1,30,,27056,1,,,1,70,,27042,1,,,1,30,,27064,1,,,1,70,,27041,1,,,1,30,,27059,1,,,1,70,,27049,1,,,1,30,,27047,1,,,1,70,,27048,1,,,1,30,,27055,1,,,1,70,,27060,1,,,1,30,,27065,1,,,1,70,,27052,1,,,1,30,,27054,1,,,1,70,,27040,1,,,1,30,,27039,1,,,1,70,,27050,1,,,1,30,,27044,1,,,1
20401,'2',1845,,27067,1,,,1,70,,27072,1,,,1,30,,27073,1,,,1,70,,27071,1,,,1,30,,27075,1,,,1,70,,27068,1,,,1,30,,27066,1,,,1,70,,27069,1,,,1,30,,27070,1,,,1,70,,27074,1,,,1
20401,'3',1845,,27082,1,,,1,70,,27078,1,,,1,30,,27083,1,,,1,70,,27085,1,,,1,30,,27076,1,,,1,70,,27079,1,,,1,30,,27084,1,,,1,70,,27081,1,,,1,30,,27080,1,,,1,70,,27077,1,,,1
20401,'4',1845,,27093,1,,,1,70,,27090,1,,,1,30,,27095,1,,,1,70,,27089,1,,,1,30,,27087,1,,,1,70,,27088,1,,,1,30,,27091,1,,,1,70,,27092,1,,,1,30,,27094,1,,,1,70,,27086,1,,,1
20401,'5',1845,,27096,1,,,1,70,,27099,1,,,1,30,,27103,1,,,1,70,,27105,1,,,1,30,,27100,1,,,1,70,,27101,1,,,1,30,,27104,1,,,1,70,,27097,1,,,1,30,,27102,1,,,1,70,,27098,1,,,1
20401,'6',715,,27111,1,,,1,30,,27130,1,,,1,70,,27115,1,,,1,30,,27127,1,,,1,70,,27123,1,,,1,30,,27120,1,,,1,70,,27116,1,,,1,30,,27124,1,,,1,70,,27126,1,,,1,30,,27114,1,,,1,70,,27107,1,,,1,30,,27110,1,,,1,70,,27122,1,,,1,30,,27113,1,,,1,70,,27112,1,,,1,30,,27108,1,,,1,70,,27106,1,,,1,30,,27129,1,,,1,70,,27128,1,,,1,30,,27133,1,,,1,70,,27131,1,,,1,30,,27119,1,,,1,70,,27118,1,,,1,30,,27121,1,,,1,70,,27109,1,,,1,30,,27132,1,,,1,70,,27117,1,,,1,30,,27125,1,,,1
20401,'7',1845,,27135,1,,,1,70,,27139,1,,,1,30,,27141,1,,,1,70,,27136,1,,,1,30,,27143,1,,,1,70,,27134,1,,,1,30,,27142,1,,,1,70,,27138,1,,,1,30,,27137,1,,,1,70,,27140,1,,,1
20401,'8',1845,,27153,1,,,1,70,,27151,1,,,1,30,,27148,1,,,1,70,,27149,1,,,1,30,,27145,1,,,1,70,,27150,1,,,1,30,,27152,1,,,1,70,,27144,1,,,1,30,,27146,1,,,1,70,,27147,1,,,1
20401,'9',1845,,27156,1,,,1,70,,27163,1,,,1,30,,27160,1,,,1,70,,27159,1,,,1,30,,27158,1,,,1,70,,27162,1,,,1,30,,27154,1,,,1,70,,27157,1,,,1,30,,27155,1,,,1,70,,27161,1,,,1
