11401,'1',651,,25223,28,,,1,100,,25228,28,,,1,100,,25220,28,,,1,100,,25219,28,,,1,100,,25230,28,,,1,100,,25227,28,,,1,100,,25226,28,,,1,100,,25225,28,,,1,100,,25229,28,,,1,100,,25222,28,,,1,100,,25224,28,,,1,100,,25221,28,,,1
11401,'2',651,,25242,28,,,1,100,,25234,28,,,1,100,,25240,28,,,1,100,,25232,28,,,1,100,,25238,28,,,1,100,,25239,28,,,1,100,,25233,28,,,1,100,,25236,28,,,1,100,,25231,28,,,1,100,,25235,28,,,1,100,,25237,28,,,1,100,,25241,28,,,1
11401,'3',651,,25245,28,,,1,100,,25247,28,,,1,100,,25243,28,,,1,100,,25248,28,,,1,100,,25251,28,,,1,100,,25254,28,,,1,100,,25250,28,,,1,100,,25252,28,,,1,100,,25253,28,,,1,100,,25244,28,,,1,100,,25246,28,,,1,100,,25249,28,,,1
11401,'4',651,,25256,28,,,1,100,,25257,28,,,1,100,,25261,28,,,1,100,,25258,28,,,1,100,,25255,28,,,1,100,,25263,28,,,1,100,,25264,28,,,1,100,,25262,28,,,1,100,,25260,28,,,1,100,,25265,28,,,1,100,,25259,28,,,1,100,,25266,28,,,1
11401,'5',651,,25270,28,,,1,100,,25273,28,,,1,100,,25271,28,,,1,100,,25275,28,,,1,100,,25277,28,,,1,100,,25272,28,,,1,100,,25274,28,,,1,100,,25268,28,,,1,100,,25278,28,,,1,100,,25267,28,,,1,100,,25276,28,,,1,100,,25269,28,,,1
11401,'7',651,,25280,28,,,1,100,,25283,28,,,1,100,,25286,28,,,1,100,,25290,28,,,1,100,,25289,28,,,1,100,,25287,28,,,1,100,,25282,28,,,1,100,,25285,28,,,1,100,,25281,28,,,1,100,,25279,28,,,1,100,,25288,28,,,1,100,,25284,28,,,1
11401,'8',651,,25299,28,,,1,100,,25298,28,,,1,100,,25301,28,,,1,100,,25292,28,,,1,100,,25295,28,,,1,100,,25294,28,,,1,100,,25302,28,,,1,100,,25300,28,,,1,100,,25291,28,,,1,100,,25296,28,,,1,100,,25297,28,,,1,100,,25293,28,,,1
11401,'9',651,,25312,28,,,1,100,,25308,28,,,1,100,,25305,28,,,1,100,,25314,28,,,1,100,,25310,28,,,1,100,,25307,28,,,1,100,,25304,28,,,1,100,,25306,28,,,1,100,,25309,28,,,1,100,,25311,28,,,1,100,,25303,28,,,1,100,,25313,28,,,1
21401,'1',1851,,29314,34,,,1,100,,29315,34,,,1,100,,29313,34,,,1,100,,29312,34,,,1,100,,29311,34,,,1
21401,'10',751,,29324,34,,,1,100,,29323,34,,,1,100,,29327,34,,,1,100,,29322,34,,,1,100,,29325,34,,,1,100,,29316,34,,,1,100,,29326,34,,,1,100,,29319,34,,,1,100,,29320,34,,,1,100,,17231,34,,,1,100,,29317,34,,,1,100,,29318,34,,,1,100,,29321,34,,,1
21401,'11',751,,29335,34,,,1,100,,29331,34,,,1,100,,29334,34,,,1,100,,29328,34,,,1,100,,29329,34,,,1,100,,29336,34,,,1,100,,29330,34,,,1,100,,29338,34,,,1,100,,29339,34,,,1,100,,29332,34,,,1,100,,29337,34,,,1,100,,29340,34,,,1,100,,29333,34,,,1
21401,'2',1851,,29344,34,,,1,100,,29343,34,,,1,100,,29342,34,,,1,100,,29341,34,,,1,100,,29345,34,,,1
21401,'3',1851,,29347,34,,,1,100,,29350,34,,,1,100,,29348,34,,,1,100,,29346,34,,,1,100,,29349,34,,,1
21401,'4',1851,,29354,34,,,1,100,,29352,34,,,1,100,,29355,34,,,1,100,,29353,34,,,1,100,,29351,34,,,1
21401,'5',1851,,29360,34,,,1,100,,29358,34,,,1,100,,29357,34,,,1,100,,29356,34,,,1,100,,29359,34,,,1
21401,'6',751,,29373,34,,,1,100,,29365,34,,,1,100,,29368,34,,,1,100,,29367,34,,,1,100,,29370,34,,,1,100,,29366,34,,,1,100,,29361,34,,,1,100,,29364,34,,,1,100,,29372,34,,,1,100,,29369,34,,,1,100,,29363,34,,,1,100,,29371,34,,,1,100,,29362,34,,,1
21401,'7',1851,,29377,34,,,1,100,,29374,34,,,1,100,,29375,34,,,1,100,,29378,34,,,1,100,,29376,34,,,1
21401,'8',1851,,29382,34,,,1,100,,29379,34,,,1,100,,29380,34,,,1,100,,29381,34,,,1,100,,29383,34,,,1
21401,'9',1851,,29388,34,,,1,100,,29386,34,,,1,100,,29387,34,,,1,100,,29385,34,,,1,100,,29384,34,,,1
