10100,'1',716,,19742,21,,,1,30,,19743,21,,,1,70,,19746,21,,,1,30,,19744,21,,,1,70,,19757,21,,,1,30,,19748,21,,,1,70,,19756,21,,,1,100,,19758,21,,,1,100,,19751,21,,,1,100,,19749,21,,,1,101,,19750,21,,,1,100,,19745,21,,,1,30,,19755,21,,,1,70,,19753,21,,,1,30,,19759,21,,,1,70,,19747,21,,,1,30,,19754,21,,,1,70,,19752,21,,,1
10100,'2',716,,19776,21,,,1,30,,19773,21,,,1,70,,19772,21,,,1,30,,19767,21,,,1,70,,19766,21,,,1,30,,19760,21,,,1,70,,19768,21,,,1,100,,19761,21,,,1,100,,19774,21,,,1,100,,19762,21,,,1,101,,19763,21,,,1,100,,19777,21,,,1,30,,19765,21,,,1,70,,19771,21,,,1,30,,19769,21,,,1,70,,19764,21,,,1,30,,19775,21,,,1,70,,19770,21,,,1
10100,'3',716,,19793,21,,,1,30,,19780,21,,,1,70,,19785,21,,,1,30,,19783,21,,,1,70,,19789,21,,,1,30,,19788,21,,,1,70,,19795,21,,,1,100,,19792,21,,,1,100,,19778,21,,,1,100,,19781,21,,,1,101,,19784,21,,,1,100,,19787,21,,,1,30,,19794,21,,,1,70,,19779,21,,,1,30,,19791,21,,,1,70,,19782,21,,,1,30,,19790,21,,,1,70,,19786,21,,,1
10100,'4',716,,19808,21,,,1,30,,19807,21,,,1,70,,19812,21,,,1,30,,19799,21,,,1,70,,19805,21,,,1,30,,19797,21,,,1,70,,19803,21,,,1,100,,19800,21,,,1,100,,19810,21,,,1,100,,19806,21,,,1,101,,19798,21,,,1,100,,19813,21,,,1,30,,19802,21,,,1,70,,19796,21,,,1,30,,19809,21,,,1,70,,19801,21,,,1,30,,19804,21,,,1,70,,19811,21,,,1
10100,'5',716,,19815,21,,,1,30,,19831,21,,,1,70,,19816,21,,,1,30,,19825,21,,,1,70,,19827,21,,,1,30,,19828,21,,,1,70,,19824,21,,,1,100,,19818,21,,,1,100,,19826,21,,,1,100,,19817,21,,,1,101,,19820,21,,,1,100,,19822,21,,,1,30,,19830,21,,,1,70,,19819,21,,,1,30,,19823,21,,,1,70,,19814,21,,,1,30,,19829,21,,,1,70,,19821,21,,,1
10100,'7',716,,19832,21,,,1,30,,19845,21,,,1,70,,19843,21,,,1,30,,19839,21,,,1,70,,19841,21,,,1,30,,19836,21,,,1,70,,19833,21,,,1,100,,19847,21,,,1,100,,19834,21,,,1,100,,19849,21,,,1,101,,19842,21,,,1,100,,19844,21,,,1,30,,19848,21,,,1,70,,19837,21,,,1,30,,19835,21,,,1,70,,19840,21,,,1,30,,19838,21,,,1,70,,19846,21,,,1
10100,'8',716,,19862,21,,,1,30,,19851,21,,,1,70,,19852,21,,,1,30,,19866,21,,,1,70,,19864,21,,,1,30,,19860,21,,,1,70,,19850,21,,,1,100,,19867,21,,,1,100,,19856,21,,,1,100,,19858,21,,,1,101,,19859,21,,,1,100,,19853,21,,,1,30,,19855,21,,,1,70,,19863,21,,,1,30,,19854,21,,,1,70,,19861,21,,,1,30,,19865,21,,,1,70,,19857,21,,,1
10100,'9',716,,19875,21,,,1,30,,19870,21,,,1,70,,19878,21,,,1,30,,19877,21,,,1,70,,19868,21,,,1,30,,19876,21,,,1,70,,19884,21,,,1,100,,19881,21,,,1,100,,19883,21,,,1,100,,19879,21,,,1,101,,19871,21,,,1,100,,19872,21,,,1,30,,19882,21,,,1,70,,19880,21,,,1,30,,19873,21,,,1,70,,19874,21,,,1,30,,19885,21,,,1,70,,19869,21,,,1
10300,'1',650,,20317,28,,,1,100,,20326,28,,,1,70,,20325,28,,,1,30,,20323,28,,,1,70,,20320,28,,,1,30,,20330,28,,,1,70,,20334,28,,,1,30,,20329,28,,,1,100,,20327,28,,,1,100,,20318,28,,,1,100,,20324,28,,,1,100,,20322,28,,,1,100,,20319,28,,,1,70,,20316,28,,,1,30,,20321,28,,,1,70,,20332,28,,,1,30,,20328,28,,,1,70,,20333,28,,,1,30,,20331,28,,,1
10300,'2',650,,20347,28,,,1,100,,20349,28,,,1,70,,20345,28,,,1,30,,20338,28,,,1,70,,20351,28,,,1,30,,20335,28,,,1,70,,20340,28,,,1,30,,20339,28,,,1,100,,18114,28,,,1,100,,20336,28,,,1,100,,20342,28,,,1,100,,20337,28,,,1,100,,20343,28,,,1,70,,20346,28,,,1,30,,20350,28,,,1,70,,20348,28,,,1,30,,20352,28,,,1,70,,20344,28,,,1,30,,20341,28,,,1
10300,'3',650,,20353,28,,,1,100,,20362,28,,,1,70,,20369,28,,,1,30,,20358,28,,,1,70,,20363,28,,,1,30,,20354,28,,,1,70,,20364,28,,,1,30,,20367,28,,,1,100,,20370,28,,,1,100,,20371,28,,,1,100,,20355,28,,,1,100,,20356,28,,,1,100,,20359,28,,,1,70,,20365,28,,,1,30,,20361,28,,,1,70,,20357,28,,,1,30,,20366,28,,,1,70,,20360,28,,,1,30,,20368,28,,,1
10300,'4',650,,20390,28,,,1,100,,20388,28,,,1,70,,20376,28,,,1,30,,20377,28,,,1,70,,20389,28,,,1,30,,20387,28,,,1,70,,20382,28,,,1,30,,20378,28,,,1,100,,20374,28,,,1,100,,20372,28,,,1,100,,20375,28,,,1,100,,20383,28,,,1,100,,20381,28,,,1,70,,20373,28,,,1,30,,20386,28,,,1,70,,20385,28,,,1,30,,20380,28,,,1,70,,20379,28,,,1,30,,20384,28,,,1
10300,'5',650,,20400,28,,,1,100,,20403,28,,,1,70,,20395,28,,,1,30,,20397,28,,,1,70,,20405,28,,,1,30,,20407,28,,,1,70,,20409,28,,,1,30,,20394,28,,,1,100,,20404,28,,,1,100,,20401,28,,,1,100,,20396,28,,,1,100,,20398,28,,,1,100,,20406,28,,,1,70,,20399,28,,,1,30,,20393,28,,,1,70,,20402,28,,,1,30,,20392,28,,,1,70,,20408,28,,,1,30,,20391,28,,,1
10300,'7',650,,20423,28,,,1,100,,20419,28,,,1,70,,20417,28,,,1,30,,20428,28,,,1,70,,20427,28,,,1,30,,20421,28,,,1,70,,20422,28,,,1,30,,20413,28,,,1,100,,20411,28,,,1,100,,20414,28,,,1,100,,20426,28,,,1,100,,20412,28,,,1,100,,20420,28,,,1,70,,20415,28,,,1,30,,20424,28,,,1,70,,20425,28,,,1,30,,20418,28,,,1,70,,20410,28,,,1,30,,20416,28,,,1
10300,'8',650,,20442,28,,,1,100,,20439,28,,,1,70,,20432,28,,,1,30,,20444,28,,,1,70,,20433,28,,,1,30,,20435,28,,,1,70,,20441,28,,,1,30,,20434,28,,,1,100,,20429,28,,,1,100,,20436,28,,,1,100,,20447,28,,,1,100,,20438,28,,,1,100,,20445,28,,,1,70,,20437,28,,,1,30,,20443,28,,,1,70,,20446,28,,,1,30,,20430,28,,,1,70,,20431,28,,,1,30,,20440,28,,,1
10300,'9',650,,20448,28,,,1,100,,20458,28,,,1,70,,20457,28,,,1,30,,20464,28,,,1,70,,20452,28,,,1,30,,20462,28,,,1,70,,20453,28,,,1,30,,20461,28,,,1,100,,20460,28,,,1,100,,20449,28,,,1,100,,20450,28,,,1,100,,20459,28,,,1,100,,20465,28,,,1,70,,20463,28,,,1,30,,20454,28,,,1,70,,20455,28,,,1,30,,20451,28,,,1,70,,20466,28,,,1,30,,20456,28,,,1
10501,'1',637,,21326,19,,,1,100,,21351,19,,,1,70,,21333,19,,,1,30,,21342,19,,,1,70,,21345,19,,,1,30,,21340,19,,,1,70,,21324,19,,,1,30,,21349,19,,,1,100,,21335,19,,,1,100,,21352,19,,,1,100,,21338,19,,,1,100,,21323,19,,,1,100,,21327,19,,,1,70,,21329,19,,,1,30,,21353,19,,,1,70,,21322,19,,,1,30,,21336,19,,,1,70,,21344,19,,,1,30,,21321,19,,,1
10501,'2',637,,21376,19,,,1,100,,21379,19,,,1,70,,21387,19,,,1,30,,21369,19,,,1,70,,21378,19,,,1,30,,21377,19,,,1,70,,21372,19,,,1,30,,21386,19,,,1,100,,21383,19,,,1,100,,21357,19,,,1,100,,21382,19,,,1,100,,21374,19,,,1,100,,18132,19,,,1,70,,21373,19,,,1,30,,21367,19,,,1,70,,21368,19,,,1,30,,21359,19,,,1,70,,17299,19,,,1,30,,21389,19,,,1
10501,'3',637,,21427,19,,,1,100,,21408,19,,,1,70,,21407,19,,,1,30,,21392,19,,,1,70,,21406,19,,,1,30,,21393,19,,,1,70,,21414,19,,,1,30,,21424,19,,,1,100,,21409,19,,,1,100,,21397,19,,,1,100,,21423,19,,,1,100,,21403,19,,,1,100,,21401,19,,,1,70,,21398,19,,,1,30,,21396,19,,,1,70,,21425,19,,,1,30,,21390,19,,,1,70,,21400,19,,,1,30,,21417,19,,,1
10501,'4',637,,21446,19,,,1,100,,21465,19,,,1,70,,21459,19,,,1,30,,21444,19,,,1,70,,21432,19,,,1,30,,21464,19,,,1,70,,21452,19,,,1,30,,21463,19,,,1,100,,21450,19,,,1,100,,21435,19,,,1,100,,21454,19,,,1,100,,21461,19,,,1,100,,21458,19,,,1,70,,21436,19,,,1,30,,21430,19,,,1,70,,21456,19,,,1,30,,21460,19,,,1,70,,21453,19,,,1,30,,21455,19,,,1
10501,'5',637,,21498,19,,,1,100,,21493,19,,,1,70,,21499,19,,,1,30,,21469,19,,,1,70,,21476,19,,,1,30,,21473,19,,,1,70,,21478,19,,,1,30,,21501,19,,,1,100,,21490,19,,,1,100,,21486,19,,,1,100,,21470,19,,,1,100,,21475,19,,,1,100,,21481,19,,,1,70,,21492,19,,,1,30,,21484,19,,,1,70,,21485,19,,,1,30,,21489,19,,,1,70,,21471,19,,,1,30,,21477,19,,,1
10501,'7',637,,21536,19,,,1,100,,21512,19,,,1,70,,21506,19,,,1,30,,21504,19,,,1,70,,21529,19,,,1,30,,21526,19,,,1,70,,21532,19,,,1,30,,21527,19,,,1,100,,21509,19,,,1,100,,21505,19,,,1,100,,21537,19,,,1,100,,21534,19,,,1,100,,21517,19,,,1,70,,21514,19,,,1,30,,21513,19,,,1,70,,21519,19,,,1,30,,21530,19,,,1,70,,21528,19,,,1,30,,21515,19,,,1
10501,'8',637,,21561,19,,,1,100,,21559,19,,,1,70,,21552,19,,,1,30,,21560,19,,,1,70,,21544,19,,,1,30,,21562,19,,,1,70,,21556,19,,,1,30,,21542,19,,,1,100,,21555,19,,,1,100,,21557,19,,,1,100,,21551,19,,,1,100,,21549,19,,,1,100,,21547,19,,,1,70,,21576,19,,,1,30,,21566,19,,,1,70,,21550,19,,,1,30,,21546,19,,,1,70,,21563,19,,,1,30,,21575,19,,,1
10501,'9',637,,21596,19,,,1,100,,21591,19,,,1,70,,21586,19,,,1,30,,21614,19,,,1,70,,21610,19,,,1,30,,21611,19,,,1,70,,21615,19,,,1,30,,21597,19,,,1,100,,21617,19,,,1,100,,21600,19,,,1,100,,21606,19,,,1,100,,21594,19,,,1,100,,21581,19,,,1,70,,21592,19,,,1,30,,21607,19,,,1,70,,21603,19,,,1,30,,21601,19,,,1,70,,21590,19,,,1,30,,21598,19,,,1
11100,'1',610,,23841,15,,,1,30,,23848,15,,,1,70,,23853,15,,,1,30,,23835,15,,,1,70,,23840,15,,,1,30,,23845,15,,,1,70,,23843,15,,,1,30,,23838,15,,,1,70,,23831,15,,,1,30,,23839,15,,,1,70,,23850,15,,,1,30,,23851,15,,,1,70,,23844,15,,,1,30,,23834,15,,,1,70,,23847,15,,,1,30,,23832,15,,,1,70,,23836,15,,,1,30,,18733,15,,,1,70,,23852,15,,,1,30,,23837,15,,,1,70,,18504,15,,,1,30,,23849,15,,,1,70,,23842,15,,,1,30,,23833,15,,,1,70,,23830,15,,,1,30,,23846,15,,,1
11100,'2',610,,16031,15,,,1,30,,23858,15,,,1,70,,23873,15,,,1,30,,23856,15,,,1,70,,23862,15,,,1,30,,23877,15,,,1,70,,23874,15,,,1,30,,23864,15,,,1,70,,23875,15,,,1,30,,23870,15,,,1,70,,23868,15,,,1,30,,23865,15,,,1,70,,23869,15,,,1,30,,23857,15,,,1,70,,23860,15,,,1,30,,23855,15,,,1,70,,23872,15,,,1,30,,23867,15,,,1,70,,23854,15,,,1,30,,23859,15,,,1,70,,23863,15,,,1,30,,23876,15,,,1,70,,18688,15,,,1,30,,23866,15,,,1,70,,23871,15,,,1,30,,23861,15,,,1
11100,'3',610,,23903,15,,,1,30,,23881,15,,,1,70,,23899,15,,,1,30,,23879,15,,,1,70,,23900,15,,,1,30,,23902,15,,,1,70,,23901,15,,,1,30,,23896,15,,,1,70,,23887,15,,,1,30,,23897,15,,,1,70,,23891,15,,,1,30,,23885,15,,,1,70,,23878,15,,,1,30,,23888,15,,,1,70,,23893,15,,,1,30,,23882,15,,,1,70,,23892,15,,,1,30,,23889,15,,,1,70,,23880,15,,,1,30,,23884,15,,,1,70,,23883,15,,,1,30,,23895,15,,,1,70,,23890,15,,,1,30,,23894,15,,,1,70,,23898,15,,,1,30,,23886,15,,,1
11100,'4',610,,23918,15,,,1,30,,23911,15,,,1,70,,23915,15,,,1,30,,23906,15,,,1,70,,23929,15,,,1,30,,23919,15,,,1,70,,23912,15,,,1,30,,23917,15,,,1,70,,23910,15,,,1,30,,23925,15,,,1,70,,23907,15,,,1,30,,23924,15,,,1,70,,23909,15,,,1,30,,23927,15,,,1,70,,23926,15,,,1,30,,23908,15,,,1,70,,23905,15,,,1,30,,23904,15,,,1,70,,23913,15,,,1,30,,23916,15,,,1,70,,23923,15,,,1,30,,23920,15,,,1,70,,23921,15,,,1,30,,23914,15,,,1,70,,23928,15,,,1,30,,23922,15,,,1
11100,'5',610,,23945,15,,,1,30,,23950,15,,,1,70,,23931,15,,,1,30,,23938,15,,,1,70,,23939,15,,,1,30,,23953,15,,,1,70,,23951,15,,,1,30,,23946,15,,,1,70,,23948,15,,,1,30,,23935,15,,,1,70,,23942,15,,,1,30,,23940,15,,,1,70,,23954,15,,,1,30,,23944,15,,,1,70,,23934,15,,,1,30,,23947,15,,,1,70,,23943,15,,,1,30,,23952,15,,,1,70,,23949,15,,,1,30,,23955,15,,,1,70,,23930,15,,,1,30,,23932,15,,,1,70,,23936,15,,,1,30,,23941,15,,,1,70,,23937,15,,,1,30,,23933,15,,,1
11100,'7',610,,23964,15,,,1,30,,23981,15,,,1,70,,23965,15,,,1,30,,23971,15,,,1,70,,23960,15,,,1,30,,23967,15,,,1,70,,23961,15,,,1,30,,23958,15,,,1,70,,23956,15,,,1,30,,23969,15,,,1,70,,23962,15,,,1,30,,23980,15,,,1,70,,23977,15,,,1,30,,23959,15,,,1,70,,23974,15,,,1,30,,23973,15,,,1,70,,23979,15,,,1,30,,23978,15,,,1,70,,23966,15,,,1,30,,23970,15,,,1,70,,23972,15,,,1,30,,23975,15,,,1,70,,23968,15,,,1,30,,23976,15,,,1,70,,23963,15,,,1,30,,23957,15,,,1
11100,'8',610,,23997,15,,,1,30,,23996,15,,,1,70,,23995,15,,,1,30,,23988,15,,,1,70,,23993,15,,,1,30,,23983,15,,,1,70,,23992,15,,,1,30,,24004,15,,,1,70,,24003,15,,,1,30,,23984,15,,,1,70,,24006,15,,,1,30,,23994,15,,,1,70,,24007,15,,,1,30,,24002,15,,,1,70,,24005,15,,,1,30,,23998,15,,,1,70,,23985,15,,,1,30,,24001,15,,,1,70,,23990,15,,,1,30,,23987,15,,,1,70,,23999,15,,,1,30,,24000,15,,,1,70,,23982,15,,,1,30,,23989,15,,,1,70,,23991,15,,,1,30,,23986,15,,,1
11100,'9',610,,24019,15,,,1,30,,24018,15,,,1,70,,24014,15,,,1,30,,24022,15,,,1,70,,24027,15,,,1,30,,24033,15,,,1,70,,24016,15,,,1,30,,24020,15,,,1,70,,24015,15,,,1,30,,24017,15,,,1,70,,24013,15,,,1,30,,24026,15,,,1,70,,24023,15,,,1,30,,24011,15,,,1,70,,24021,15,,,1,30,,24012,15,,,1,70,,24030,15,,,1,30,,24008,15,,,1,70,,24009,15,,,1,30,,24024,15,,,1,70,,24032,15,,,1,30,,24029,15,,,1,70,,24031,15,,,1,30,,24010,15,,,1,70,,24028,15,,,1,30,,24025,15,,,1
11201,'1',733,,24323,32,,,1,100,,24322,32,,,1,100,,24337,32,,,1,100,,24324,32,,,1,100,,24333,32,,,1,100,,24334,32,,,1,100,,24336,32,,,1,100,,24339,32,,,1,100,,24331,32,,,1,100,,24330,32,,,1,100,,24341,32,,,1
11201,'2',733,,24359,32,,,1,100,,24348,32,,,1,100,,24356,32,,,1,100,,24347,32,,,1,100,,19525,32,,,1,100,,24352,32,,,1,100,,24360,32,,,1,100,,24346,32,,,1,100,,24353,32,,,1,100,,24345,32,,,1,100,,24354,32,,,1
11201,'3',733,,24385,32,,,1,100,,24367,32,,,1,100,,24365,32,,,1,100,,24383,32,,,1,100,,24380,32,,,1,100,,24374,32,,,1,100,,24382,32,,,1,100,,24366,32,,,1,100,,24371,32,,,1,100,,24378,32,,,1,100,,24364,32,,,1
11201,'4',733,,24394,32,,,1,100,,24387,32,,,1,100,,24406,32,,,1,100,,24393,32,,,1,100,,24404,32,,,1,100,,24403,32,,,1,100,,24401,32,,,1,100,,24405,32,,,1,100,,24391,32,,,1,100,,24407,32,,,1,100,,24392,32,,,1
11201,'5',733,,24413,32,,,1,100,,24408,32,,,1,100,,24426,32,,,1,100,,24429,32,,,1,100,,24412,32,,,1,100,,24417,32,,,1,100,,24419,32,,,1,100,,24423,32,,,1,100,,24427,32,,,1,100,,24428,32,,,1,100,,24418,32,,,1
11201,'7',733,,24440,32,,,1,100,,24438,32,,,1,100,,24451,32,,,1,100,,24431,32,,,1,100,,24448,32,,,1,100,,24435,32,,,1,100,,24447,32,,,1,100,,24442,32,,,1,100,,24441,32,,,1,100,,24449,32,,,1,100,,24432,32,,,1
11201,'8',733,,24473,32,,,1,100,,24467,32,,,1,100,,24459,32,,,1,100,,24472,32,,,1,100,,24456,32,,,1,100,,24469,32,,,1,100,,24468,32,,,1,100,,24454,32,,,1,100,,24466,32,,,1,100,,24461,32,,,1,100,,24452,32,,,1
11201,'9',733,,24484,32,,,1,100,,24485,32,,,1,100,,24479,32,,,1,100,,24474,32,,,1,100,,24481,32,,,1,100,,24478,32,,,1,100,,24487,32,,,1,100,,24494,32,,,1,100,,24482,32,,,1,100,,24488,32,,,1,100,,24477,32,,,1
11301,'1',655,,24838,20,,,1,100,,24841,20,,,1,100,,18571,20,,,1,100,,24833,20,,,1,100,,24815,20,,,1,100,,24822,20,,,1,100,,24837,20,,,1,100,,17395,20,,,1,100,,24817,20,,,1,100,,24832,20,,,1,100,,24834,20,,,1,100,,24806,20,,,1,100,,24827,20,,,1
11301,'2',655,,24868,20,,,1,100,,24856,20,,,1,100,,24864,20,,,1,100,,24869,20,,,1,100,,14749,20,,,1,100,,24854,20,,,1,100,,24852,20,,,1,100,,24857,20,,,1,100,,24858,20,,,1,100,,24855,20,,,1,100,,24845,20,,,1,100,,24860,20,,,1,100,,24875,20,,,1
11301,'3',655,,24903,20,,,1,100,,24895,20,,,1,100,,24896,20,,,1,100,,24894,20,,,1,100,,24890,20,,,1,100,,24905,20,,,1,100,,24904,20,,,1,100,,24886,20,,,1,100,,24916,20,,,1,100,,24907,20,,,1,100,,24882,20,,,1,100,,24901,20,,,1,100,,24887,20,,,1
11301,'4',655,,24926,20,,,1,100,,24921,20,,,1,100,,24951,20,,,1,100,,24932,20,,,1,100,,24939,20,,,1,100,,24928,20,,,1,100,,24956,20,,,1,100,,24954,20,,,1,100,,24955,20,,,1,100,,24959,20,,,1,100,,24933,20,,,1,100,,24937,20,,,1,100,,24938,20,,,1
11301,'5',655,,24978,20,,,1,100,,24996,20,,,1,100,,24972,20,,,1,100,,24990,20,,,1,100,,24964,20,,,1,100,,24992,20,,,1,100,,24999,20,,,1,100,,24976,20,,,1,100,,24981,20,,,1,100,,24984,20,,,1,100,,24987,20,,,1,100,,24985,20,,,1,100,,24986,20,,,1
11301,'7',655,,25037,20,,,1,100,,25015,20,,,1,100,,25024,20,,,1,100,,25031,20,,,1,100,,25028,20,,,1,100,,25006,20,,,1,100,,25020,20,,,1,100,,25021,20,,,1,100,,25038,20,,,1,100,,25016,20,,,1,100,,25030,20,,,1,100,,25036,20,,,1,100,,25005,20,,,1
11301,'8',655,,25051,20,,,1,100,,25043,20,,,1,100,,25062,20,,,1,100,,25064,20,,,1,100,,25075,20,,,1,100,,25082,20,,,1,100,,25083,20,,,1,100,,25081,20,,,1,100,,25057,20,,,1,100,,25060,20,,,1,100,,25070,20,,,1,100,,25048,20,,,1,100,,25066,20,,,1
11301,'9',655,,25101,20,,,1,100,,25095,20,,,1,100,,25117,20,,,1,100,,25114,20,,,1,100,,25122,20,,,1,100,,25105,20,,,1,100,,25115,20,,,1,100,,25094,20,,,1,100,,25085,20,,,1,100,,25090,20,,,1,100,,25087,20,,,1,100,,25119,20,,,1,100,,25084,20,,,1
20300,'1',1919,,26519,29,,,1,30,,26514,29,,,1,70,,26516,29,,,1,30,,19313,29,,,1,70,,26513,29,,,1,30,,26517,29,,,1,70,,26515,29,,,1,30,,26512,29,,,1,70,,26518,29,,,1
20300,'10',749,,26525,29,,,1,70,,26536,29,,,1,30,,26521,29,,,1,70,,26546,29,,,1,30,,26545,29,,,1,70,,26529,29,,,1,30,,26544,29,,,1,70,,26526,29,,,1,30,,26530,29,,,1,70,,26531,29,,,1,30,,26528,29,,,1,70,,26537,29,,,1,30,,26523,29,,,1,70,,26527,29,,,1,30,,26520,29,,,1,70,,26542,29,,,1,30,,26524,29,,,1,70,,26533,29,,,1,30,,26540,29,,,1,70,,26522,29,,,1,30,,26538,29,,,1,70,,26532,29,,,1,30,,26543,29,,,1,70,,26534,29,,,1,30,,26535,29,,,1,70,,26541,29,,,1,30,,26539,29,,,1
20300,'11',749,,26571,29,,,1,70,,26558,29,,,1,30,,26572,29,,,1,70,,26553,29,,,1,30,,26573,29,,,1,70,,26547,29,,,1,30,,26561,29,,,1,70,,26560,29,,,1,30,,26569,29,,,1,70,,26549,29,,,1,30,,26566,29,,,1,70,,26554,29,,,1,30,,26550,29,,,1,70,,26551,29,,,1,30,,26556,29,,,1,70,,26548,29,,,1,30,,26564,29,,,1,70,,26563,29,,,1,30,,26559,29,,,1,70,,26555,29,,,1,30,,26562,29,,,1,70,,26552,29,,,1,30,,26557,29,,,1,70,,26567,29,,,1,30,,26565,29,,,1,70,,26570,29,,,1,30,,26568,29,,,1
20300,'2',1919,,26581,29,,,1,30,,26575,29,,,1,70,,26580,29,,,1,30,,26578,29,,,1,70,,26582,29,,,1,30,,26579,29,,,1,70,,26576,29,,,1,30,,26574,29,,,1,70,,26577,29,,,1
20300,'3',1919,,26585,29,,,1,30,,26589,29,,,1,70,,26586,29,,,1,30,,26590,29,,,1,70,,26583,29,,,1,30,,26591,29,,,1,70,,26584,29,,,1,30,,26587,29,,,1,70,,26588,29,,,1
20300,'4',1919,,26598,29,,,1,30,,26592,29,,,1,70,,26594,29,,,1,30,,26595,29,,,1,70,,26599,29,,,1,30,,26597,29,,,1,70,,26600,29,,,1,30,,26596,29,,,1,70,,26593,29,,,1
20300,'5',1919,,26607,29,,,1,30,,26601,29,,,1,70,,26606,29,,,1,30,,26604,29,,,1,70,,26609,29,,,1,30,,26605,29,,,1,70,,26602,29,,,1,30,,26603,29,,,1,70,,26608,29,,,1
20300,'6',749,,26622,29,,,1,70,,26636,29,,,1,30,,26628,29,,,1,70,,26621,29,,,1,30,,26616,29,,,1,70,,26618,29,,,1,30,,26619,29,,,1,70,,26624,29,,,1,30,,26611,29,,,1,70,,26625,29,,,1,30,,26617,29,,,1,70,,26633,29,,,1,30,,26614,29,,,1,70,,26610,29,,,1,30,,26630,29,,,1,70,,26612,29,,,1,30,,26634,29,,,1,70,,26623,29,,,1,30,,26627,29,,,1,70,,26615,29,,,1,30,,26631,29,,,1,70,,26635,29,,,1,30,,26620,29,,,1,70,,26626,29,,,1,30,,26632,29,,,1,70,,26629,29,,,1,30,,26613,29,,,1
20300,'7',1919,,26637,29,,,1,30,,26643,29,,,1,70,,26638,29,,,1,30,,26644,29,,,1,70,,26640,29,,,1,30,,26641,29,,,1,70,,26645,29,,,1,30,,26642,29,,,1,70,,26639,29,,,1
20300,'8',1919,,26650,29,,,1,30,,26652,29,,,1,70,,26649,29,,,1,30,,26654,29,,,1,70,,26646,29,,,1,30,,26648,29,,,1,70,,26651,29,,,1,30,,26647,29,,,1,70,,26653,29,,,1
20300,'9',1919,,26656,29,,,1,30,,26657,29,,,1,70,,26658,29,,,1,30,,26663,29,,,1,70,,26661,29,,,1,30,,26655,29,,,1,70,,26659,29,,,1,30,,26662,29,,,1,70,,26660,29,,,1
20501,'1',1936,,18082,19,,,1,100,,27311,19,,,1,100,,27314,19,,,1,100,,27316,19,,,1
20501,'10',736,,27340,19,,,1,100,,27344,19,,,1,100,,27327,19,,,1,100,,27335,19,,,1,100,,27339,19,,,1,100,,27320,19,,,1,100,,27326,19,,,1,100,,27338,19,,,1,100,,27324,19,,,1,100,,27325,19,,,1,100,,27322,19,,,1,100,,27334,19,,,1,100,,27333,19,,,1,100,,27341,19,,,1
20501,'11',736,,27354,19,,,1,100,,27350,19,,,1,100,,27362,19,,,1,100,,27347,19,,,1,100,,27355,19,,,1,100,,27359,19,,,1,100,,27372,19,,,1,100,,27364,19,,,1,100,,27357,19,,,1,100,,27371,19,,,1,100,,27373,19,,,1,100,,27353,19,,,1,100,,27369,19,,,1,100,,27356,19,,,1
20501,'2',1936,,27378,19,,,1,100,,27376,19,,,1,100,,27379,19,,,1,100,,27377,19,,,1
20501,'3',1936,,27389,19,,,1,100,,27383,19,,,1,100,,27387,19,,,1,100,,27382,19,,,1
20501,'4',1936,,27393,19,,,1,100,,27395,19,,,1,100,,27392,19,,,1,100,,27394,19,,,1
20501,'5',1936,,27405,19,,,1,100,,27401,19,,,1,100,,27402,19,,,1,100,,27399,19,,,1
20501,'6',736,,27408,19,,,1,100,,27432,19,,,1,100,,27424,19,,,1,100,,27433,19,,,1,100,,27417,19,,,1,100,,27412,19,,,1,100,,27420,19,,,1,100,,27410,19,,,1,100,,27430,19,,,1,100,,27411,19,,,1,100,,27429,19,,,1,100,,27406,19,,,1,100,,27409,19,,,1,100,,27426,19,,,1
20501,'7',1936,,27438,19,,,1,100,,27439,19,,,1,100,,27441,19,,,1,100,,27437,19,,,1
20501,'8',1936,,27445,19,,,1,100,,27449,19,,,1,100,,27443,19,,,1,100,,27447,19,,,1
20501,'9',1936,,27457,19,,,1,100,,27452,19,,,1,100,,27450,19,,,1,100,,27453,19,,,1
21100,'1',1910,,28653,15,,,1,30,,28657,15,,,1,70,,28658,15,,,1,30,,18236,15,,,1,70,,28652,15,,,1,30,,28651,15,,,1,70,,28656,15,,,1,30,,28655,15,,,1,70,,28654,15,,,1
21100,'10',740,,28668,15,,,1,70,,28660,15,,,1,30,,28665,15,,,1,70,,28680,15,,,1,30,,28671,15,,,1,70,,28669,15,,,1,30,,28672,15,,,1,70,,19674,15,,,1,30,,28679,15,,,1,70,,28682,15,,,1,30,,28664,15,,,1,70,,28674,15,,,1,30,,28661,15,,,1,70,,28662,15,,,1,30,,28676,15,,,1,70,,28675,15,,,1,30,,28681,15,,,1,70,,28673,15,,,1,30,,28670,15,,,1,70,,28667,15,,,1,30,,28677,15,,,1,70,,28683,15,,,1,30,,19537,15,,,1,70,,28659,15,,,1,30,,28663,15,,,1,70,,28666,15,,,1,30,,28678,15,,,1
21100,'11',740,,28685,15,,,1,70,,28698,15,,,1,30,,28696,15,,,1,70,,28703,15,,,1,30,,28707,15,,,1,70,,28693,15,,,1,30,,28697,15,,,1,70,,28686,15,,,1,30,,28691,15,,,1,70,,28709,15,,,1,30,,28702,15,,,1,70,,28689,15,,,1,30,,28694,15,,,1,70,,28688,15,,,1,30,,28700,15,,,1,70,,28684,15,,,1,30,,28687,15,,,1,70,,28701,15,,,1,30,,28695,15,,,1,70,,28690,15,,,1,30,,28710,15,,,1,70,,28699,15,,,1,30,,28706,15,,,1,70,,28704,15,,,1,30,,28705,15,,,1,70,,28708,15,,,1,30,,28692,15,,,1
21100,'2',1910,,28716,15,,,1,30,,28718,15,,,1,70,,28719,15,,,1,30,,28711,15,,,1,70,,28712,15,,,1,30,,28715,15,,,1,70,,28717,15,,,1,30,,28714,15,,,1,70,,28713,15,,,1
21100,'3',1910,,28727,15,,,1,30,,28728,15,,,1,70,,28721,15,,,1,30,,28724,15,,,1,70,,28723,15,,,1,30,,28725,15,,,1,70,,28720,15,,,1,30,,28726,15,,,1,70,,28722,15,,,1
21100,'4',1910,,28729,15,,,1,30,,28731,15,,,1,70,,28732,15,,,1,30,,28734,15,,,1,70,,28730,15,,,1,30,,28733,15,,,1,70,,28736,15,,,1,30,,28735,15,,,1,70,,28737,15,,,1
21100,'5',1910,,28742,15,,,1,30,,28739,15,,,1,70,,28745,15,,,1,30,,28740,15,,,1,70,,28744,15,,,1,30,,28738,15,,,1,70,,28741,15,,,1,30,,28743,15,,,1,70,,28746,15,,,1
21100,'6',740,,28772,15,,,1,70,,28760,15,,,1,30,,28753,15,,,1,70,,28769,15,,,1,30,,28762,15,,,1,70,,28767,15,,,1,30,,28757,15,,,1,70,,28768,15,,,1,30,,28750,15,,,1,70,,28765,15,,,1,30,,28761,15,,,1,70,,28771,15,,,1,30,,28763,15,,,1,70,,28770,15,,,1,30,,28756,15,,,1,70,,28755,15,,,1,30,,28749,15,,,1,70,,28752,15,,,1,30,,28759,15,,,1,70,,28764,15,,,1,30,,28766,15,,,1,70,,28773,15,,,1,30,,28758,15,,,1,70,,28748,15,,,1,30,,28754,15,,,1,70,,28751,15,,,1,30,,28747,15,,,1
21100,'7',1910,,28777,15,,,1,30,,28782,15,,,1,70,,28780,15,,,1,30,,28779,15,,,1,70,,28775,15,,,1,30,,28774,15,,,1,70,,28778,15,,,1,30,,28776,15,,,1,70,,28781,15,,,1
21100,'8',1910,,28786,15,,,1,30,,28787,15,,,1,70,,28790,15,,,1,30,,28789,15,,,1,70,,28788,15,,,1,30,,28791,15,,,1,70,,28784,15,,,1,30,,28783,15,,,1,70,,28785,15,,,1
21100,'9',1910,,28792,15,,,1,30,,28796,15,,,1,70,,28795,15,,,1,30,,28798,15,,,1,70,,28799,15,,,1,30,,28794,15,,,1,70,,28800,15,,,1,30,,28797,15,,,1,70,,28793,15,,,1
21301,'1',1955,,29030,20,,,1,100,,29026,20,,,1,100,,29027,20,,,1,100,,29032,20,,,1
21301,'10',756,,29048,20,,,1,100,,29059,20,,,1,100,,29056,20,,,1,100,,29053,20,,,1,100,,29044,20,,,1,100,,29072,20,,,1,100,,29052,20,,,1,100,,29065,20,,,1,100,,29067,20,,,1,100,,29042,20,,,1,100,,29071,20,,,1,100,,29074,20,,,1,100,,29046,20,,,1
21301,'11',756,,29100,20,,,1,100,,29081,20,,,1,100,,29085,20,,,1,100,,29109,20,,,1,100,,29083,20,,,1,100,,29098,20,,,1,100,,29094,20,,,1,100,,29115,20,,,1,100,,29105,20,,,1,100,,29112,20,,,1,100,,29092,20,,,1,100,,29084,20,,,1,100,,29088,20,,,1
21301,'2',1955,,29119,20,,,1,100,,29117,20,,,1,100,,29120,20,,,1,100,,29122,20,,,1
21301,'3',1955,,29132,20,,,1,100,,29129,20,,,1,100,,29133,20,,,1,100,,29135,20,,,1
21301,'4',1955,,29138,20,,,1,100,,29141,20,,,1,100,,29137,20,,,1,100,,29145,20,,,1
21301,'5',1955,,29158,20,,,1,100,,29157,20,,,1,100,,29155,20,,,1,100,,29150,20,,,1
21301,'6',756,,29177,20,,,1,100,,29162,20,,,1,100,,29195,20,,,1,100,,29178,20,,,1,100,,29161,20,,,1,100,,29171,20,,,1,100,,29159,20,,,1,100,,29185,20,,,1,100,,29180,20,,,1,100,,29167,20,,,1,100,,29189,20,,,1,100,,29176,20,,,1,100,,29182,20,,,1
21301,'7',1955,,29208,20,,,1,100,,29202,20,,,1,100,,29203,20,,,1,100,,29207,20,,,1
21301,'8',1955,,29218,20,,,1,100,,29212,20,,,1,100,,29213,20,,,1,100,,29215,20,,,1
21301,'9',1955,,29231,20,,,1,100,,29230,20,,,1,100,,29222,20,,,1,100,,29224,20,,,1
