10501,'1',636,,21326,17,,,1,100,,21351,17,,,1,70,,21333,17,,,1,30,,21342,17,,,1,70,,21345,17,,,1,30,,21340,17,,,1,70,,21324,17,,,1,30,,21349,17,,,1,100,,21335,17,,,1,100,,21352,17,,,1,100,,21338,17,,,1,100,,21323,17,,,1,100,,21327,17,,,1,70,,21329,17,,,1,30,,21353,17,,,1,70,,21322,17,,,1,30,,21336,17,,,1,70,,21344,17,,,1,30,,21321,17,,,1
10501,'2',636,,21376,17,,,1,100,,21379,17,,,1,70,,21387,17,,,1,30,,21369,17,,,1,70,,21378,17,,,1,30,,21377,17,,,1,70,,21372,17,,,1,30,,21386,17,,,1,100,,21383,17,,,1,100,,21357,17,,,1,100,,21382,17,,,1,100,,21374,17,,,1,100,,18132,17,,,1,70,,21373,17,,,1,30,,21367,17,,,1,70,,21368,17,,,1,30,,21359,17,,,1,70,,17299,17,,,1,30,,21389,17,,,1
10501,'3',636,,21427,17,,,1,100,,21408,17,,,1,70,,21407,17,,,1,30,,21392,17,,,1,70,,21406,17,,,1,30,,21393,17,,,1,70,,21414,17,,,1,30,,21424,17,,,1,100,,21409,17,,,1,100,,21397,17,,,1,100,,21423,17,,,1,100,,21403,17,,,1,100,,21401,17,,,1,70,,21398,17,,,1,30,,21396,17,,,1,70,,21425,17,,,1,30,,21390,17,,,1,70,,21400,17,,,1,30,,21417,17,,,1
10501,'4',636,,21446,17,,,1,100,,21465,17,,,1,70,,21459,17,,,1,30,,21444,17,,,1,70,,21432,17,,,1,30,,21464,17,,,1,70,,21452,17,,,1,30,,21463,17,,,1,100,,21450,17,,,1,100,,21435,17,,,1,100,,21454,17,,,1,100,,21461,17,,,1,100,,21458,17,,,1,70,,21436,17,,,1,30,,21430,17,,,1,70,,21456,17,,,1,30,,21460,17,,,1,70,,21453,17,,,1,30,,21455,17,,,1
10501,'5',636,,21498,17,,,1,100,,21493,17,,,1,70,,21499,17,,,1,30,,21469,17,,,1,70,,21476,17,,,1,30,,21473,17,,,1,70,,21478,17,,,1,30,,21501,17,,,1,100,,21490,17,,,1,100,,21486,17,,,1,100,,21470,17,,,1,100,,21475,17,,,1,100,,21481,17,,,1,70,,21492,17,,,1,30,,21484,17,,,1,70,,21485,17,,,1,30,,21489,17,,,1,70,,21471,17,,,1,30,,21477,17,,,1
10501,'7',636,,21536,17,,,1,100,,21512,17,,,1,70,,21506,17,,,1,30,,21504,17,,,1,70,,21529,17,,,1,30,,21526,17,,,1,70,,21532,17,,,1,30,,21527,17,,,1,100,,21509,17,,,1,100,,21505,17,,,1,100,,21537,17,,,1,100,,21534,17,,,1,100,,21517,17,,,1,70,,21514,17,,,1,30,,21513,17,,,1,70,,21519,17,,,1,30,,21530,17,,,1,70,,21528,17,,,1,30,,21515,17,,,1
10501,'8',636,,21561,17,,,1,100,,21559,17,,,1,70,,21552,17,,,1,30,,21560,17,,,1,70,,21544,17,,,1,30,,21562,17,,,1,70,,21556,17,,,1,30,,21542,17,,,1,100,,21555,17,,,1,100,,21557,17,,,1,100,,21551,17,,,1,100,,21549,17,,,1,100,,21547,17,,,1,70,,21576,17,,,1,30,,21566,17,,,1,70,,21550,17,,,1,30,,21546,17,,,1,70,,21563,17,,,1,30,,21575,17,,,1
10501,'9',636,,21596,17,,,1,100,,21591,17,,,1,70,,21586,17,,,1,30,,21614,17,,,1,70,,21610,17,,,1,30,,21611,17,,,1,70,,21615,17,,,1,30,,21597,17,,,1,100,,21617,17,,,1,100,,21600,17,,,1,100,,21606,17,,,1,100,,21594,17,,,1,100,,21581,17,,,1,70,,21592,17,,,1,30,,21607,17,,,1,70,,21603,17,,,1,30,,21601,17,,,1,70,,21590,17,,,1,30,,21598,17,,,1
11300,'1',625,,24507,10,,,1,100,,24518,10,,,1,100,,24513,10,,,1,100,,24510,10,,,1,100,,24522,10,,,1,100,,19261,10,,,1,100,,24521,10,,,1,100,,24506,10,,,1,100,,24525,10,,,1,100,,24532,10,,,1,100,,24523,10,,,1,100,,24528,10,,,1,100,,24527,10,,,1
11300,'2',625,,24538,10,,,1,100,,24542,10,,,1,100,,24556,10,,,1,100,,24552,10,,,1,100,,24548,10,,,1,100,,24534,10,,,1,100,,24546,10,,,1,100,,24533,10,,,1,100,,24563,10,,,1,100,,24570,10,,,1,100,,24541,10,,,1,100,,24566,10,,,1,100,,24557,10,,,1
11300,'3',625,,24609,10,,,1,100,,24582,10,,,1,100,,24573,10,,,1,100,,24586,10,,,1,100,,24575,10,,,1,100,,24606,10,,,1,100,,24580,10,,,1,100,,24594,10,,,1,100,,24592,10,,,1,100,,24591,10,,,1,100,,24576,10,,,1,100,,24598,10,,,1,100,,24574,10,,,1
11300,'4',625,,24637,10,,,1,100,,24647,10,,,1,100,,24642,10,,,1,100,,24634,10,,,1,100,,24619,10,,,1,100,,24628,10,,,1,100,,24630,10,,,1,100,,24618,10,,,1,100,,24617,10,,,1,100,,24629,10,,,1,100,,24633,10,,,1,100,,24632,10,,,1,100,,24643,10,,,1
11300,'5',625,,24671,10,,,1,100,,24668,10,,,1,100,,24653,10,,,1,100,,24652,10,,,1,100,,24674,10,,,1,100,,24667,10,,,1,100,,24686,10,,,1,100,,24658,10,,,1,100,,24650,10,,,1,100,,24682,10,,,1,100,,24679,10,,,1,100,,24675,10,,,1,100,,24677,10,,,1
11300,'7',625,,24711,10,,,1,100,,24719,10,,,1,100,,24724,10,,,1,100,,24700,10,,,1,100,,24716,10,,,1,100,,24718,10,,,1,100,,24726,10,,,1,100,,24720,10,,,1,100,,24709,10,,,1,100,,24703,10,,,1,100,,24696,10,,,1,100,,24704,10,,,1,100,,24722,10,,,1
11300,'8',625,,24759,10,,,1,100,,24727,10,,,1,100,,24758,10,,,1,100,,24755,10,,,1,100,,24764,10,,,1,100,,24730,10,,,1,100,,24751,10,,,1,100,,24754,10,,,1,100,,24752,10,,,1,100,,24765,10,,,1,100,,24729,10,,,1,100,,24756,10,,,1,100,,24744,10,,,1
11300,'9',625,,24778,10,,,1,100,,24797,10,,,1,100,,24795,10,,,1,100,,24766,10,,,1,100,,24772,10,,,1,100,,24801,10,,,1,100,,24803,10,,,1,100,,24773,10,,,1,100,,24770,10,,,1,100,,24787,10,,,1,100,,24798,10,,,1,100,,24768,10,,,1,100,,24780,10,,,1
20501,'1',1935,,18082,17,,,1,100,,27311,17,,,1,100,,27314,17,,,1,100,,27316,17,,,1
20501,'10',735,,27340,17,,,1,100,,27344,17,,,1,100,,27327,17,,,1,100,,27335,17,,,1,100,,27339,17,,,1,100,,27320,17,,,1,100,,27326,17,,,1,100,,27338,17,,,1,100,,27324,17,,,1,100,,27325,17,,,1,100,,27322,17,,,1,100,,27334,17,,,1,100,,27333,17,,,1,100,,27341,17,,,1
20501,'11',735,,27354,17,,,1,100,,27350,17,,,1,100,,27362,17,,,1,100,,27347,17,,,1,100,,27355,17,,,1,100,,27359,17,,,1,100,,27372,17,,,1,100,,27364,17,,,1,100,,27357,17,,,1,100,,27371,17,,,1,100,,27373,17,,,1,100,,27353,17,,,1,100,,27369,17,,,1,100,,27356,17,,,1
20501,'2',1935,,27378,17,,,1,100,,27376,17,,,1,100,,27379,17,,,1,100,,27377,17,,,1
20501,'3',1935,,27389,17,,,1,100,,27383,17,,,1,100,,27387,17,,,1,100,,27382,17,,,1
20501,'4',1935,,27393,17,,,1,100,,27395,17,,,1,100,,27392,17,,,1,100,,27394,17,,,1
20501,'5',1935,,27405,17,,,1,100,,27401,17,,,1,100,,27402,17,,,1,100,,27399,17,,,1
20501,'6',735,,27408,17,,,1,100,,27432,17,,,1,100,,27424,17,,,1,100,,27433,17,,,1,100,,27417,17,,,1,100,,27412,17,,,1,100,,27420,17,,,1,100,,27410,17,,,1,100,,27430,17,,,1,100,,27411,17,,,1,100,,27429,17,,,1,100,,27406,17,,,1,100,,27409,17,,,1,100,,27426,17,,,1
20501,'7',1935,,27438,17,,,1,100,,27439,17,,,1,100,,27441,17,,,1,100,,27437,17,,,1
20501,'8',1935,,27445,17,,,1,100,,27449,17,,,1,100,,27443,17,,,1,100,,27447,17,,,1
20501,'9',1935,,27457,17,,,1,100,,27452,17,,,1,100,,27450,17,,,1,100,,27453,17,,,1
21300,'1',1925,,28956,10,,,1,100,,28955,10,,,1,100,,28957,10,,,1,100,,28954,10,,,1
21300,'10',725,,28959,10,,,1,100,,28970,10,,,1,100,,28966,10,,,1,100,,28964,10,,,1,100,,28962,10,,,1,100,,28961,10,,,1,100,,28969,10,,,1,100,,28960,10,,,1,100,,28965,10,,,1,100,,28958,10,,,1,100,,28963,10,,,1,100,,28968,10,,,1,100,,28967,10,,,1
21300,'11',725,,28980,10,,,1,100,,28978,10,,,1,100,,28974,10,,,1,100,,28983,10,,,1,100,,28982,10,,,1,100,,28972,10,,,1,100,,28981,10,,,1,100,,28973,10,,,1,100,,28979,10,,,1,100,,28977,10,,,1,100,,28971,10,,,1,100,,28976,10,,,1,100,,28975,10,,,1
21300,'2',1925,,28985,10,,,1,100,,28987,10,,,1,100,,28986,10,,,1,100,,28984,10,,,1
21300,'3',1925,,28989,10,,,1,100,,28988,10,,,1,100,,28990,10,,,1,100,,28991,10,,,1
21300,'4',1925,,28992,10,,,1,100,,28993,10,,,1,100,,28994,10,,,1,100,,28995,10,,,1
21300,'5',1925,,28998,10,,,1,100,,28996,10,,,1,100,,28999,10,,,1,100,,28997,10,,,1
21300,'6',725,,29009,10,,,1,100,,29010,10,,,1,100,,29003,10,,,1,100,,29002,10,,,1,100,,29000,10,,,1,100,,29005,10,,,1,100,,29001,10,,,1,100,,29008,10,,,1,100,,29006,10,,,1,100,,29011,10,,,1,100,,29004,10,,,1,100,,29007,10,,,1,100,,29012,10,,,1
21300,'7',1925,,29015,10,,,1,100,,29016,10,,,1,100,,29014,10,,,1,100,,29013,10,,,1
21300,'8',1925,,29018,10,,,1,100,,29020,10,,,1,100,,29019,10,,,1,100,,29017,10,,,1
21300,'9',1925,,29023,10,,,1,100,,29021,10,,,1,100,,29024,10,,,1,100,,29022,10,,,1
