10501,'1',633,,21326,14,,,1,100,,21351,14,,,1,70,,21333,14,,,1,30,,21342,14,,,1,70,,21345,14,,,1,30,,21340,14,,,1,70,,21324,14,,,1,30,,21349,14,,,1,100,,21335,14,,,1,100,,21352,14,,,1,100,,21338,14,,,1,100,,21323,14,,,1,100,,21327,14,,,1,70,,21329,14,,,1,30,,21353,14,,,1,70,,21322,14,,,1,30,,21336,14,,,1,70,,21344,14,,,1,30,,21321,14,,,1
10501,'2',633,,21376,14,,,1,100,,21379,14,,,1,70,,21387,14,,,1,30,,21369,14,,,1,70,,21378,14,,,1,30,,21377,14,,,1,70,,21372,14,,,1,30,,21386,14,,,1,100,,21383,14,,,1,100,,21357,14,,,1,100,,21382,14,,,1,100,,21374,14,,,1,100,,18132,14,,,1,70,,21373,14,,,1,30,,21367,14,,,1,70,,21368,14,,,1,30,,21359,14,,,1,70,,17299,14,,,1,30,,21389,14,,,1
10501,'3',633,,21427,14,,,1,100,,21408,14,,,1,70,,21407,14,,,1,30,,21392,14,,,1,70,,21406,14,,,1,30,,21393,14,,,1,70,,21414,14,,,1,30,,21424,14,,,1,100,,21409,14,,,1,100,,21397,14,,,1,100,,21423,14,,,1,100,,21403,14,,,1,100,,21401,14,,,1,70,,21398,14,,,1,30,,21396,14,,,1,70,,21425,14,,,1,30,,21390,14,,,1,70,,21400,14,,,1,30,,21417,14,,,1
10501,'4',633,,21446,14,,,1,100,,21465,14,,,1,70,,21459,14,,,1,30,,21444,14,,,1,70,,21432,14,,,1,30,,21464,14,,,1,70,,21452,14,,,1,30,,21463,14,,,1,100,,21450,14,,,1,100,,21435,14,,,1,100,,21454,14,,,1,100,,21461,14,,,1,100,,21458,14,,,1,70,,21436,14,,,1,30,,21430,14,,,1,70,,21456,14,,,1,30,,21460,14,,,1,70,,21453,14,,,1,30,,21455,14,,,1
10501,'5',633,,21498,14,,,1,100,,21493,14,,,1,70,,21499,14,,,1,30,,21469,14,,,1,70,,21476,14,,,1,30,,21473,14,,,1,70,,21478,14,,,1,30,,21501,14,,,1,100,,21490,14,,,1,100,,21486,14,,,1,100,,21470,14,,,1,100,,21475,14,,,1,100,,21481,14,,,1,70,,21492,14,,,1,30,,21484,14,,,1,70,,21485,14,,,1,30,,21489,14,,,1,70,,21471,14,,,1,30,,21477,14,,,1
10501,'7',633,,21536,14,,,1,100,,21512,14,,,1,70,,21506,14,,,1,30,,21504,14,,,1,70,,21529,14,,,1,30,,21526,14,,,1,70,,21532,14,,,1,30,,21527,14,,,1,100,,21509,14,,,1,100,,21505,14,,,1,100,,21537,14,,,1,100,,21534,14,,,1,100,,21517,14,,,1,70,,21514,14,,,1,30,,21513,14,,,1,70,,21519,14,,,1,30,,21530,14,,,1,70,,21528,14,,,1,30,,21515,14,,,1
10501,'8',633,,21561,14,,,1,100,,21559,14,,,1,70,,21552,14,,,1,30,,21560,14,,,1,70,,21544,14,,,1,30,,21562,14,,,1,70,,21556,14,,,1,30,,21542,14,,,1,100,,21555,14,,,1,100,,21557,14,,,1,100,,21551,14,,,1,100,,21549,14,,,1,100,,21547,14,,,1,70,,21576,14,,,1,30,,21566,14,,,1,70,,21550,14,,,1,30,,21546,14,,,1,70,,21563,14,,,1,30,,21575,14,,,1
10501,'9',633,,21596,14,,,1,100,,21591,14,,,1,70,,21586,14,,,1,30,,21614,14,,,1,70,,21610,14,,,1,30,,21611,14,,,1,70,,21615,14,,,1,30,,21597,14,,,1,100,,21617,14,,,1,100,,21600,14,,,1,100,,21606,14,,,1,100,,21594,14,,,1,100,,21581,14,,,1,70,,21592,14,,,1,30,,21607,14,,,1,70,,21603,14,,,1,30,,21601,14,,,1,70,,21590,14,,,1,30,,21598,14,,,1
20501,'1',1932,,18082,14,,,1,100,,27311,14,,,1,100,,27314,14,,,1,100,,27316,14,,,1
20501,'10',732,,27340,14,,,1,100,,27344,14,,,1,100,,27327,14,,,1,100,,27335,14,,,1,100,,27339,14,,,1,100,,27320,14,,,1,100,,27326,14,,,1,100,,27338,14,,,1,100,,27324,14,,,1,100,,27325,14,,,1,100,,27322,14,,,1,100,,27334,14,,,1,100,,27333,14,,,1,100,,27341,14,,,1
20501,'11',732,,27354,14,,,1,100,,27350,14,,,1,100,,27362,14,,,1,100,,27347,14,,,1,100,,27355,14,,,1,100,,27359,14,,,1,100,,27372,14,,,1,100,,27364,14,,,1,100,,27357,14,,,1,100,,27371,14,,,1,100,,27373,14,,,1,100,,27353,14,,,1,100,,27369,14,,,1,100,,27356,14,,,1
20501,'2',1932,,27378,14,,,1,100,,27376,14,,,1,100,,27379,14,,,1,100,,27377,14,,,1
20501,'3',1932,,27389,14,,,1,100,,27383,14,,,1,100,,27387,14,,,1,100,,27382,14,,,1
20501,'4',1932,,27393,14,,,1,100,,27395,14,,,1,100,,27392,14,,,1,100,,27394,14,,,1
20501,'5',1932,,27405,14,,,1,100,,27401,14,,,1,100,,27402,14,,,1,100,,27399,14,,,1
20501,'6',732,,27408,14,,,1,100,,27432,14,,,1,100,,27424,14,,,1,100,,27433,14,,,1,100,,27417,14,,,1,100,,27412,14,,,1,100,,27420,14,,,1,100,,27410,14,,,1,100,,27430,14,,,1,100,,27411,14,,,1,100,,27429,14,,,1,100,,27406,14,,,1,100,,27409,14,,,1,100,,27426,14,,,1
20501,'7',1932,,27438,14,,,1,100,,27439,14,,,1,100,,27441,14,,,1,100,,27437,14,,,1
20501,'8',1932,,27445,14,,,1,100,,27449,14,,,1,100,,27443,14,,,1,100,,27447,14,,,1
20501,'9',1932,,27457,14,,,1,100,,27452,14,,,1,100,,27450,14,,,1,100,,27453,14,,,1
