10300,'1',630,,20317,2,,,1,100,,20326,2,,,1,70,,20325,2,,,1,30,,20323,2,,,1,70,,20320,2,,,1,30,,20330,2,,,1,70,,20334,2,,,1,30,,20329,2,,,1,100,,20327,2,,,1,100,,20318,2,,,1,100,,20324,2,,,1,100,,20322,2,,,1,100,,20319,2,,,1,70,,20316,2,,,1,30,,20321,2,,,1,70,,20332,2,,,1,30,,20328,2,,,1,70,,20333,2,,,1,30,,20331,2,,,1
10300,'2',630,,20347,2,,,1,100,,20349,2,,,1,70,,20345,2,,,1,30,,20338,2,,,1,70,,20351,2,,,1,30,,20335,2,,,1,70,,20340,2,,,1,30,,20339,2,,,1,100,,18114,2,,,1,100,,20336,2,,,1,100,,20342,2,,,1,100,,20337,2,,,1,100,,20343,2,,,1,70,,20346,2,,,1,30,,20350,2,,,1,70,,20348,2,,,1,30,,20352,2,,,1,70,,20344,2,,,1,30,,20341,2,,,1
10300,'3',630,,20353,2,,,1,100,,20362,2,,,1,70,,20369,2,,,1,30,,20358,2,,,1,70,,20363,2,,,1,30,,20354,2,,,1,70,,20364,2,,,1,30,,20367,2,,,1,100,,20370,2,,,1,100,,20371,2,,,1,100,,20355,2,,,1,100,,20356,2,,,1,100,,20359,2,,,1,70,,20365,2,,,1,30,,20361,2,,,1,70,,20357,2,,,1,30,,20366,2,,,1,70,,20360,2,,,1,30,,20368,2,,,1
10300,'4',630,,20390,2,,,1,100,,20388,2,,,1,70,,20376,2,,,1,30,,20377,2,,,1,70,,20389,2,,,1,30,,20387,2,,,1,70,,20382,2,,,1,30,,20378,2,,,1,100,,20374,2,,,1,100,,20372,2,,,1,100,,20375,2,,,1,100,,20383,2,,,1,100,,20381,2,,,1,70,,20373,2,,,1,30,,20386,2,,,1,70,,20385,2,,,1,30,,20380,2,,,1,70,,20379,2,,,1,30,,20384,2,,,1
10300,'5',630,,20400,2,,,1,100,,20403,2,,,1,70,,20395,2,,,1,30,,20397,2,,,1,70,,20405,2,,,1,30,,20407,2,,,1,70,,20409,2,,,1,30,,20394,2,,,1,100,,20404,2,,,1,100,,20401,2,,,1,100,,20396,2,,,1,100,,20398,2,,,1,100,,20406,2,,,1,70,,20399,2,,,1,30,,20393,2,,,1,70,,20402,2,,,1,30,,20392,2,,,1,70,,20408,2,,,1,30,,20391,2,,,1
10300,'7',630,,20423,2,,,1,100,,20419,2,,,1,70,,20417,2,,,1,30,,20428,2,,,1,70,,20427,2,,,1,30,,20421,2,,,1,70,,20422,2,,,1,30,,20413,2,,,1,100,,20411,2,,,1,100,,20414,2,,,1,100,,20426,2,,,1,100,,20412,2,,,1,100,,20420,2,,,1,70,,20415,2,,,1,30,,20424,2,,,1,70,,20425,2,,,1,30,,20418,2,,,1,70,,20410,2,,,1,30,,20416,2,,,1
10300,'8',630,,20442,2,,,1,100,,20439,2,,,1,70,,20432,2,,,1,30,,20444,2,,,1,70,,20433,2,,,1,30,,20435,2,,,1,70,,20441,2,,,1,30,,20434,2,,,1,100,,20429,2,,,1,100,,20436,2,,,1,100,,20447,2,,,1,100,,20438,2,,,1,100,,20445,2,,,1,70,,20437,2,,,1,30,,20443,2,,,1,70,,20446,2,,,1,30,,20430,2,,,1,70,,20431,2,,,1,30,,20440,2,,,1
10300,'9',630,,20448,2,,,1,100,,20458,2,,,1,70,,20457,2,,,1,30,,20464,2,,,1,70,,20452,2,,,1,30,,20462,2,,,1,70,,20453,2,,,1,30,,20461,2,,,1,100,,20460,2,,,1,100,,20449,2,,,1,100,,20450,2,,,1,100,,20459,2,,,1,100,,20465,2,,,1,70,,20463,2,,,1,30,,20454,2,,,1,70,,20455,2,,,1,30,,20451,2,,,1,70,,20466,2,,,1,30,,20456,2,,,1
11000,'1',630,,23450,2,,,1,70,,23438,2,,,1,30,,23440,2,,,1,70,,23453,2,,,1,30,,23441,2,,,1,70,,23446,2,,,1,30,,23448,2,,,1,70,,23437,2,,,1,30,,23447,2,,,1,70,,23434,2,,,1,30,,23436,2,,,1,70,,23445,2,,,1,30,,23457,2,,,1,70,,23451,2,,,1,30,,23452,2,,,1,70,,23439,2,,,1,30,,23435,2,,,1,70,,23433,2,,,1,30,,23443,2,,,1,70,,23455,2,,,1,30,,23449,2,,,1,70,,23444,2,,,1,30,,23456,2,,,1,70,,23442,2,,,1,30,,23454,2,,,1
11000,'2',630,,23470,2,,,1,70,,23459,2,,,1,30,,23463,2,,,1,70,,23475,2,,,1,30,,23478,2,,,1,70,,23476,2,,,1,30,,23466,2,,,1,70,,23467,2,,,1,30,,23458,2,,,1,70,,23461,2,,,1,30,,23477,2,,,1,70,,23479,2,,,1,30,,23471,2,,,1,70,,23473,2,,,1,30,,17518,2,,,1,70,,23480,2,,,1,30,,23474,2,,,1,70,,23460,2,,,1,30,,23472,2,,,1,70,,23465,2,,,1,30,,23481,2,,,1,70,,23469,2,,,1,30,,23468,2,,,1,70,,23462,2,,,1,30,,23464,2,,,1
11000,'3',630,,23483,2,,,1,70,,23502,2,,,1,30,,23482,2,,,1,70,,23503,2,,,1,30,,23485,2,,,1,70,,23496,2,,,1,30,,23484,2,,,1,70,,23493,2,,,1,30,,23495,2,,,1,70,,23494,2,,,1,30,,23501,2,,,1,70,,23492,2,,,1,30,,23488,2,,,1,70,,23498,2,,,1,30,,23490,2,,,1,70,,23499,2,,,1,30,,23486,2,,,1,70,,23500,2,,,1,30,,23489,2,,,1,70,,23497,2,,,1,30,,23491,2,,,1,70,,23504,2,,,1,30,,23505,2,,,1,70,,23487,2,,,1,30,,23506,2,,,1
11000,'4',630,,23530,2,,,1,70,,23529,2,,,1,30,,23527,2,,,1,70,,23508,2,,,1,30,,23521,2,,,1,70,,23520,2,,,1,30,,23509,2,,,1,70,,23522,2,,,1,30,,23507,2,,,1,70,,23510,2,,,1,30,,23514,2,,,1,70,,23517,2,,,1,30,,23516,2,,,1,70,,23531,2,,,1,30,,23512,2,,,1,70,,23525,2,,,1,30,,23526,2,,,1,70,,23524,2,,,1,30,,23511,2,,,1,70,,23518,2,,,1,30,,23513,2,,,1,70,,23515,2,,,1,30,,23519,2,,,1,70,,23528,2,,,1,30,,23523,2,,,1
11000,'5',630,,23550,2,,,1,70,,23546,2,,,1,30,,23551,2,,,1,70,,23535,2,,,1,30,,23547,2,,,1,70,,23537,2,,,1,30,,23539,2,,,1,70,,23534,2,,,1,30,,23543,2,,,1,70,,23536,2,,,1,30,,23533,2,,,1,70,,23532,2,,,1,30,,23541,2,,,1,70,,23538,2,,,1,30,,23555,2,,,1,70,,23542,2,,,1,30,,23554,2,,,1,70,,23556,2,,,1,30,,23540,2,,,1,70,,23548,2,,,1,30,,23553,2,,,1,70,,23552,2,,,1,30,,23544,2,,,1,70,,23549,2,,,1,30,,23545,2,,,1
11000,'7',630,,23559,2,,,1,70,,23578,2,,,1,30,,23565,2,,,1,70,,23576,2,,,1,30,,23573,2,,,1,70,,23579,2,,,1,30,,23569,2,,,1,70,,23574,2,,,1,30,,23572,2,,,1,70,,23568,2,,,1,30,,23570,2,,,1,70,,23580,2,,,1,30,,23558,2,,,1,70,,23561,2,,,1,30,,23577,2,,,1,70,,23575,2,,,1,30,,23562,2,,,1,70,,23563,2,,,1,30,,23566,2,,,1,70,,23581,2,,,1,30,,23557,2,,,1,70,,23567,2,,,1,30,,23560,2,,,1,70,,23571,2,,,1,30,,23564,2,,,1
11000,'8',630,,23586,2,,,1,70,,23595,2,,,1,30,,23593,2,,,1,70,,23603,2,,,1,30,,23602,2,,,1,70,,23589,2,,,1,30,,23596,2,,,1,70,,23599,2,,,1,30,,23582,2,,,1,70,,23606,2,,,1,30,,23590,2,,,1,70,,23600,2,,,1,30,,23584,2,,,1,70,,23587,2,,,1,30,,23601,2,,,1,70,,23598,2,,,1,30,,23588,2,,,1,70,,23592,2,,,1,30,,23594,2,,,1,70,,23605,2,,,1,30,,23591,2,,,1,70,,23583,2,,,1,30,,23585,2,,,1,70,,23604,2,,,1,30,,23597,2,,,1
11000,'9',630,,23620,2,,,1,70,,23613,2,,,1,30,,23631,2,,,1,70,,23615,2,,,1,30,,23612,2,,,1,70,,23626,2,,,1,30,,23628,2,,,1,70,,23608,2,,,1,30,,23629,2,,,1,70,,23611,2,,,1,30,,23609,2,,,1,70,,23610,2,,,1,30,,23630,2,,,1,70,,23621,2,,,1,30,,23616,2,,,1,70,,23627,2,,,1,30,,23623,2,,,1,70,,23614,2,,,1,30,,23622,2,,,1,70,,23607,2,,,1,30,,23625,2,,,1,70,,23618,2,,,1,30,,23624,2,,,1,70,,23619,2,,,1,30,,23617,2,,,1
