10501,'1',636,,21326,18,,,1,100,,21351,18,,,1,70,,21333,18,,,1,30,,21342,18,,,1,70,,21345,18,,,1,30,,21340,18,,,1,70,,21324,18,,,1,30,,21349,18,,,1,100,,21335,18,,,1,100,,21352,18,,,1,100,,21338,18,,,1,100,,21323,18,,,1,100,,21327,18,,,1,70,,21329,18,,,1,30,,21353,18,,,1,70,,21322,18,,,1,30,,21336,18,,,1,70,,21344,18,,,1,30,,21321,18,,,1
10501,'2',636,,21376,18,,,1,100,,21379,18,,,1,70,,21387,18,,,1,30,,21369,18,,,1,70,,21378,18,,,1,30,,21377,18,,,1,70,,21372,18,,,1,30,,21386,18,,,1,100,,21383,18,,,1,100,,21357,18,,,1,100,,21382,18,,,1,100,,21374,18,,,1,100,,18132,18,,,1,70,,21373,18,,,1,30,,21367,18,,,1,70,,21368,18,,,1,30,,21359,18,,,1,70,,17299,18,,,1,30,,21389,18,,,1
10501,'3',636,,21427,18,,,1,100,,21408,18,,,1,70,,21407,18,,,1,30,,21392,18,,,1,70,,21406,18,,,1,30,,21393,18,,,1,70,,21414,18,,,1,30,,21424,18,,,1,100,,21409,18,,,1,100,,21397,18,,,1,100,,21423,18,,,1,100,,21403,18,,,1,100,,21401,18,,,1,70,,21398,18,,,1,30,,21396,18,,,1,70,,21425,18,,,1,30,,21390,18,,,1,70,,21400,18,,,1,30,,21417,18,,,1
10501,'4',636,,21446,18,,,1,100,,21465,18,,,1,70,,21459,18,,,1,30,,21444,18,,,1,70,,21432,18,,,1,30,,21464,18,,,1,70,,21452,18,,,1,30,,21463,18,,,1,100,,21450,18,,,1,100,,21435,18,,,1,100,,21454,18,,,1,100,,21461,18,,,1,100,,21458,18,,,1,70,,21436,18,,,1,30,,21430,18,,,1,70,,21456,18,,,1,30,,21460,18,,,1,70,,21453,18,,,1,30,,21455,18,,,1
10501,'5',636,,21498,18,,,1,100,,21493,18,,,1,70,,21499,18,,,1,30,,21469,18,,,1,70,,21476,18,,,1,30,,21473,18,,,1,70,,21478,18,,,1,30,,21501,18,,,1,100,,21490,18,,,1,100,,21486,18,,,1,100,,21470,18,,,1,100,,21475,18,,,1,100,,21481,18,,,1,70,,21492,18,,,1,30,,21484,18,,,1,70,,21485,18,,,1,30,,21489,18,,,1,70,,21471,18,,,1,30,,21477,18,,,1
10501,'7',636,,21536,18,,,1,100,,21512,18,,,1,70,,21506,18,,,1,30,,21504,18,,,1,70,,21529,18,,,1,30,,21526,18,,,1,70,,21532,18,,,1,30,,21527,18,,,1,100,,21509,18,,,1,100,,21505,18,,,1,100,,21537,18,,,1,100,,21534,18,,,1,100,,21517,18,,,1,70,,21514,18,,,1,30,,21513,18,,,1,70,,21519,18,,,1,30,,21530,18,,,1,70,,21528,18,,,1,30,,21515,18,,,1
10501,'8',636,,21561,18,,,1,100,,21559,18,,,1,70,,21552,18,,,1,30,,21560,18,,,1,70,,21544,18,,,1,30,,21562,18,,,1,70,,21556,18,,,1,30,,21542,18,,,1,100,,21555,18,,,1,100,,21557,18,,,1,100,,21551,18,,,1,100,,21549,18,,,1,100,,21547,18,,,1,70,,21576,18,,,1,30,,21566,18,,,1,70,,21550,18,,,1,30,,21546,18,,,1,70,,21563,18,,,1,30,,21575,18,,,1
10501,'9',636,,21596,18,,,1,100,,21591,18,,,1,70,,21586,18,,,1,30,,21614,18,,,1,70,,21610,18,,,1,30,,21611,18,,,1,70,,21615,18,,,1,30,,21597,18,,,1,100,,21617,18,,,1,100,,21600,18,,,1,100,,21606,18,,,1,100,,21594,18,,,1,100,,21581,18,,,1,70,,21592,18,,,1,30,,21607,18,,,1,70,,21603,18,,,1,30,,21601,18,,,1,70,,21590,18,,,1,30,,21598,18,,,1
11300,'1',626,,24507,11,,,1,100,,24518,11,,,1,100,,24513,11,,,1,100,,24510,11,,,1,100,,24522,11,,,1,100,,19261,11,,,1,100,,24521,11,,,1,100,,24506,11,,,1,100,,24525,11,,,1,100,,24532,11,,,1,100,,24523,11,,,1,100,,24528,11,,,1,100,,24527,11,,,1
11300,'2',626,,24538,11,,,1,100,,24542,11,,,1,100,,24556,11,,,1,100,,24552,11,,,1,100,,24548,11,,,1,100,,24534,11,,,1,100,,24546,11,,,1,100,,24533,11,,,1,100,,24563,11,,,1,100,,24570,11,,,1,100,,24541,11,,,1,100,,24566,11,,,1,100,,24557,11,,,1
11300,'3',626,,24609,11,,,1,100,,24582,11,,,1,100,,24573,11,,,1,100,,24586,11,,,1,100,,24575,11,,,1,100,,24606,11,,,1,100,,24580,11,,,1,100,,24594,11,,,1,100,,24592,11,,,1,100,,24591,11,,,1,100,,24576,11,,,1,100,,24598,11,,,1,100,,24574,11,,,1
11300,'4',626,,24637,11,,,1,100,,24647,11,,,1,100,,24642,11,,,1,100,,24634,11,,,1,100,,24619,11,,,1,100,,24628,11,,,1,100,,24630,11,,,1,100,,24618,11,,,1,100,,24617,11,,,1,100,,24629,11,,,1,100,,24633,11,,,1,100,,24632,11,,,1,100,,24643,11,,,1
11300,'5',626,,24671,11,,,1,100,,24668,11,,,1,100,,24653,11,,,1,100,,24652,11,,,1,100,,24674,11,,,1,100,,24667,11,,,1,100,,24686,11,,,1,100,,24658,11,,,1,100,,24650,11,,,1,100,,24682,11,,,1,100,,24679,11,,,1,100,,24675,11,,,1,100,,24677,11,,,1
11300,'7',626,,24711,11,,,1,100,,24719,11,,,1,100,,24724,11,,,1,100,,24700,11,,,1,100,,24716,11,,,1,100,,24718,11,,,1,100,,24726,11,,,1,100,,24720,11,,,1,100,,24709,11,,,1,100,,24703,11,,,1,100,,24696,11,,,1,100,,24704,11,,,1,100,,24722,11,,,1
11300,'8',626,,24759,11,,,1,100,,24727,11,,,1,100,,24758,11,,,1,100,,24755,11,,,1,100,,24764,11,,,1,100,,24730,11,,,1,100,,24751,11,,,1,100,,24754,11,,,1,100,,24752,11,,,1,100,,24765,11,,,1,100,,24729,11,,,1,100,,24756,11,,,1,100,,24744,11,,,1
11300,'9',626,,24778,11,,,1,100,,24797,11,,,1,100,,24795,11,,,1,100,,24766,11,,,1,100,,24772,11,,,1,100,,24801,11,,,1,100,,24803,11,,,1,100,,24773,11,,,1,100,,24770,11,,,1,100,,24787,11,,,1,100,,24798,11,,,1,100,,24768,11,,,1,100,,24780,11,,,1
20501,'1',1935,,18082,18,,,1,100,,27311,18,,,1,100,,27314,18,,,1,100,,27316,18,,,1
20501,'10',735,,27340,18,,,1,100,,27344,18,,,1,100,,27327,18,,,1,100,,27335,18,,,1,100,,27339,18,,,1,100,,27320,18,,,1,100,,27326,18,,,1,100,,27338,18,,,1,100,,27324,18,,,1,100,,27325,18,,,1,100,,27322,18,,,1,100,,27334,18,,,1,100,,27333,18,,,1,100,,27341,18,,,1
20501,'11',735,,27354,18,,,1,100,,27350,18,,,1,100,,27362,18,,,1,100,,27347,18,,,1,100,,27355,18,,,1,100,,27359,18,,,1,100,,27372,18,,,1,100,,27364,18,,,1,100,,27357,18,,,1,100,,27371,18,,,1,100,,27373,18,,,1,100,,27353,18,,,1,100,,27369,18,,,1,100,,27356,18,,,1
20501,'2',1935,,27378,18,,,1,100,,27376,18,,,1,100,,27379,18,,,1,100,,27377,18,,,1
20501,'3',1935,,27389,18,,,1,100,,27383,18,,,1,100,,27387,18,,,1,100,,27382,18,,,1
20501,'4',1935,,27393,18,,,1,100,,27395,18,,,1,100,,27392,18,,,1,100,,27394,18,,,1
20501,'5',1935,,27405,18,,,1,100,,27401,18,,,1,100,,27402,18,,,1,100,,27399,18,,,1
20501,'6',735,,27408,18,,,1,100,,27432,18,,,1,100,,27424,18,,,1,100,,27433,18,,,1,100,,27417,18,,,1,100,,27412,18,,,1,100,,27420,18,,,1,100,,27410,18,,,1,100,,27430,18,,,1,100,,27411,18,,,1,100,,27429,18,,,1,100,,27406,18,,,1,100,,27409,18,,,1,100,,27426,18,,,1
20501,'7',1935,,27438,18,,,1,100,,27439,18,,,1,100,,27441,18,,,1,100,,27437,18,,,1
20501,'8',1935,,27445,18,,,1,100,,27449,18,,,1,100,,27443,18,,,1,100,,27447,18,,,1
20501,'9',1935,,27457,18,,,1,100,,27452,18,,,1,100,,27450,18,,,1,100,,27453,18,,,1
21300,'1',1926,,28956,11,,,1,100,,28955,11,,,1,100,,28957,11,,,1,100,,28954,11,,,1
21300,'10',726,,28959,11,,,1,100,,28970,11,,,1,100,,28966,11,,,1,100,,28964,11,,,1,100,,28962,11,,,1,100,,28961,11,,,1,100,,28969,11,,,1,100,,28960,11,,,1,100,,28965,11,,,1,100,,28958,11,,,1,100,,28963,11,,,1,100,,28968,11,,,1,100,,28967,11,,,1
21300,'11',726,,28980,11,,,1,100,,28978,11,,,1,100,,28974,11,,,1,100,,28983,11,,,1,100,,28982,11,,,1,100,,28972,11,,,1,100,,28981,11,,,1,100,,28973,11,,,1,100,,28979,11,,,1,100,,28977,11,,,1,100,,28971,11,,,1,100,,28976,11,,,1,100,,28975,11,,,1
21300,'2',1926,,28985,11,,,1,100,,28987,11,,,1,100,,28986,11,,,1,100,,28984,11,,,1
21300,'3',1926,,28989,11,,,1,100,,28988,11,,,1,100,,28990,11,,,1,100,,28991,11,,,1
21300,'4',1926,,28992,11,,,1,100,,28993,11,,,1,100,,28994,11,,,1,100,,28995,11,,,1
21300,'5',1926,,28998,11,,,1,100,,28996,11,,,1,100,,28999,11,,,1,100,,28997,11,,,1
21300,'6',726,,29009,11,,,1,100,,29010,11,,,1,100,,29003,11,,,1,100,,29002,11,,,1,100,,29000,11,,,1,100,,29005,11,,,1,100,,29001,11,,,1,100,,29008,11,,,1,100,,29006,11,,,1,100,,29011,11,,,1,100,,29004,11,,,1,100,,29007,11,,,1,100,,29012,11,,,1
21300,'7',1926,,29015,11,,,1,100,,29016,11,,,1,100,,29014,11,,,1,100,,29013,11,,,1
21300,'8',1926,,29018,11,,,1,100,,29020,11,,,1,100,,29019,11,,,1,100,,29017,11,,,1
21300,'9',1926,,29023,11,,,1,100,,29021,11,,,1,100,,29024,11,,,1,100,,29022,11,,,1
