11601,'1',612,,26176,9,0,9 3 10 16,1,30,,26150,9,0,9 3 10 16,1,70,,26158,9,0,9 3 10 16,1,30,,26170,9,0,9 3 10 16,1,70,,18245,9,0,9 3 10 16,1,30,,26144,9,0,9 3 10 16,1,70,,26173,9,0,9 3 10 16,1,30,,26135,9,0,9 3 10 16,1,70,,26136,9,0,9 3 10 16,1,30,,26161,9,0,9 3 10 16,1,70,,26160,9,0,9 3 10 16,1,30,,26155,9,0,9 3 10 16,1,70,,26137,9,0,9 3 10 16,1,30,,26174,9,0,9 3 10 16,1,70,,26143,9,0,9 3 10 16,1,30,,26172,9,0,9 3 10 16,1,70,,26148,9,0,9 3 10 16,1,30,,26142,9,0,9 3 10 16,1,70,,26157,9,0,9 3 10 16,1,30,,26162,9,0,9 3 10 16,1,70,,26154,9,0,9 3 10 16,1,30,,26168,9,0,9 3 10 16,1,70,,26163,9,0,9 3 10 16,1,30,,19734,9,0,9 3 10 16,1
11601,'2',612,,26218,9,0,9 3 10 16,1,30,,26192,9,0,9 3 10 16,1,70,,26223,9,0,9 3 10 16,1,30,,26219,9,0,9 3 10 16,1,70,,26188,9,0,9 3 10 16,1,30,,26193,9,0,9 3 10 16,1,70,,26214,9,0,9 3 10 16,1,30,,26208,9,0,9 3 10 16,1,70,,26182,9,0,9 3 10 16,1,30,,26217,9,0,9 3 10 16,1,70,,26178,9,0,9 3 10 16,1,30,,26215,9,0,9 3 10 16,1,70,,26221,9,0,9 3 10 16,1,30,,26194,9,0,9 3 10 16,1,70,,26186,9,0,9 3 10 16,1,30,,26195,9,0,9 3 10 16,1,70,,26203,9,0,9 3 10 16,1,30,,26211,9,0,9 3 10 16,1,70,,26189,9,0,9 3 10 16,1,30,,26213,9,0,9 3 10 16,1,70,,26181,9,0,9 3 10 16,1,30,,26212,9,0,9 3 10 16,1,70,,26198,9,0,9 3 10 16,1,30,,26185,9,0,9 3 10 16,1
11601,'3',612,,26226,9,0,9 3 10 16,1,30,,26268,9,0,9 3 10 16,1,70,,26227,9,0,9 3 10 16,1,30,,26251,9,0,9 3 10 16,1,70,,26266,9,0,9 3 10 16,1,30,,26244,9,0,9 3 10 16,1,70,,26256,9,0,9 3 10 16,1,30,,26264,9,0,9 3 10 16,1,70,,26254,9,0,9 3 10 16,1,30,,26271,9,0,9 3 10 16,1,70,,26260,9,0,9 3 10 16,1,30,,26252,9,0,9 3 10 16,1,70,,26224,9,0,9 3 10 16,1,30,,26237,9,0,9 3 10 16,1,70,,26232,9,0,9 3 10 16,1,30,,26267,9,0,9 3 10 16,1,70,,26259,9,0,9 3 10 16,1,30,,26258,9,0,9 3 10 16,1,70,,26253,9,0,9 3 10 16,1,30,,26249,9,0,9 3 10 16,1,70,,26243,9,0,9 3 10 16,1,30,,26257,9,0,9 3 10 16,1,70,,26228,9,0,9 3 10 16,1,30,,26262,9,0,9 3 10 16,1
11601,'4',612,,26272,9,0,9 3 10 16,1,30,,26300,9,0,9 3 10 16,1,70,,26294,9,0,9 3 10 16,1,30,,26291,9,0,9 3 10 16,1,70,,26309,9,0,9 3 10 16,1,30,,26312,9,0,9 3 10 16,1,70,,26285,9,0,9 3 10 16,1,30,,26315,9,0,9 3 10 16,1,70,,26313,9,0,9 3 10 16,1,30,,26306,9,0,9 3 10 16,1,70,,26318,9,0,9 3 10 16,1,30,,26308,9,0,9 3 10 16,1,70,,26289,9,0,9 3 10 16,1,30,,26288,9,0,9 3 10 16,1,70,,26273,9,0,9 3 10 16,1,30,,26317,9,0,9 3 10 16,1,70,,26293,9,0,9 3 10 16,1,30,,26319,9,0,9 3 10 16,1,70,,26286,9,0,9 3 10 16,1,30,,26292,9,0,9 3 10 16,1,70,,26298,9,0,9 3 10 16,1,30,,26279,9,0,9 3 10 16,1,70,,26314,9,0,9 3 10 16,1,30,,26282,9,0,9 3 10 16,1
11601,'5',612,,26349,9,0,9 3 10 16,1,30,,26356,9,0,9 3 10 16,1,70,,26351,9,0,9 3 10 16,1,30,,26347,9,0,9 3 10 16,1,70,,26366,9,0,9 3 10 16,1,30,,26339,9,0,9 3 10 16,1,70,,26324,9,0,9 3 10 16,1,30,,26361,9,0,9 3 10 16,1,70,,26340,9,0,9 3 10 16,1,30,,26336,9,0,9 3 10 16,1,70,,26331,9,0,9 3 10 16,1,30,,26364,9,0,9 3 10 16,1,70,,26363,9,0,9 3 10 16,1,30,,26342,9,0,9 3 10 16,1,70,,26321,9,0,9 3 10 16,1,30,,26344,9,0,9 3 10 16,1,70,,26338,9,0,9 3 10 16,1,30,,26325,9,0,9 3 10 16,1,70,,26357,9,0,9 3 10 16,1,30,,26322,9,0,9 3 10 16,1,70,,26354,9,0,9 3 10 16,1,30,,26337,9,0,9 3 10 16,1,70,,26350,9,0,9 3 10 16,1,30,,26323,9,0,9 3 10 16,1
11601,'7',612,,26387,9,0,9 3 10 16,1,30,,26403,9,0,9 3 10 16,1,70,,26410,9,0,9 3 10 16,1,30,,26402,9,0,9 3 10 16,1,70,,26401,9,0,9 3 10 16,1,30,,26414,9,0,9 3 10 16,1,70,,26379,9,0,9 3 10 16,1,30,,26371,9,0,9 3 10 16,1,70,,26377,9,0,9 3 10 16,1,30,,26397,9,0,9 3 10 16,1,70,,26393,9,0,9 3 10 16,1,30,,26399,9,0,9 3 10 16,1,70,,26388,9,0,9 3 10 16,1,30,,26382,9,0,9 3 10 16,1,70,,26407,9,0,9 3 10 16,1,30,,26409,9,0,9 3 10 16,1,70,,26381,9,0,9 3 10 16,1,30,,26370,9,0,9 3 10 16,1,70,,26392,9,0,9 3 10 16,1,30,,26374,9,0,9 3 10 16,1,70,,26368,9,0,9 3 10 16,1,30,,26395,9,0,9 3 10 16,1,70,,26389,9,0,9 3 10 16,1,30,,26396,9,0,9 3 10 16,1
11601,'8',612,,26448,9,0,9 3 10 16,1,30,,26422,9,0,9 3 10 16,1,70,,26445,9,0,9 3 10 16,1,30,,26436,9,0,9 3 10 16,1,70,,26419,9,0,9 3 10 16,1,30,,26441,9,0,9 3 10 16,1,70,,26462,9,0,9 3 10 16,1,30,,26432,9,0,9 3 10 16,1,70,,26460,9,0,9 3 10 16,1,30,,26433,9,0,9 3 10 16,1,70,,26455,9,0,9 3 10 16,1,30,,26451,9,0,9 3 10 16,1,70,,26423,9,0,9 3 10 16,1,30,,26440,9,0,9 3 10 16,1,70,,26434,9,0,9 3 10 16,1,30,,26420,9,0,9 3 10 16,1,70,,26439,9,0,9 3 10 16,1,30,,26437,9,0,9 3 10 16,1,70,,26443,9,0,9 3 10 16,1,30,,26454,9,0,9 3 10 16,1,70,,26431,9,0,9 3 10 16,1,30,,26457,9,0,9 3 10 16,1,70,,26459,9,0,9 3 10 16,1,30,,26417,9,0,9 3 10 16,1
11601,'9',612,,26479,9,0,9 3 10 16,1,30,,26500,9,0,9 3 10 16,1,70,,26481,9,0,9 3 10 16,1,30,,26480,9,0,9 3 10 16,1,70,,26486,9,0,9 3 10 16,1,30,,26504,9,0,9 3 10 16,1,70,,26466,9,0,9 3 10 16,1,30,,26492,9,0,9 3 10 16,1,70,,26478,9,0,9 3 10 16,1,30,,26507,9,0,9 3 10 16,1,70,,26505,9,0,9 3 10 16,1,30,,26508,9,0,9 3 10 16,1,70,,26475,9,0,9 3 10 16,1,30,,26471,9,0,9 3 10 16,1,70,,26476,9,0,9 3 10 16,1,30,,26490,9,0,9 3 10 16,1,70,,26502,9,0,9 3 10 16,1,30,,26464,9,0,9 3 10 16,1,70,,26501,9,0,9 3 10 16,1,30,,26511,9,0,9 3 10 16,1,70,,26484,9,0,9 3 10 16,1,30,,26472,9,0,9 3 10 16,1,70,,26470,9,0,9 3 10 16,1,30,,26465,9,0,9 3 10 16,1
21601,'1',1812,,29753,9,0,9 3 10 16,1,30,,29769,9,0,9 3 10 16,1,70,,29764,9,0,9 3 10 16,1,30,,29759,9,0,9 3 10 16,1,70,,29762,9,0,9 3 10 16,1,30,,29765,9,0,9 3 10 16,1,70,,29760,9,0,9 3 10 16,1,30,,18110,9,0,9 3 10 16,1,70,,29756,9,0,9 3 10 16,1,30,,29751,9,0,9 3 10 16,1,70,,29755,9,0,9 3 10 16,1
21601,'10',642,,29788,9,0,9 3 10 16,1,70,,29802,9,0,9 3 10 16,1,30,,29774,9,0,9 3 10 16,1,70,,29812,9,0,9 3 10 16,1,30,,29825,9,0,9 3 10 16,1,70,,29796,9,0,9 3 10 16,1,30,,29775,9,0,9 3 10 16,1,70,,29797,9,0,9 3 10 16,1,30,,29823,9,0,9 3 10 16,1,70,,29781,9,0,9 3 10 16,1,30,,29805,9,0,9 3 10 16,1,70,,29776,9,0,9 3 10 16,1,30,,29814,9,0,9 3 10 16,1,70,,29827,9,0,9 3 10 16,1,30,,29810,9,0,9 3 10 16,1,70,,29773,9,0,9 3 10 16,1,30,,29790,9,0,9 3 10 16,1,70,,29809,9,0,9 3 10 16,1,30,,29824,9,0,9 3 10 16,1,70,,29777,9,0,9 3 10 16,1,30,,29826,9,0,9 3 10 16,1,70,,29785,9,0,9 3 10 16,1,30,,29807,9,0,9 3 10 16,1,70,,29804,9,0,9 3 10 16,1,30,,18981,9,0,9 3 10 16,1,70,,29779,9,0,9 3 10 16,1,30,,29786,9,0,9 3 10 16,1,70,,29808,9,0,9 3 10 16,1,30,,29822,9,0,9 3 10 16,1
21601,'11',642,,29877,9,0,9 3 10 16,1,70,,29860,9,0,9 3 10 16,1,30,,29853,9,0,9 3 10 16,1,70,,29874,9,0,9 3 10 16,1,30,,29850,9,0,9 3 10 16,1,70,,29867,9,0,9 3 10 16,1,30,,29849,9,0,9 3 10 16,1,70,,29852,9,0,9 3 10 16,1,30,,29882,9,0,9 3 10 16,1,70,,29857,9,0,9 3 10 16,1,30,,29868,9,0,9 3 10 16,1,70,,29880,9,0,9 3 10 16,1,30,,29836,9,0,9 3 10 16,1,70,,29844,9,0,9 3 10 16,1,30,,29866,9,0,9 3 10 16,1,70,,29871,9,0,9 3 10 16,1,30,,29859,9,0,9 3 10 16,1,70,,29875,9,0,9 3 10 16,1,30,,29873,9,0,9 3 10 16,1,70,,29864,9,0,9 3 10 16,1,30,,29838,9,0,9 3 10 16,1,70,,29851,9,0,9 3 10 16,1,30,,29870,9,0,9 3 10 16,1,70,,29884,9,0,9 3 10 16,1,30,,29856,9,0,9 3 10 16,1,70,,29876,9,0,9 3 10 16,1,30,,29831,9,0,9 3 10 16,1,70,,29886,9,0,9 3 10 16,1,30,,29841,9,0,9 3 10 16,1
21601,'2',1812,,29904,9,0,9 3 10 16,1,30,,29892,9,0,9 3 10 16,1,70,,29893,9,0,9 3 10 16,1,30,,29899,9,0,9 3 10 16,1,70,,29903,9,0,9 3 10 16,1,30,,29888,9,0,9 3 10 16,1,70,,29906,9,0,9 3 10 16,1,30,,29889,9,0,9 3 10 16,1,70,,29905,9,0,9 3 10 16,1,30,,29897,9,0,9 3 10 16,1,70,,29898,9,0,9 3 10 16,1
21601,'3',1812,,29913,9,0,9 3 10 16,1,30,,29926,9,0,9 3 10 16,1,70,,29911,9,0,9 3 10 16,1,30,,29910,9,0,9 3 10 16,1,70,,29919,9,0,9 3 10 16,1,30,,29923,9,0,9 3 10 16,1,70,,29927,9,0,9 3 10 16,1,30,,29909,9,0,9 3 10 16,1,70,,29914,9,0,9 3 10 16,1,30,,29915,9,0,9 3 10 16,1,70,,29917,9,0,9 3 10 16,1
21601,'4',1812,,29950,9,0,9 3 10 16,1,30,,29936,9,0,9 3 10 16,1,70,,29941,9,0,9 3 10 16,1,30,,29934,9,0,9 3 10 16,1,70,,29943,9,0,9 3 10 16,1,30,,29938,9,0,9 3 10 16,1,70,,29949,9,0,9 3 10 16,1,30,,29946,9,0,9 3 10 16,1,70,,29948,9,0,9 3 10 16,1,30,,29931,9,0,9 3 10 16,1,70,,29939,9,0,9 3 10 16,1
21601,'5',1812,,29959,9,0,9 3 10 16,1,30,,29958,9,0,9 3 10 16,1,70,,29961,9,0,9 3 10 16,1,30,,29969,9,0,9 3 10 16,1,70,,29965,9,0,9 3 10 16,1,30,,29968,9,0,9 3 10 16,1,70,,29964,9,0,9 3 10 16,1,30,,29955,9,0,9 3 10 16,1,70,,29971,9,0,9 3 10 16,1,30,,29962,9,0,9 3 10 16,1,70,,29972,9,0,9 3 10 16,1
21601,'6',642,,29990,9,0,9 3 10 16,1,70,,29985,9,0,9 3 10 16,1,30,,30008,9,0,9 3 10 16,1,70,,30003,9,0,9 3 10 16,1,30,,30002,9,0,9 3 10 16,1,70,,30014,9,0,9 3 10 16,1,30,,30028,9,0,9 3 10 16,1,70,,29986,9,0,9 3 10 16,1,30,,29994,9,0,9 3 10 16,1,70,,30024,9,0,9 3 10 16,1,30,,30029,9,0,9 3 10 16,1,70,,29981,9,0,9 3 10 16,1,30,,29979,9,0,9 3 10 16,1,70,,30025,9,0,9 3 10 16,1,30,,29980,9,0,9 3 10 16,1,70,,29988,9,0,9 3 10 16,1,30,,29992,9,0,9 3 10 16,1,70,,30021,9,0,9 3 10 16,1,30,,29975,9,0,9 3 10 16,1,70,,30004,9,0,9 3 10 16,1,30,,29983,9,0,9 3 10 16,1,70,,29987,9,0,9 3 10 16,1,30,,30000,9,0,9 3 10 16,1,70,,30019,9,0,9 3 10 16,1,30,,30009,9,0,9 3 10 16,1,70,,30007,9,0,9 3 10 16,1,30,,30011,9,0,9 3 10 16,1,70,,30030,9,0,9 3 10 16,1,30,,29995,9,0,9 3 10 16,1
21601,'7',1812,,30052,9,0,9 3 10 16,1,30,,30053,9,0,9 3 10 16,1,70,,30043,9,0,9 3 10 16,1,30,,30035,9,0,9 3 10 16,1,70,,30033,9,0,9 3 10 16,1,30,,30047,9,0,9 3 10 16,1,70,,30045,9,0,9 3 10 16,1,30,,30041,9,0,9 3 10 16,1,70,,30050,9,0,9 3 10 16,1,30,,30036,9,0,9 3 10 16,1,70,,30038,9,0,9 3 10 16,1
21601,'8',1812,,30072,9,0,9 3 10 16,1,30,,30066,9,0,9 3 10 16,1,70,,30062,9,0,9 3 10 16,1,30,,30055,9,0,9 3 10 16,1,70,,30063,9,0,9 3 10 16,1,30,,30061,9,0,9 3 10 16,1,70,,30067,9,0,9 3 10 16,1,30,,30054,9,0,9 3 10 16,1,70,,30057,9,0,9 3 10 16,1,30,,30073,9,0,9 3 10 16,1,70,,30075,9,0,9 3 10 16,1
21601,'9',1812,,30076,9,0,9 3 10 16,1,30,,30097,9,0,9 3 10 16,1,70,,30092,9,0,9 3 10 16,1,30,,30079,9,0,9 3 10 16,1,70,,30077,9,0,9 3 10 16,1,30,,30083,9,0,9 3 10 16,1,70,,30087,9,0,9 3 10 16,1,30,,30091,9,0,9 3 10 16,1,70,,30090,9,0,9 3 10 16,1,30,,30094,9,0,9 3 10 16,1,70,,30081,9,0,9 3 10 16,1
