11301,'1',654,,24838,18,,,1,100,,24841,18,,,1,100,,18571,18,,,1,100,,24833,18,,,1,100,,24815,18,,,1,100,,24822,18,,,1,100,,24837,18,,,1,100,,17395,18,,,1,100,,24817,18,,,1,100,,24832,18,,,1,100,,24834,18,,,1,100,,24806,18,,,1,100,,24827,18,,,1
11301,'2',654,,24868,18,,,1,100,,24856,18,,,1,100,,24864,18,,,1,100,,24869,18,,,1,100,,14749,18,,,1,100,,24854,18,,,1,100,,24852,18,,,1,100,,24857,18,,,1,100,,24858,18,,,1,100,,24855,18,,,1,100,,24845,18,,,1,100,,24860,18,,,1,100,,24875,18,,,1
11301,'3',654,,24903,18,,,1,100,,24895,18,,,1,100,,24896,18,,,1,100,,24894,18,,,1,100,,24890,18,,,1,100,,24905,18,,,1,100,,24904,18,,,1,100,,24886,18,,,1,100,,24916,18,,,1,100,,24907,18,,,1,100,,24882,18,,,1,100,,24901,18,,,1,100,,24887,18,,,1
11301,'4',654,,24926,18,,,1,100,,24921,18,,,1,100,,24951,18,,,1,100,,24932,18,,,1,100,,24939,18,,,1,100,,24928,18,,,1,100,,24956,18,,,1,100,,24954,18,,,1,100,,24955,18,,,1,100,,24959,18,,,1,100,,24933,18,,,1,100,,24937,18,,,1,100,,24938,18,,,1
11301,'5',654,,24978,18,,,1,100,,24996,18,,,1,100,,24972,18,,,1,100,,24990,18,,,1,100,,24964,18,,,1,100,,24992,18,,,1,100,,24999,18,,,1,100,,24976,18,,,1,100,,24981,18,,,1,100,,24984,18,,,1,100,,24987,18,,,1,100,,24985,18,,,1,100,,24986,18,,,1
11301,'7',654,,25037,18,,,1,100,,25015,18,,,1,100,,25024,18,,,1,100,,25031,18,,,1,100,,25028,18,,,1,100,,25006,18,,,1,100,,25020,18,,,1,100,,25021,18,,,1,100,,25038,18,,,1,100,,25016,18,,,1,100,,25030,18,,,1,100,,25036,18,,,1,100,,25005,18,,,1
11301,'8',654,,25051,18,,,1,100,,25043,18,,,1,100,,25062,18,,,1,100,,25064,18,,,1,100,,25075,18,,,1,100,,25082,18,,,1,100,,25083,18,,,1,100,,25081,18,,,1,100,,25057,18,,,1,100,,25060,18,,,1,100,,25070,18,,,1,100,,25048,18,,,1,100,,25066,18,,,1
11301,'9',654,,25101,18,,,1,100,,25095,18,,,1,100,,25117,18,,,1,100,,25114,18,,,1,100,,25122,18,,,1,100,,25105,18,,,1,100,,25115,18,,,1,100,,25094,18,,,1,100,,25085,18,,,1,100,,25090,18,,,1,100,,25087,18,,,1,100,,25119,18,,,1,100,,25084,18,,,1
21301,'1',1954,,29030,18,,,1,100,,29026,18,,,1,100,,29027,18,,,1,100,,29032,18,,,1
21301,'10',754,,29048,18,,,1,100,,29059,18,,,1,100,,29056,18,,,1,100,,29053,18,,,1,100,,29044,18,,,1,100,,29072,18,,,1,100,,29052,18,,,1,100,,29065,18,,,1,100,,29067,18,,,1,100,,29042,18,,,1,100,,29071,18,,,1,100,,29074,18,,,1,100,,29046,18,,,1
21301,'11',754,,29100,18,,,1,100,,29081,18,,,1,100,,29085,18,,,1,100,,29109,18,,,1,100,,29083,18,,,1,100,,29098,18,,,1,100,,29094,18,,,1,100,,29115,18,,,1,100,,29105,18,,,1,100,,29112,18,,,1,100,,29092,18,,,1,100,,29084,18,,,1,100,,29088,18,,,1
21301,'2',1954,,29119,18,,,1,100,,29117,18,,,1,100,,29120,18,,,1,100,,29122,18,,,1
21301,'3',1954,,29132,18,,,1,100,,29129,18,,,1,100,,29133,18,,,1,100,,29135,18,,,1
21301,'4',1954,,29138,18,,,1,100,,29141,18,,,1,100,,29137,18,,,1,100,,29145,18,,,1
21301,'5',1954,,29158,18,,,1,100,,29157,18,,,1,100,,29155,18,,,1,100,,29150,18,,,1
21301,'6',754,,29177,18,,,1,100,,29162,18,,,1,100,,29195,18,,,1,100,,29178,18,,,1,100,,29161,18,,,1,100,,29171,18,,,1,100,,29159,18,,,1,100,,29185,18,,,1,100,,29180,18,,,1,100,,29167,18,,,1,100,,29189,18,,,1,100,,29176,18,,,1,100,,29182,18,,,1
21301,'7',1954,,29208,18,,,1,100,,29202,18,,,1,100,,29203,18,,,1,100,,29207,18,,,1
21301,'8',1954,,29218,18,,,1,100,,29212,18,,,1,100,,29213,18,,,1,100,,29215,18,,,1
21301,'9',1954,,29231,18,,,1,100,,29230,18,,,1,100,,29222,18,,,1,100,,29224,18,,,1
