10501,'1',626,,21326,3,,,1,100,,21351,3,,,1,30,,21333,3,,,1,70,,21342,3,,,1,30,,21345,3,,,1,70,,21340,3,,,1,30,,21324,3,,,1,70,,21349,3,,,1,100,,21335,3,,,1,100,,21352,3,,,1,100,,21338,3,,,1,100,,21323,3,,,1,100,,21327,3,,,1,30,,21329,3,,,1,70,,21353,3,,,1,30,,21322,3,,,1,70,,21336,3,,,1,30,,21344,3,,,1,70,,21321,3,,,1
10501,'2',626,,21376,3,,,1,100,,21379,3,,,1,30,,21387,3,,,1,70,,21369,3,,,1,30,,21378,3,,,1,70,,21377,3,,,1,30,,21372,3,,,1,70,,21386,3,,,1,100,,21383,3,,,1,100,,21357,3,,,1,100,,21382,3,,,1,100,,21374,3,,,1,100,,18132,3,,,1,30,,21373,3,,,1,70,,21367,3,,,1,30,,21368,3,,,1,70,,21359,3,,,1,30,,17299,3,,,1,70,,21389,3,,,1
10501,'3',626,,21427,3,,,1,100,,21408,3,,,1,30,,21407,3,,,1,70,,21392,3,,,1,30,,21406,3,,,1,70,,21393,3,,,1,30,,21414,3,,,1,70,,21424,3,,,1,100,,21409,3,,,1,100,,21397,3,,,1,100,,21423,3,,,1,100,,21403,3,,,1,100,,21401,3,,,1,30,,21398,3,,,1,70,,21396,3,,,1,30,,21425,3,,,1,70,,21390,3,,,1,30,,21400,3,,,1,70,,21417,3,,,1
10501,'4',626,,21446,3,,,1,100,,21465,3,,,1,30,,21459,3,,,1,70,,21444,3,,,1,30,,21432,3,,,1,70,,21464,3,,,1,30,,21452,3,,,1,70,,21463,3,,,1,100,,21450,3,,,1,100,,21435,3,,,1,100,,21454,3,,,1,100,,21461,3,,,1,100,,21458,3,,,1,30,,21436,3,,,1,70,,21430,3,,,1,30,,21456,3,,,1,70,,21460,3,,,1,30,,21453,3,,,1,70,,21455,3,,,1
10501,'5',626,,21498,3,,,1,100,,21493,3,,,1,30,,21499,3,,,1,70,,21469,3,,,1,30,,21476,3,,,1,70,,21473,3,,,1,30,,21478,3,,,1,70,,21501,3,,,1,100,,21490,3,,,1,100,,21486,3,,,1,100,,21470,3,,,1,100,,21475,3,,,1,100,,21481,3,,,1,30,,21492,3,,,1,70,,21484,3,,,1,30,,21485,3,,,1,70,,21489,3,,,1,30,,21471,3,,,1,70,,21477,3,,,1
10501,'7',626,,21536,3,,,1,100,,21512,3,,,1,30,,21506,3,,,1,70,,21504,3,,,1,30,,21529,3,,,1,70,,21526,3,,,1,30,,21532,3,,,1,70,,21527,3,,,1,100,,21509,3,,,1,100,,21505,3,,,1,100,,21537,3,,,1,100,,21534,3,,,1,100,,21517,3,,,1,30,,21514,3,,,1,70,,21513,3,,,1,30,,21519,3,,,1,70,,21530,3,,,1,30,,21528,3,,,1,70,,21515,3,,,1
10501,'8',626,,21561,3,,,1,100,,21559,3,,,1,30,,21552,3,,,1,70,,21560,3,,,1,30,,21544,3,,,1,70,,21562,3,,,1,30,,21556,3,,,1,70,,21542,3,,,1,100,,21555,3,,,1,100,,21557,3,,,1,100,,21551,3,,,1,100,,21549,3,,,1,100,,21547,3,,,1,30,,21576,3,,,1,70,,21566,3,,,1,30,,21550,3,,,1,70,,21546,3,,,1,30,,21563,3,,,1,70,,21575,3,,,1
10501,'9',626,,21596,3,,,1,100,,21591,3,,,1,30,,21586,3,,,1,70,,21614,3,,,1,30,,21610,3,,,1,70,,21611,3,,,1,30,,21615,3,,,1,70,,21597,3,,,1,100,,21617,3,,,1,100,,21600,3,,,1,100,,21606,3,,,1,100,,21594,3,,,1,100,,21581,3,,,1,30,,21592,3,,,1,70,,21607,3,,,1,30,,21603,3,,,1,70,,21601,3,,,1,30,,21590,3,,,1,70,,21598,3,,,1
20501,'1',1925,,18082,3,,,1,100,,27311,3,,,1,100,,27314,3,,,1,100,,27316,3,,,1
20501,'10',725,,27340,3,,,1,100,,27344,3,,,1,100,,27327,3,,,1,100,,27335,3,,,1,100,,27339,3,,,1,100,,27320,3,,,1,100,,27326,3,,,1,100,,27338,3,,,1,100,,27324,3,,,1,100,,27325,3,,,1,100,,27322,3,,,1,100,,27334,3,,,1,100,,27333,3,,,1,100,,27341,3,,,1
20501,'11',725,,27354,3,,,1,100,,27350,3,,,1,100,,27362,3,,,1,100,,27347,3,,,1,100,,27355,3,,,1,100,,27359,3,,,1,100,,27372,3,,,1,100,,27364,3,,,1,100,,27357,3,,,1,100,,27371,3,,,1,100,,27373,3,,,1,100,,27353,3,,,1,100,,27369,3,,,1,100,,27356,3,,,1
20501,'2',1925,,27378,3,,,1,100,,27376,3,,,1,100,,27379,3,,,1,100,,27377,3,,,1
20501,'3',1925,,27389,3,,,1,100,,27383,3,,,1,100,,27387,3,,,1,100,,27382,3,,,1
20501,'4',1925,,27393,3,,,1,100,,27395,3,,,1,100,,27392,3,,,1,100,,27394,3,,,1
20501,'5',1925,,27405,3,,,1,100,,27401,3,,,1,100,,27402,3,,,1,100,,27399,3,,,1
20501,'6',725,,27408,3,,,1,100,,27432,3,,,1,100,,27424,3,,,1,100,,27433,3,,,1,100,,27417,3,,,1,100,,27412,3,,,1,100,,27420,3,,,1,100,,27410,3,,,1,100,,27430,3,,,1,100,,27411,3,,,1,100,,27429,3,,,1,100,,27406,3,,,1,100,,27409,3,,,1,100,,27426,3,,,1
20501,'7',1925,,27438,3,,,1,100,,27439,3,,,1,100,,27441,3,,,1,100,,27437,3,,,1
20501,'8',1925,,27445,3,,,1,100,,27449,3,,,1,100,,27443,3,,,1,100,,27447,3,,,1
20501,'9',1925,,27457,3,,,1,100,,27452,3,,,1,100,,27450,3,,,1,100,,27453,3,,,1
