10201,'1',640,,20174,16,0,7 1 8,1,70,,20184,16,0,7 1 8,1,30,,20178,16,0,7 1 8,1,70,,20176,16,0,7 1 8,1,30,,20177,16,0,7 1 8,1,70,,20188,16,0,7 1 8,1,30,,20189,16,0,7 1 8,1,100,,20179,16,0,7 1 8,1,100,,20182,16,0,7 1 8,1,100,,20185,16,0,7 1 8,1,100,,20180,16,0,7 1 8,1,100,,20173,16,0,7 1 8,1,70,,20186,16,0,7 1 8,1,30,,20187,16,0,7 1 8,1,70,,20175,16,0,7 1 8,1,30,,20190,16,0,7 1 8,1,70,,20181,16,0,7 1 8,1,30,,20183,16,0,7 1 8,1
10201,'2',640,,20197,16,0,7 1 8,1,70,,18261,16,0,7 1 8,1,30,,20199,16,0,7 1 8,1,70,,20195,16,0,7 1 8,1,30,,20202,16,0,7 1 8,1,70,,20203,16,0,7 1 8,1,30,,20201,16,0,7 1 8,1,100,,20205,16,0,7 1 8,1,100,,20196,16,0,7 1 8,1,100,,20194,16,0,7 1 8,1,100,,20191,16,0,7 1 8,1,100,,20204,16,0,7 1 8,1,70,,20206,16,0,7 1 8,1,30,,20200,16,0,7 1 8,1,70,,20198,16,0,7 1 8,1,30,,20207,16,0,7 1 8,1,70,,20193,16,0,7 1 8,1,30,,20192,16,0,7 1 8,1
10201,'3',640,,20213,16,0,7 1 8,1,70,,20209,16,0,7 1 8,1,30,,20223,16,0,7 1 8,1,70,,20217,16,0,7 1 8,1,30,,20224,16,0,7 1 8,1,70,,20219,16,0,7 1 8,1,30,,20220,16,0,7 1 8,1,100,,20225,16,0,7 1 8,1,100,,20222,16,0,7 1 8,1,100,,20214,16,0,7 1 8,1,100,,20221,16,0,7 1 8,1,100,,20216,16,0,7 1 8,1,70,,20211,16,0,7 1 8,1,30,,20212,16,0,7 1 8,1,70,,20210,16,0,7 1 8,1,30,,20215,16,0,7 1 8,1,70,,20208,16,0,7 1 8,1,30,,20218,16,0,7 1 8,1
10201,'4',640,,20229,16,0,7 1 8,1,70,,20226,16,0,7 1 8,1,30,,20241,16,0,7 1 8,1,70,,20243,16,0,7 1 8,1,30,,20228,16,0,7 1 8,1,70,,20236,16,0,7 1 8,1,30,,20238,16,0,7 1 8,1,100,,20231,16,0,7 1 8,1,100,,20232,16,0,7 1 8,1,100,,20239,16,0,7 1 8,1,100,,20227,16,0,7 1 8,1,100,,20240,16,0,7 1 8,1,70,,20242,16,0,7 1 8,1,30,,20235,16,0,7 1 8,1,70,,20237,16,0,7 1 8,1,30,,20230,16,0,7 1 8,1,70,,20233,16,0,7 1 8,1,30,,20234,16,0,7 1 8,1
10201,'5',640,,20248,16,0,7 1 8,1,70,,20258,16,0,7 1 8,1,30,,20245,16,0,7 1 8,1,70,,20247,16,0,7 1 8,1,30,,20256,16,0,7 1 8,1,70,,20249,16,0,7 1 8,1,30,,20254,16,0,7 1 8,1,100,,20255,16,0,7 1 8,1,100,,20261,16,0,7 1 8,1,100,,20257,16,0,7 1 8,1,100,,20244,16,0,7 1 8,1,100,,20252,16,0,7 1 8,1,70,,20259,16,0,7 1 8,1,30,,20253,16,0,7 1 8,1,70,,20251,16,0,7 1 8,1,30,,20246,16,0,7 1 8,1,70,,20250,16,0,7 1 8,1,30,,20260,16,0,7 1 8,1
10201,'7',640,,20273,16,0,7 1 8,1,70,,20279,16,0,7 1 8,1,30,,20262,16,0,7 1 8,1,70,,20274,16,0,7 1 8,1,30,,20264,16,0,7 1 8,1,70,,20265,16,0,7 1 8,1,30,,20277,16,0,7 1 8,1,100,,20275,16,0,7 1 8,1,100,,20269,16,0,7 1 8,1,100,,20268,16,0,7 1 8,1,100,,20270,16,0,7 1 8,1,100,,20278,16,0,7 1 8,1,70,,20263,16,0,7 1 8,1,30,,20266,16,0,7 1 8,1,70,,20272,16,0,7 1 8,1,30,,20267,16,0,7 1 8,1,70,,20271,16,0,7 1 8,1,30,,20276,16,0,7 1 8,1
10201,'8',640,,20295,16,0,7 1 8,1,70,,20283,16,0,7 1 8,1,30,,20286,16,0,7 1 8,1,70,,20293,16,0,7 1 8,1,30,,20288,16,0,7 1 8,1,70,,20280,16,0,7 1 8,1,30,,20291,16,0,7 1 8,1,100,,20284,16,0,7 1 8,1,100,,20292,16,0,7 1 8,1,100,,20282,16,0,7 1 8,1,100,,20294,16,0,7 1 8,1,100,,20285,16,0,7 1 8,1,70,,20287,16,0,7 1 8,1,30,,20290,16,0,7 1 8,1,70,,20296,16,0,7 1 8,1,30,,20281,16,0,7 1 8,1,70,,20289,16,0,7 1 8,1,30,,20297,16,0,7 1 8,1
10201,'9',640,,20311,16,0,7 1 8,1,70,,20298,16,0,7 1 8,1,30,,20314,16,0,7 1 8,1,70,,20305,16,0,7 1 8,1,30,,20301,16,0,7 1 8,1,70,,20308,16,0,7 1 8,1,30,,20309,16,0,7 1 8,1,100,,20300,16,0,7 1 8,1,100,,20303,16,0,7 1 8,1,100,,20310,16,0,7 1 8,1,100,,20312,16,0,7 1 8,1,100,,20302,16,0,7 1 8,1,70,,20299,16,0,7 1 8,1,30,,20313,16,0,7 1 8,1,70,,20307,16,0,7 1 8,1,30,,20315,16,0,7 1 8,1,70,,20304,16,0,7 1 8,1,30,,20306,16,0,7 1 8,1
11000,'1',636,,23450,11,,,1,70,,23438,11,,,1,30,,23440,11,,,1,70,,23453,11,,,1,30,,23441,11,,,1,70,,23446,11,,,1,30,,23448,11,,,1,70,,23437,11,,,1,30,,23447,11,,,1,70,,23434,11,,,1,30,,23436,11,,,1,70,,23445,11,,,1,30,,23457,11,,,1,70,,23451,11,,,1,30,,23452,11,,,1,70,,23439,11,,,1,30,,23435,11,,,1,70,,23433,11,,,1,30,,23443,11,,,1,70,,23455,11,,,1,30,,23449,11,,,1,70,,23444,11,,,1,30,,23456,11,,,1,70,,23442,11,,,1,30,,23454,11,,,1
11000,'2',636,,23470,11,,,1,70,,23459,11,,,1,30,,23463,11,,,1,70,,23475,11,,,1,30,,23478,11,,,1,70,,23476,11,,,1,30,,23466,11,,,1,70,,23467,11,,,1,30,,23458,11,,,1,70,,23461,11,,,1,30,,23477,11,,,1,70,,23479,11,,,1,30,,23471,11,,,1,70,,23473,11,,,1,30,,17518,11,,,1,70,,23480,11,,,1,30,,23474,11,,,1,70,,23460,11,,,1,30,,23472,11,,,1,70,,23465,11,,,1,30,,23481,11,,,1,70,,23469,11,,,1,30,,23468,11,,,1,70,,23462,11,,,1,30,,23464,11,,,1
11000,'3',636,,23483,11,,,1,70,,23502,11,,,1,30,,23482,11,,,1,70,,23503,11,,,1,30,,23485,11,,,1,70,,23496,11,,,1,30,,23484,11,,,1,70,,23493,11,,,1,30,,23495,11,,,1,70,,23494,11,,,1,30,,23501,11,,,1,70,,23492,11,,,1,30,,23488,11,,,1,70,,23498,11,,,1,30,,23490,11,,,1,70,,23499,11,,,1,30,,23486,11,,,1,70,,23500,11,,,1,30,,23489,11,,,1,70,,23497,11,,,1,30,,23491,11,,,1,70,,23504,11,,,1,30,,23505,11,,,1,70,,23487,11,,,1,30,,23506,11,,,1
11000,'4',636,,23530,11,,,1,70,,23529,11,,,1,30,,23527,11,,,1,70,,23508,11,,,1,30,,23521,11,,,1,70,,23520,11,,,1,30,,23509,11,,,1,70,,23522,11,,,1,30,,23507,11,,,1,70,,23510,11,,,1,30,,23514,11,,,1,70,,23517,11,,,1,30,,23516,11,,,1,70,,23531,11,,,1,30,,23512,11,,,1,70,,23525,11,,,1,30,,23526,11,,,1,70,,23524,11,,,1,30,,23511,11,,,1,70,,23518,11,,,1,30,,23513,11,,,1,70,,23515,11,,,1,30,,23519,11,,,1,70,,23528,11,,,1,30,,23523,11,,,1
11000,'5',636,,23550,11,,,1,70,,23546,11,,,1,30,,23551,11,,,1,70,,23535,11,,,1,30,,23547,11,,,1,70,,23537,11,,,1,30,,23539,11,,,1,70,,23534,11,,,1,30,,23543,11,,,1,70,,23536,11,,,1,30,,23533,11,,,1,70,,23532,11,,,1,30,,23541,11,,,1,70,,23538,11,,,1,30,,23555,11,,,1,70,,23542,11,,,1,30,,23554,11,,,1,70,,23556,11,,,1,30,,23540,11,,,1,70,,23548,11,,,1,30,,23553,11,,,1,70,,23552,11,,,1,30,,23544,11,,,1,70,,23549,11,,,1,30,,23545,11,,,1
11000,'7',636,,23559,11,,,1,70,,23578,11,,,1,30,,23565,11,,,1,70,,23576,11,,,1,30,,23573,11,,,1,70,,23579,11,,,1,30,,23569,11,,,1,70,,23574,11,,,1,30,,23572,11,,,1,70,,23568,11,,,1,30,,23570,11,,,1,70,,23580,11,,,1,30,,23558,11,,,1,70,,23561,11,,,1,30,,23577,11,,,1,70,,23575,11,,,1,30,,23562,11,,,1,70,,23563,11,,,1,30,,23566,11,,,1,70,,23581,11,,,1,30,,23557,11,,,1,70,,23567,11,,,1,30,,23560,11,,,1,70,,23571,11,,,1,30,,23564,11,,,1
11000,'8',636,,23586,11,,,1,70,,23595,11,,,1,30,,23593,11,,,1,70,,23603,11,,,1,30,,23602,11,,,1,70,,23589,11,,,1,30,,23596,11,,,1,70,,23599,11,,,1,30,,23582,11,,,1,70,,23606,11,,,1,30,,23590,11,,,1,70,,23600,11,,,1,30,,23584,11,,,1,70,,23587,11,,,1,30,,23601,11,,,1,70,,23598,11,,,1,30,,23588,11,,,1,70,,23592,11,,,1,30,,23594,11,,,1,70,,23605,11,,,1,30,,23591,11,,,1,70,,23583,11,,,1,30,,23585,11,,,1,70,,23604,11,,,1,30,,23597,11,,,1
11000,'9',636,,23620,11,,,1,70,,23613,11,,,1,30,,23631,11,,,1,70,,23615,11,,,1,30,,23612,11,,,1,70,,23626,11,,,1,30,,23628,11,,,1,70,,23608,11,,,1,30,,23629,11,,,1,70,,23611,11,,,1,30,,23609,11,,,1,70,,23610,11,,,1,30,,23630,11,,,1,70,,23621,11,,,1,30,,23616,11,,,1,70,,23627,11,,,1,30,,23623,11,,,1,70,,23614,11,,,1,30,,23622,11,,,1,70,,23607,11,,,1,30,,23625,11,,,1,70,,23618,11,,,1,30,,23624,11,,,1,70,,23619,11,,,1,30,,23617,11,,,1
11500,'1',705,,25320,9,0,7 1 8,1,30,,25326,9,0,7 1 8,1,70,,25315,9,0,7 1 8,1,30,,25316,9,0,7 1 8,1,70,,25325,9,0,7 1 8,1,30,,25332,9,0,7 1 8,1,70,,25328,9,0,7 1 8,1,100,,25327,9,0,7 1 8,1,100,,25319,9,0,7 1 8,1,100,,25323,9,0,7 1 8,1,100,,25322,9,0,7 1 8,1,100,,25330,9,0,7 1 8,1,30,,25331,9,0,7 1 8,1,70,,25318,9,0,7 1 8,1,30,,25321,9,0,7 1 8,1,70,,25324,9,0,7 1 8,1,30,,25317,9,0,7 1 8,1,70,,25329,9,0,7 1 8,1
11500,'2',705,,25349,9,0,7 1 8,1,30,,25334,9,0,7 1 8,1,70,,25338,9,0,7 1 8,1,30,,25347,9,0,7 1 8,1,70,,25335,9,0,7 1 8,1,30,,25336,9,0,7 1 8,1,70,,25339,9,0,7 1 8,1,100,,25333,9,0,7 1 8,1,100,,25343,9,0,7 1 8,1,100,,25341,9,0,7 1 8,1,100,,25337,9,0,7 1 8,1,100,,25344,9,0,7 1 8,1,30,,25346,9,0,7 1 8,1,70,,25348,9,0,7 1 8,1,30,,25340,9,0,7 1 8,1,70,,25342,9,0,7 1 8,1,30,,25345,9,0,7 1 8,1,70,,25350,9,0,7 1 8,1
11500,'3',705,,25367,9,0,7 1 8,1,30,,25365,9,0,7 1 8,1,70,,25357,9,0,7 1 8,1,30,,25362,9,0,7 1 8,1,70,,25352,9,0,7 1 8,1,30,,25354,9,0,7 1 8,1,70,,25366,9,0,7 1 8,1,100,,25359,9,0,7 1 8,1,100,,25368,9,0,7 1 8,1,100,,25360,9,0,7 1 8,1,100,,25364,9,0,7 1 8,1,100,,25358,9,0,7 1 8,1,30,,25363,9,0,7 1 8,1,70,,25355,9,0,7 1 8,1,30,,25353,9,0,7 1 8,1,70,,25351,9,0,7 1 8,1,30,,25361,9,0,7 1 8,1,70,,25356,9,0,7 1 8,1
11500,'4',705,,25373,9,0,7 1 8,1,30,,25369,9,0,7 1 8,1,70,,25384,9,0,7 1 8,1,30,,25383,9,0,7 1 8,1,70,,25374,9,0,7 1 8,1,30,,25380,9,0,7 1 8,1,70,,25386,9,0,7 1 8,1,100,,25376,9,0,7 1 8,1,100,,25372,9,0,7 1 8,1,100,,25378,9,0,7 1 8,1,100,,25385,9,0,7 1 8,1,100,,25375,9,0,7 1 8,1,30,,25371,9,0,7 1 8,1,70,,25379,9,0,7 1 8,1,30,,25370,9,0,7 1 8,1,70,,25381,9,0,7 1 8,1,30,,25382,9,0,7 1 8,1,70,,25377,9,0,7 1 8,1
11500,'5',705,,25393,9,0,7 1 8,1,30,,25402,9,0,7 1 8,1,70,,25394,9,0,7 1 8,1,30,,25392,9,0,7 1 8,1,70,,25400,9,0,7 1 8,1,30,,25390,9,0,7 1 8,1,70,,25391,9,0,7 1 8,1,100,,25389,9,0,7 1 8,1,100,,25404,9,0,7 1 8,1,100,,25395,9,0,7 1 8,1,100,,25397,9,0,7 1 8,1,100,,25387,9,0,7 1 8,1,30,,25399,9,0,7 1 8,1,70,,25403,9,0,7 1 8,1,30,,25401,9,0,7 1 8,1,70,,25396,9,0,7 1 8,1,30,,25388,9,0,7 1 8,1,70,,25398,9,0,7 1 8,1
11500,'7',705,,25418,9,0,7 1 8,1,30,,25420,9,0,7 1 8,1,70,,25408,9,0,7 1 8,1,30,,25419,9,0,7 1 8,1,70,,25421,9,0,7 1 8,1,30,,25412,9,0,7 1 8,1,70,,25422,9,0,7 1 8,1,100,,25414,9,0,7 1 8,1,100,,25405,9,0,7 1 8,1,100,,25411,9,0,7 1 8,1,100,,25410,9,0,7 1 8,1,100,,25406,9,0,7 1 8,1,30,,25413,9,0,7 1 8,1,70,,25415,9,0,7 1 8,1,30,,25416,9,0,7 1 8,1,70,,25417,9,0,7 1 8,1,30,,25409,9,0,7 1 8,1,70,,25407,9,0,7 1 8,1
11500,'8',705,,25427,9,0,7 1 8,1,30,,25438,9,0,7 1 8,1,70,,25425,9,0,7 1 8,1,30,,25434,9,0,7 1 8,1,70,,25429,9,0,7 1 8,1,30,,25433,9,0,7 1 8,1,70,,25440,9,0,7 1 8,1,100,,25435,9,0,7 1 8,1,100,,25437,9,0,7 1 8,1,100,,25432,9,0,7 1 8,1,100,,25436,9,0,7 1 8,1,100,,25424,9,0,7 1 8,1,30,,25426,9,0,7 1 8,1,70,,25431,9,0,7 1 8,1,30,,25428,9,0,7 1 8,1,70,,25430,9,0,7 1 8,1,30,,25439,9,0,7 1 8,1,70,,25423,9,0,7 1 8,1
11500,'9',705,,25456,9,0,7 1 8,1,30,,25454,9,0,7 1 8,1,70,,25441,9,0,7 1 8,1,30,,25445,9,0,7 1 8,1,70,,25458,9,0,7 1 8,1,30,,25449,9,0,7 1 8,1,70,,25446,9,0,7 1 8,1,100,,25452,9,0,7 1 8,1,100,,25443,9,0,7 1 8,1,100,,25447,9,0,7 1 8,1,100,,25451,9,0,7 1 8,1,100,,25450,9,0,7 1 8,1,30,,25444,9,0,7 1 8,1,70,,25457,9,0,7 1 8,1,30,,25453,9,0,7 1 8,1,70,,25455,9,0,7 1 8,1,30,,25442,9,0,7 1 8,1,70,,25448,9,0,7 1 8,1
21000,'1',1909,,28340,9,,,1,30,,28339,9,,,1,70,,28344,9,,,1,30,,28341,9,,,1,70,,28342,9,,,1,30,,28343,9,,,1,70,,28338,9,,,1,30,,28337,9,,,1,70,,18348,9,,,1
21000,'10',739,,28364,9,,,1,70,,28349,9,,,1,30,,28351,9,,,1,70,,28370,9,,,1,30,,28354,9,,,1,70,,28353,9,,,1,30,,28371,9,,,1,70,,28368,9,,,1,30,,28360,9,,,1,70,,28365,9,,,1,30,,28347,9,,,1,70,,28352,9,,,1,30,,28345,9,,,1,70,,28361,9,,,1,30,,28362,9,,,1,70,,28357,9,,,1,30,,28359,9,,,1,70,,28356,9,,,1,30,,28350,9,,,1,70,,28346,9,,,1,30,,28358,9,,,1,70,,28367,9,,,1,30,,28369,9,,,1,70,,28366,9,,,1,30,,28363,9,,,1,70,,28355,9,,,1,30,,28348,9,,,1
21000,'11',739,,28374,9,,,1,70,,28395,9,,,1,30,,28397,9,,,1,70,,28388,9,,,1,30,,28389,9,,,1,70,,28372,9,,,1,30,,28387,9,,,1,70,,28396,9,,,1,30,,28375,9,,,1,70,,28392,9,,,1,30,,28391,9,,,1,70,,28385,9,,,1,30,,28398,9,,,1,70,,28384,9,,,1,30,,28394,9,,,1,70,,28383,9,,,1,30,,28377,9,,,1,70,,28380,9,,,1,30,,28373,9,,,1,70,,28376,9,,,1,30,,28386,9,,,1,70,,28379,9,,,1,30,,28378,9,,,1,70,,28382,9,,,1,30,,28381,9,,,1,70,,28393,9,,,1,30,,28390,9,,,1
21000,'2',1909,,18174,9,,,1,30,,28401,9,,,1,70,,28399,9,,,1,30,,28402,9,,,1,70,,28405,9,,,1,30,,28400,9,,,1,70,,28403,9,,,1,30,,28404,9,,,1,70,,28406,9,,,1
21000,'3',1909,,28411,9,,,1,30,,28408,9,,,1,70,,28410,9,,,1,30,,28412,9,,,1,70,,28414,9,,,1,30,,28415,9,,,1,70,,28407,9,,,1,30,,28413,9,,,1,70,,28409,9,,,1
21000,'4',1909,,28422,9,,,1,30,,28420,9,,,1,70,,28421,9,,,1,30,,28416,9,,,1,70,,28417,9,,,1,30,,28424,9,,,1,70,,28418,9,,,1,30,,28419,9,,,1,70,,28423,9,,,1
21000,'5',1909,,28431,9,,,1,30,,28433,9,,,1,70,,28428,9,,,1,30,,28427,9,,,1,70,,28425,9,,,1,30,,28430,9,,,1,70,,28426,9,,,1,30,,28429,9,,,1,70,,28432,9,,,1
21000,'6',739,,28446,9,,,1,70,,28437,9,,,1,30,,28458,9,,,1,70,,28443,9,,,1,30,,28457,9,,,1,70,,28435,9,,,1,30,,28434,9,,,1,70,,28440,9,,,1,30,,28444,9,,,1,70,,28438,9,,,1,30,,28455,9,,,1,70,,28436,9,,,1,30,,28450,9,,,1,70,,28453,9,,,1,30,,28451,9,,,1,70,,28456,9,,,1,30,,28448,9,,,1,70,,28447,9,,,1,30,,28441,9,,,1,70,,28454,9,,,1,30,,28449,9,,,1,70,,28445,9,,,1,30,,28442,9,,,1,70,,28439,9,,,1,30,,28460,9,,,1,70,,28452,9,,,1,30,,28459,9,,,1
21000,'7',1909,,28462,9,,,1,30,,28463,9,,,1,70,,28467,9,,,1,30,,28465,9,,,1,70,,28461,9,,,1,30,,28468,9,,,1,70,,28464,9,,,1,30,,28469,9,,,1,70,,28466,9,,,1
21000,'8',1909,,28478,9,,,1,30,,28470,9,,,1,70,,28476,9,,,1,30,,28471,9,,,1,70,,28475,9,,,1,30,,28477,9,,,1,70,,28473,9,,,1,30,,28472,9,,,1,70,,28474,9,,,1
21000,'9',1909,,28486,9,,,1,30,,28483,9,,,1,70,,28479,9,,,1,30,,28485,9,,,1,70,,28484,9,,,1,30,,28480,9,,,1,70,,28481,9,,,1,30,,28482,9,,,1,70,,28487,9,,,1
