11101,'1',623,,24046,10,,,1,30,,24048,10,,,1,70,,24058,10,,,1,30,,24040,10,,,1,70,,24052,10,,,1,30,,24047,10,,,1,70,,24049,10,,,1,30,,24057,10,,,1,70,,24055,10,,,1,30,,24034,10,,,1,70,,24043,10,,,1,30,,24050,10,,,1,70,,24051,10,,,1,30,,24041,10,,,1,70,,24036,10,,,1,30,,24037,10,,,1,71,,24056,10,,,1,30,,24045,10,,,1,70,,24042,10,,,1,30,,24035,10,,,1,70,,24044,10,,,1,30,,24054,10,,,1,70,,24053,10,,,1,30,,24038,10,,,1,70,,24039,10,,,1
11101,'2',623,,24081,10,,,1,30,,24070,10,,,1,70,,24083,10,,,1,30,,24073,10,,,1,70,,24076,10,,,1,30,,24079,10,,,1,70,,24066,10,,,1,30,,24063,10,,,1,70,,24082,10,,,1,30,,24059,10,,,1,70,,24064,10,,,1,30,,24069,10,,,1,70,,24071,10,,,1,30,,24067,10,,,1,70,,24061,10,,,1,30,,24060,10,,,1,71,,24072,10,,,1,30,,24077,10,,,1,70,,24080,10,,,1,30,,24065,10,,,1,70,,24062,10,,,1,30,,24074,10,,,1,70,,24075,10,,,1,30,,24078,10,,,1,70,,24068,10,,,1
11101,'3',623,,24108,10,,,1,30,,24096,10,,,1,70,,24094,10,,,1,30,,24095,10,,,1,70,,24087,10,,,1,30,,24091,10,,,1,70,,24106,10,,,1,30,,24100,10,,,1,70,,24102,10,,,1,30,,24105,10,,,1,70,,24099,10,,,1,30,,24088,10,,,1,70,,24098,10,,,1,30,,24092,10,,,1,70,,24089,10,,,1,30,,24097,10,,,1,71,,24104,10,,,1,30,,24103,10,,,1,70,,24101,10,,,1,30,,24093,10,,,1,70,,24085,10,,,1,30,,24107,10,,,1,70,,24084,10,,,1,30,,24086,10,,,1,70,,24090,10,,,1
11101,'4',623,,24111,10,,,1,30,,24122,10,,,1,70,,24132,10,,,1,30,,24116,10,,,1,70,,24123,10,,,1,30,,24128,10,,,1,70,,24119,10,,,1,30,,24125,10,,,1,70,,24133,10,,,1,30,,24127,10,,,1,70,,24113,10,,,1,30,,24121,10,,,1,70,,24124,10,,,1,30,,24130,10,,,1,70,,24129,10,,,1,30,,24114,10,,,1,71,,24118,10,,,1,30,,24112,10,,,1,70,,24115,10,,,1,30,,24126,10,,,1,70,,24109,10,,,1,30,,24120,10,,,1,70,,24110,10,,,1,30,,24117,10,,,1,70,,24131,10,,,1
11101,'5',623,,24134,10,,,1,30,,24140,10,,,1,70,,24141,10,,,1,30,,24137,10,,,1,70,,24155,10,,,1,30,,24142,10,,,1,70,,24138,10,,,1,30,,24154,10,,,1,70,,24151,10,,,1,30,,24156,10,,,1,70,,24149,10,,,1,30,,24143,10,,,1,70,,24146,10,,,1,30,,24158,10,,,1,70,,24153,10,,,1,30,,24145,10,,,1,71,,24147,10,,,1,30,,24135,10,,,1,70,,24148,10,,,1,30,,24136,10,,,1,70,,24139,10,,,1,30,,24152,10,,,1,70,,24157,10,,,1,30,,24150,10,,,1,70,,24144,10,,,1
11101,'7',623,,24182,10,,,1,30,,24176,10,,,1,70,,24161,10,,,1,30,,24171,10,,,1,70,,24165,10,,,1,30,,24180,10,,,1,70,,24172,10,,,1,30,,24175,10,,,1,70,,24179,10,,,1,30,,24160,10,,,1,70,,24181,10,,,1,30,,24164,10,,,1,70,,24173,10,,,1,30,,24170,10,,,1,70,,24178,10,,,1,30,,24177,10,,,1,71,,24166,10,,,1,30,,24163,10,,,1,70,,24174,10,,,1,30,,24162,10,,,1,70,,24159,10,,,1,30,,24169,10,,,1,70,,24168,10,,,1,30,,24167,10,,,1,70,,24183,10,,,1
11101,'8',623,,24203,10,,,1,30,,24197,10,,,1,70,,24185,10,,,1,30,,24201,10,,,1,70,,24190,10,,,1,30,,24188,10,,,1,70,,24192,10,,,1,30,,24198,10,,,1,70,,24202,10,,,1,30,,24193,10,,,1,70,,24184,10,,,1,30,,24196,10,,,1,70,,24208,10,,,1,30,,24207,10,,,1,70,,24205,10,,,1,30,,24206,10,,,1,71,,24187,10,,,1,30,,24200,10,,,1,70,,24194,10,,,1,30,,24186,10,,,1,70,,24195,10,,,1,30,,24204,10,,,1,70,,24191,10,,,1,30,,24189,10,,,1,70,,24199,10,,,1
11101,'9',623,,24209,10,,,1,30,,24223,10,,,1,70,,24225,10,,,1,30,,24224,10,,,1,70,,24230,10,,,1,30,,24210,10,,,1,70,,24212,10,,,1,30,,24218,10,,,1,70,,24215,10,,,1,30,,24221,10,,,1,70,,24231,10,,,1,30,,24227,10,,,1,70,,24226,10,,,1,30,,24211,10,,,1,70,,24220,10,,,1,30,,24216,10,,,1,71,,24219,10,,,1,30,,24213,10,,,1,70,,24222,10,,,1,30,,24217,10,,,1,70,,24233,10,,,1,30,,24228,10,,,1,70,,24232,10,,,1,30,,24229,10,,,1,70,,24214,10,,,1
21101,'1',1853,,28806,10,,,1,70,,28803,10,,,1,30,,28805,10,,,1,70,,28804,10,,,1,30,,28808,10,,,1,70,,28802,10,,,1,30,,28801,10,,,1,70,,28809,10,,,1,30,,28807,10,,,1
21101,'10',723,,28819,10,,,1,30,,28825,10,,,1,70,,28829,10,,,1,30,,28828,10,,,1,70,,28826,10,,,1,30,,28817,10,,,1,70,,28836,10,,,1,30,,28813,10,,,1,70,,28822,10,,,1,30,,28823,10,,,1,70,,28827,10,,,1,30,,28833,10,,,1,70,,28811,10,,,1,30,,28815,10,,,1,70,,28824,10,,,1,30,,28835,10,,,1,70,,28816,10,,,1,30,,28810,10,,,1,70,,28812,10,,,1,30,,28814,10,,,1,70,,28832,10,,,1,30,,28821,10,,,1,70,,28831,10,,,1,30,,28818,10,,,1,70,,28830,10,,,1,30,,28834,10,,,1,70,,28820,10,,,1
21101,'11',723,,28853,10,,,1,30,,28854,10,,,1,70,,28845,10,,,1,30,,28838,10,,,1,70,,28837,10,,,1,30,,28861,10,,,1,70,,28841,10,,,1,30,,28843,10,,,1,70,,28860,10,,,1,30,,28863,10,,,1,70,,28840,10,,,1,30,,28852,10,,,1,70,,28848,10,,,1,30,,28839,10,,,1,70,,28858,10,,,1,30,,28857,10,,,1,70,,28850,10,,,1,30,,28846,10,,,1,70,,28851,10,,,1,30,,28842,10,,,1,70,,28859,10,,,1,30,,28856,10,,,1,70,,28844,10,,,1,30,,28855,10,,,1,70,,28862,10,,,1,30,,28847,10,,,1,70,,28849,10,,,1
21101,'2',1853,,28870,10,,,1,70,,28866,10,,,1,30,,28868,10,,,1,70,,28871,10,,,1,30,,28864,10,,,1,70,,28865,10,,,1,30,,28867,10,,,1,70,,28869,10,,,1,30,,28872,10,,,1
21101,'3',1853,,28880,10,,,1,70,,28873,10,,,1,30,,28881,10,,,1,70,,28877,10,,,1,30,,28878,10,,,1,70,,28874,10,,,1,30,,28875,10,,,1,70,,28876,10,,,1,30,,28879,10,,,1
21101,'4',1853,,28885,10,,,1,70,,28886,10,,,1,30,,28884,10,,,1,70,,28887,10,,,1,30,,28883,10,,,1,70,,28882,10,,,1,30,,28888,10,,,1,70,,28889,10,,,1,30,,28890,10,,,1
21101,'5',1853,,28893,10,,,1,70,,28891,10,,,1,30,,28894,10,,,1,70,,28896,10,,,1,30,,28892,10,,,1,70,,28899,10,,,1,30,,28895,10,,,1,70,,28898,10,,,1,30,,28897,10,,,1
21101,'6',723,,28919,10,,,1,30,,28913,10,,,1,70,,28903,10,,,1,30,,28909,10,,,1,70,,28900,10,,,1,30,,28905,10,,,1,70,,28926,10,,,1,30,,28904,10,,,1,70,,28901,10,,,1,30,,28915,10,,,1,70,,28923,10,,,1,30,,28916,10,,,1,70,,28920,10,,,1,30,,28924,10,,,1,70,,28911,10,,,1,30,,28918,10,,,1,70,,28907,10,,,1,30,,28921,10,,,1,70,,28914,10,,,1,30,,28902,10,,,1,70,,28925,10,,,1,30,,28922,10,,,1,70,,28910,10,,,1,30,,28917,10,,,1,70,,28908,10,,,1,30,,28912,10,,,1,70,,28906,10,,,1
21101,'7',1853,,28933,10,,,1,70,,28934,10,,,1,30,,28930,10,,,1,70,,28928,10,,,1,30,,28932,10,,,1,70,,28935,10,,,1,30,,28931,10,,,1,70,,28929,10,,,1,30,,28927,10,,,1
21101,'8',1853,,28940,10,,,1,70,,28937,10,,,1,30,,28941,10,,,1,70,,28943,10,,,1,30,,28939,10,,,1,70,,28938,10,,,1,30,,28944,10,,,1,70,,28936,10,,,1,30,,28942,10,,,1
21101,'9',1853,,28946,10,,,1,70,,28953,10,,,1,30,,28952,10,,,1,70,,28950,10,,,1,30,,28948,10,,,1,70,,28947,10,,,1,30,,28951,10,,,1,70,,28949,10,,,1,30,,28945,10,,,1
