10801,'1',649,,22808,32,,,1,70,,22821,32,,,1,30,,22819,32,,,1,70,,22814,32,,,1,30,,22823,32,,,1,70,,22809,32,,,1,100,,22820,32,,,1,100,,22811,32,,,1,100,,22815,32,,,1,100,,22825,32,,,1,100,,22817,32,,,1,30,,22807,32,,,1,70,,22810,32,,,1,30,,22822,32,,,1,70,,22813,32,,,1,30,,22816,32,,,1,70,,22812,32,,,1
10801,'2',649,,22837,32,,,1,70,,22840,32,,,1,30,,22831,32,,,1,70,,22835,32,,,1,30,,22843,32,,,1,70,,22838,32,,,1,100,,22833,32,,,1,100,,22842,32,,,1,100,,22836,32,,,1,100,,22839,32,,,1,100,,22844,32,,,1,30,,22834,32,,,1,70,,22826,32,,,1,30,,22830,32,,,1,70,,22841,32,,,1,30,,22827,32,,,1,70,,22829,32,,,1
10801,'3',649,,22854,32,,,1,70,,22851,32,,,1,30,,22849,32,,,1,70,,22848,32,,,1,30,,22852,32,,,1,70,,22861,32,,,1,100,,22859,32,,,1,100,,22858,32,,,1,100,,22846,32,,,1,100,,22863,32,,,1,100,,22853,32,,,1,30,,22845,32,,,1,70,,22857,32,,,1,30,,22850,32,,,1,70,,22860,32,,,1,30,,22856,32,,,1,70,,22862,32,,,1
10801,'4',649,,22869,32,,,1,70,,22879,32,,,1,30,,22864,32,,,1,70,,22866,32,,,1,30,,22877,32,,,1,70,,22871,32,,,1,100,,22881,32,,,1,100,,22867,32,,,1,100,,22865,32,,,1,100,,22876,32,,,1,100,,22875,32,,,1,30,,22868,32,,,1,70,,22873,32,,,1,30,,22882,32,,,1,70,,22874,32,,,1,30,,22880,32,,,1,70,,22878,32,,,1
10801,'5',649,,22891,32,,,1,70,,22899,32,,,1,30,,22892,32,,,1,70,,22896,32,,,1,30,,22884,32,,,1,70,,22901,32,,,1,100,,22886,32,,,1,100,,22897,32,,,1,100,,22887,32,,,1,100,,22894,32,,,1,100,,22885,32,,,1,30,,22890,32,,,1,70,,22898,32,,,1,30,,22900,32,,,1,70,,22893,32,,,1,30,,22888,32,,,1,70,,22883,32,,,1
10801,'7',649,,22919,32,,,1,70,,22909,32,,,1,30,,22903,32,,,1,70,,22918,32,,,1,30,,22904,32,,,1,70,,22915,32,,,1,100,,22902,32,,,1,100,,22920,32,,,1,100,,22905,32,,,1,100,,22916,32,,,1,100,,22906,32,,,1,30,,22917,32,,,1,70,,22914,32,,,1,30,,22910,32,,,1,70,,22907,32,,,1,30,,22911,32,,,1,70,,22912,32,,,1
10801,'8',649,,22938,32,,,1,70,,22927,32,,,1,30,,22924,32,,,1,70,,22939,32,,,1,30,,22930,32,,,1,70,,22935,32,,,1,100,,22931,32,,,1,100,,22934,32,,,1,100,,22933,32,,,1,100,,22923,32,,,1,100,,22932,32,,,1,30,,22922,32,,,1,70,,22936,32,,,1,30,,22921,32,,,1,70,,22928,32,,,1,30,,22937,32,,,1,70,,22929,32,,,1
10801,'9',649,,22952,32,,,1,70,,22946,32,,,1,30,,22958,32,,,1,70,,22957,32,,,1,30,,22951,32,,,1,70,,22953,32,,,1,100,,22944,32,,,1,100,,22955,32,,,1,100,,22943,32,,,1,100,,22954,32,,,1,100,,22956,32,,,1,30,,22949,32,,,1,70,,22940,32,,,1,30,,22947,32,,,1,70,,22945,32,,,1,30,,22941,32,,,1,70,,22942,32,,,1
10901,'1',619,,23246,7,,,1,100,,23253,7,,,1,100,,23254,7,,,1,100,,23251,7,,,1,100,,23249,7,,,1,100,,23250,7,,,1,100,,23248,7,,,1,100,,23261,7,,,1,100,,23259,7,,,1,100,,17453,7,,,1,100,,23262,7,,,1,100,,23256,7,,,1
10901,'2',619,,23267,7,,,1,100,,23273,7,,,1,100,,23270,7,,,1,100,,23287,7,,,1,100,,23277,7,,,1,100,,23276,7,,,1,100,,23278,7,,,1,100,,23281,7,,,1,100,,23283,7,,,1,100,,23266,7,,,1,100,,23284,7,,,1,100,,23280,7,,,1
10901,'3',619,,23292,7,,,1,100,,23297,7,,,1,100,,23311,7,,,1,100,,23301,7,,,1,100,,23307,7,,,1,100,,23300,7,,,1,100,,23291,7,,,1,100,,23305,7,,,1,100,,23295,7,,,1,100,,23293,7,,,1,100,,23309,7,,,1,100,,23312,7,,,1
10901,'4',619,,23322,7,,,1,100,,23331,7,,,1,100,,23317,7,,,1,100,,23327,7,,,1,100,,23314,7,,,1,100,,23333,7,,,1,100,,23325,7,,,1,100,,23319,7,,,1,100,,23328,7,,,1,100,,23329,7,,,1,100,,23326,7,,,1,100,,23324,7,,,1
10901,'5',619,,23359,7,,,1,100,,23344,7,,,1,100,,23358,7,,,1,100,,23355,7,,,1,100,,23339,7,,,1,100,,23351,7,,,1,100,,23345,7,,,1,100,,23356,7,,,1,100,,23342,7,,,1,100,,23340,7,,,1,100,,23357,7,,,1,100,,23346,7,,,1
10901,'7',619,,23369,7,,,1,100,,23368,7,,,1,100,,23380,7,,,1,100,,23364,7,,,1,100,,23366,7,,,1,100,,23378,7,,,1,100,,23376,7,,,1,100,,23371,7,,,1,100,,23384,7,,,1,100,,23374,7,,,1,100,,23365,7,,,1,100,,23372,7,,,1
10901,'8',619,,23404,7,,,1,100,,23389,7,,,1,100,,23403,7,,,1,100,,23407,7,,,1,100,,23399,7,,,1,100,,23387,7,,,1,100,,23400,7,,,1,100,,23405,7,,,1,100,,23396,7,,,1,100,,23393,7,,,1,100,,23386,7,,,1,100,,23395,7,,,1
10901,'9',619,,23420,7,,,1,100,,23410,7,,,1,100,,23414,7,,,1,100,,23412,7,,,1,100,,23426,7,,,1,100,,23413,7,,,1,100,,23411,7,,,1,100,,23430,7,,,1,100,,23428,7,,,1,100,,23422,7,,,1,100,,23409,7,,,1,100,,23419,7,,,1
11401,'1',653,,25223,31,,,1,100,,25228,31,,,1,100,,25220,31,,,1,100,,25219,31,,,1,100,,25230,31,,,1,100,,25227,31,,,1,100,,25226,31,,,1,100,,25225,31,,,1,100,,25229,31,,,1,100,,25222,31,,,1,100,,25224,31,,,1,100,,25221,31,,,1
11401,'2',653,,25242,31,,,1,100,,25234,31,,,1,100,,25240,31,,,1,100,,25232,31,,,1,100,,25238,31,,,1,100,,25239,31,,,1,100,,25233,31,,,1,100,,25236,31,,,1,100,,25231,31,,,1,100,,25235,31,,,1,100,,25237,31,,,1,100,,25241,31,,,1
11401,'3',653,,25245,31,,,1,100,,25247,31,,,1,100,,25243,31,,,1,100,,25248,31,,,1,100,,25251,31,,,1,100,,25254,31,,,1,100,,25250,31,,,1,100,,25252,31,,,1,100,,25253,31,,,1,100,,25244,31,,,1,100,,25246,31,,,1,100,,25249,31,,,1
11401,'4',653,,25256,31,,,1,100,,25257,31,,,1,100,,25261,31,,,1,100,,25258,31,,,1,100,,25255,31,,,1,100,,25263,31,,,1,100,,25264,31,,,1,100,,25262,31,,,1,100,,25260,31,,,1,100,,25265,31,,,1,100,,25259,31,,,1,100,,25266,31,,,1
11401,'5',653,,25270,31,,,1,100,,25273,31,,,1,100,,25271,31,,,1,100,,25275,31,,,1,100,,25277,31,,,1,100,,25272,31,,,1,100,,25274,31,,,1,100,,25268,31,,,1,100,,25278,31,,,1,100,,25267,31,,,1,100,,25276,31,,,1,100,,25269,31,,,1
11401,'7',653,,25280,31,,,1,100,,25283,31,,,1,100,,25286,31,,,1,100,,25290,31,,,1,100,,25289,31,,,1,100,,25287,31,,,1,100,,25282,31,,,1,100,,25285,31,,,1,100,,25281,31,,,1,100,,25279,31,,,1,100,,25288,31,,,1,100,,25284,31,,,1
11401,'8',653,,25299,31,,,1,100,,25298,31,,,1,100,,25301,31,,,1,100,,25292,31,,,1,100,,25295,31,,,1,100,,25294,31,,,1,100,,25302,31,,,1,100,,25300,31,,,1,100,,25291,31,,,1,100,,25296,31,,,1,100,,25297,31,,,1,100,,25293,31,,,1
11401,'9',653,,25312,31,,,1,100,,25308,31,,,1,100,,25305,31,,,1,100,,25314,31,,,1,100,,25310,31,,,1,100,,25307,31,,,1,100,,25304,31,,,1,100,,25306,31,,,1,100,,25309,31,,,1,100,,25311,31,,,1,100,,25303,31,,,1,100,,25313,31,,,1
20901,'1',1819,,28175,7,,,1,100,,28178,7,,,1,100,,28182,7,,,1,100,,28179,7,,,1,100,,28180,7,,,1
20901,'10',719,,28191,7,,,1,100,,28208,7,,,1,100,,28198,7,,,1,100,,28187,7,,,1,100,,28184,7,,,1,100,,28205,7,,,1,100,,28185,7,,,1,100,,28210,7,,,1,100,,28197,7,,,1,100,,28194,7,,,1,100,,28193,7,,,1,100,,28209,7,,,1,100,,28188,7,,,1,100,,28195,7,,,1
20901,'11',719,,28213,7,,,1,100,,28237,7,,,1,100,,28223,7,,,1,100,,28217,7,,,1,100,,28235,7,,,1,100,,28227,7,,,1,100,,28214,7,,,1,100,,28212,7,,,1,100,,28233,7,,,1,100,,28221,7,,,1,100,,28238,7,,,1,100,,28228,7,,,1,100,,28230,7,,,1,100,,28220,7,,,1
20901,'2',1819,,28246,7,,,1,100,,28241,7,,,1,100,,28245,7,,,1,100,,28240,7,,,1,100,,28248,7,,,1
20901,'3',1819,,28258,7,,,1,100,,28253,7,,,1,100,,28254,7,,,1,100,,28252,7,,,1,100,,28251,7,,,1
20901,'4',1819,,28266,7,,,1,100,,28267,7,,,1,100,,28260,7,,,1,100,,28268,7,,,1,100,,28261,7,,,1
20901,'5',1819,,28274,7,,,1,100,,28277,7,,,1,100,,28271,7,,,1,100,,28269,7,,,1,100,,28270,7,,,1
20901,'6',719,,28300,7,,,1,100,,28293,7,,,1,100,,28291,7,,,1,100,,28279,7,,,1,100,,28306,7,,,1,100,,28303,7,,,1,100,,28288,7,,,1,100,,28298,7,,,1,100,,28285,7,,,1,100,,28294,7,,,1,100,,28287,7,,,1,100,,28304,7,,,1,100,,28289,7,,,1,100,,28281,7,,,1
20901,'7',1819,,28311,7,,,1,100,,28314,7,,,1,100,,28307,7,,,1,100,,28312,7,,,1,100,,28309,7,,,1
20901,'8',1819,,28318,7,,,1,100,,28325,7,,,1,100,,28320,7,,,1,100,,28319,7,,,1,100,,28324,7,,,1
20901,'9',1819,,28330,7,,,1,100,,28333,7,,,1,100,,28331,7,,,1,100,,28336,7,,,1,100,,28334,7,,,1
21401,'1',1852,,29314,37,,,1,100,,29315,37,,,1,100,,29313,37,,,1,100,,29312,37,,,1,100,,29311,37,,,1
21401,'10',752,,29324,37,,,1,100,,29323,37,,,1,100,,29327,37,,,1,100,,29322,37,,,1,100,,29325,37,,,1,100,,29316,37,,,1,100,,29326,37,,,1,100,,29319,37,,,1,100,,29320,37,,,1,100,,17231,37,,,1,100,,29317,37,,,1,100,,29318,37,,,1,100,,29321,37,,,1
21401,'11',752,,29335,37,,,1,100,,29331,37,,,1,100,,29334,37,,,1,100,,29328,37,,,1,100,,29329,37,,,1,100,,29336,37,,,1,100,,29330,37,,,1,100,,29338,37,,,1,100,,29339,37,,,1,100,,29332,37,,,1,100,,29337,37,,,1,100,,29340,37,,,1,100,,29333,37,,,1
21401,'2',1852,,29344,37,,,1,100,,29343,37,,,1,100,,29342,37,,,1,100,,29341,37,,,1,100,,29345,37,,,1
21401,'3',1852,,29347,37,,,1,100,,29350,37,,,1,100,,29348,37,,,1,100,,29346,37,,,1,100,,29349,37,,,1
21401,'4',1852,,29354,37,,,1,100,,29352,37,,,1,100,,29355,37,,,1,100,,29353,37,,,1,100,,29351,37,,,1
21401,'5',1852,,29360,37,,,1,100,,29358,37,,,1,100,,29357,37,,,1,100,,29356,37,,,1,100,,29359,37,,,1
21401,'6',752,,29373,37,,,1,100,,29365,37,,,1,100,,29368,37,,,1,100,,29367,37,,,1,100,,29370,37,,,1,100,,29366,37,,,1,100,,29361,37,,,1,100,,29364,37,,,1,100,,29372,37,,,1,100,,29369,37,,,1,100,,29363,37,,,1,100,,29371,37,,,1,100,,29362,37,,,1
21401,'7',1852,,29377,37,,,1,100,,29374,37,,,1,100,,29375,37,,,1,100,,29378,37,,,1,100,,29376,37,,,1
21401,'8',1852,,29382,37,,,1,100,,29379,37,,,1,100,,29380,37,,,1,100,,29381,37,,,1,100,,29383,37,,,1
21401,'9',1852,,29388,37,,,1,100,,29386,37,,,1,100,,29387,37,,,1,100,,29385,37,,,1,100,,29384,37,,,1
