11300,'1',635,,24507,24,,,1,100,,24518,24,,,1,100,,24513,24,,,1,100,,24510,24,,,1,100,,24522,24,,,1,100,,19261,24,,,1,100,,24521,24,,,1,100,,24506,24,,,1,100,,24525,24,,,1,100,,24532,24,,,1,100,,24523,24,,,1,100,,24528,24,,,1,100,,24527,24,,,1
11300,'2',635,,24538,24,,,1,100,,24542,24,,,1,100,,24556,24,,,1,100,,24552,24,,,1,100,,24548,24,,,1,100,,24534,24,,,1,100,,24546,24,,,1,100,,24533,24,,,1,100,,24563,24,,,1,100,,24570,24,,,1,100,,24541,24,,,1,100,,24566,24,,,1,100,,24557,24,,,1
11300,'3',635,,24609,24,,,1,100,,24582,24,,,1,100,,24573,24,,,1,100,,24586,24,,,1,100,,24575,24,,,1,100,,24606,24,,,1,100,,24580,24,,,1,100,,24594,24,,,1,100,,24592,24,,,1,100,,24591,24,,,1,100,,24576,24,,,1,100,,24598,24,,,1,100,,24574,24,,,1
11300,'4',635,,24637,24,,,1,100,,24647,24,,,1,100,,24642,24,,,1,100,,24634,24,,,1,100,,24619,24,,,1,100,,24628,24,,,1,100,,24630,24,,,1,100,,24618,24,,,1,100,,24617,24,,,1,100,,24629,24,,,1,100,,24633,24,,,1,100,,24632,24,,,1,100,,24643,24,,,1
11300,'5',635,,24671,24,,,1,100,,24668,24,,,1,100,,24653,24,,,1,100,,24652,24,,,1,100,,24674,24,,,1,100,,24667,24,,,1,100,,24686,24,,,1,100,,24658,24,,,1,100,,24650,24,,,1,100,,24682,24,,,1,100,,24679,24,,,1,100,,24675,24,,,1,100,,24677,24,,,1
11300,'7',635,,24711,24,,,1,100,,24719,24,,,1,100,,24724,24,,,1,100,,24700,24,,,1,100,,24716,24,,,1,100,,24718,24,,,1,100,,24726,24,,,1,100,,24720,24,,,1,100,,24709,24,,,1,100,,24703,24,,,1,100,,24696,24,,,1,100,,24704,24,,,1,100,,24722,24,,,1
11300,'8',635,,24759,24,,,1,100,,24727,24,,,1,100,,24758,24,,,1,100,,24755,24,,,1,100,,24764,24,,,1,100,,24730,24,,,1,100,,24751,24,,,1,100,,24754,24,,,1,100,,24752,24,,,1,100,,24765,24,,,1,100,,24729,24,,,1,100,,24756,24,,,1,100,,24744,24,,,1
11300,'9',635,,24778,24,,,1,100,,24797,24,,,1,100,,24795,24,,,1,100,,24766,24,,,1,100,,24772,24,,,1,100,,24801,24,,,1,100,,24803,24,,,1,100,,24773,24,,,1,100,,24770,24,,,1,100,,24787,24,,,1,100,,24798,24,,,1,100,,24768,24,,,1,100,,24780,24,,,1
21300,'1',1934,,28956,24,,,1,100,,28955,24,,,1,100,,28957,24,,,1,100,,28954,24,,,1
21300,'10',734,,28959,24,,,1,100,,28970,24,,,1,100,,28966,24,,,1,100,,28964,24,,,1,100,,28962,24,,,1,100,,28961,24,,,1,100,,28969,24,,,1,100,,28960,24,,,1,100,,28965,24,,,1,100,,28958,24,,,1,100,,28963,24,,,1,100,,28968,24,,,1,100,,28967,24,,,1
21300,'11',734,,28980,24,,,1,100,,28978,24,,,1,100,,28974,24,,,1,100,,28983,24,,,1,100,,28982,24,,,1,100,,28972,24,,,1,100,,28981,24,,,1,100,,28973,24,,,1,100,,28979,24,,,1,100,,28977,24,,,1,100,,28971,24,,,1,100,,28976,24,,,1,100,,28975,24,,,1
21300,'2',1934,,28985,24,,,1,100,,28987,24,,,1,100,,28986,24,,,1,100,,28984,24,,,1
21300,'3',1934,,28989,24,,,1,100,,28988,24,,,1,100,,28990,24,,,1,100,,28991,24,,,1
21300,'4',1934,,28992,24,,,1,100,,28993,24,,,1,100,,28994,24,,,1,100,,28995,24,,,1
21300,'5',1934,,28998,24,,,1,100,,28996,24,,,1,100,,28999,24,,,1,100,,28997,24,,,1
21300,'6',734,,29009,24,,,1,100,,29010,24,,,1,100,,29003,24,,,1,100,,29002,24,,,1,100,,29000,24,,,1,100,,29005,24,,,1,100,,29001,24,,,1,100,,29008,24,,,1,100,,29006,24,,,1,100,,29011,24,,,1,100,,29004,24,,,1,100,,29007,24,,,1,100,,29012,24,,,1
21300,'7',1934,,29015,24,,,1,100,,29016,24,,,1,100,,29014,24,,,1,100,,29013,24,,,1
21300,'8',1934,,29018,24,,,1,100,,29020,24,,,1,100,,29019,24,,,1,100,,29017,24,,,1
21300,'9',1934,,29023,24,,,1,100,,29021,24,,,1,100,,29024,24,,,1,100,,29022,24,,,1
