10500,'10',550,,17608,5,,,1,100,,17626,5,,,1,70,,17622,5,,,1,30,,17627,5,,,1,70,,17617,5,,,1,30,,17624,5,,,1,70,,17610,5,,,1,30,,16115,5,,,1,100,,17599,5,,,1,100,,17609,5,,,1,100,,17613,5,,,1,100,,17604,5,,,1,100,,17621,5,,,1,70,,17614,5,,,1,30,,17618,5,,,1,70,,17612,5,,,1,30,,17620,5,,,1,70,,17623,5,,,1,30,,17601,5,,,1
10500,'7',550,,17642,5,,,1,100,,17656,5,,,1,70,,17652,5,,,1,30,,17657,5,,,1,70,,17658,5,,,1,30,,17654,5,,,1,70,,17661,5,,,1,30,,16074,5,,,1,100,,17636,5,,,1,100,,17643,5,,,1,100,,17645,5,,,1,100,,17641,5,,,1,100,,17659,5,,,1,70,,17639,5,,,1,30,,17631,5,,,1,70,,16072,5,,,1,30,,17653,5,,,1,70,,15470,5,,,1,30,,17647,5,,,1
10501,'10',635,,17676,16,,,1,100,,17663,16,,,1,70,,17670,16,,,1,30,,17666,16,,,1,70,,15680,16,,,1,30,,16119,16,,,1,70,,17685,16,,,1,30,,17671,16,,,1,100,,17673,16,,,1,100,,14676,16,,,1,100,,17675,16,,,1,100,,17667,16,,,1,100,,17684,16,,,1,70,,17689,16,,,1,30,,17665,16,,,1,70,,17674,16,,,1,30,,17679,16,,,1,70,,17692,16,,,1,30,,17686,16,,,1
10501,'7',635,,17710,16,,,1,100,,17695,16,,,1,70,,17720,16,,,1,30,,17696,16,,,1,70,,17697,16,,,1,30,,16078,16,,,1,70,,17714,16,,,1,30,,15871,16,,,1,100,,17705,16,,,1,100,,14663,16,,,1,100,,17708,16,,,1,100,,17698,16,,,1,100,,17699,16,,,1,70,,17719,16,,,1,30,,17715,16,,,1,70,,17711,16,,,1,30,,15280,16,,,1,70,,17707,16,,,1,30,,17703,16,,,1
20500,'10',1850,,18977,5,,,1,100,,18975,5,,,1,100,,18972,5,,,1,100,,18971,5,,,1
20500,'5',650,,18979,5,,,1,100,,18994,5,,,1,100,,18997,5,,,1,100,,18985,5,,,1,100,,18987,5,,,1,100,,18984,5,,,1,100,,18990,5,,,1,100,,16732,5,,,1,100,,18981,5,,,1,100,,18993,5,,,1,100,,13774,5,,,1,100,,18988,5,,,1,100,,18999,5,,,1,100,,18983,5,,,1
20500,'7',1850,,19007,5,,,1,100,,19005,5,,,1,100,,19002,5,,,1,100,,19001,5,,,1
20501,'10',1934,,19009,16,,,1,100,,19010,16,,,1,100,,19012,16,,,1,100,,19008,16,,,1
20501,'5',734,,19027,16,,,1,100,,19020,16,,,1,100,,19018,16,,,1,100,,19015,16,,,1,100,,19036,16,,,1,100,,19017,16,,,1,100,,19038,16,,,1,100,,19032,16,,,1,100,,19022,16,,,1,100,,19037,16,,,1,100,,19021,16,,,1,100,,19034,16,,,1,100,,19033,16,,,1,100,,17123,16,,,1
20501,'7',1934,,19040,16,,,1,100,,19041,16,,,1,100,,19043,16,,,1,100,,19039,16,,,1
