10100,'1',700,,19742,1,,,1,30,,19743,1,,,1,70,,19746,1,,,1,30,,19744,1,,,1,70,,19757,1,,,1,30,,19748,1,,,1,70,,19756,1,,,1,100,,19758,1,,,1,100,,19751,1,,,1,100,,19749,1,,,1,100,,19750,1,,,1,100,,19745,1,,,1,30,,19755,1,,,1,70,,19753,1,,,1,30,,19759,1,,,1,70,,19747,1,,,1,30,,19754,1,,,1,70,,19752,1,,,1
10100,'2',700,,19776,1,,,1,30,,19773,1,,,1,70,,19772,1,,,1,30,,19767,1,,,1,70,,19766,1,,,1,30,,19760,1,,,1,70,,19768,1,,,1,100,,19761,1,,,1,100,,19774,1,,,1,100,,19762,1,,,1,100,,19763,1,,,1,100,,19777,1,,,1,30,,19765,1,,,1,70,,19771,1,,,1,30,,19769,1,,,1,70,,19764,1,,,1,30,,19775,1,,,1,70,,19770,1,,,1
10100,'3',700,,19793,1,,,1,30,,19780,1,,,1,70,,19785,1,,,1,30,,19783,1,,,1,70,,19789,1,,,1,30,,19788,1,,,1,70,,19795,1,,,1,100,,19792,1,,,1,100,,19778,1,,,1,100,,19781,1,,,1,100,,19784,1,,,1,100,,19787,1,,,1,30,,19794,1,,,1,70,,19779,1,,,1,30,,19791,1,,,1,70,,19782,1,,,1,30,,19790,1,,,1,70,,19786,1,,,1
10100,'4',700,,19808,1,,,1,30,,19807,1,,,1,70,,19812,1,,,1,30,,19799,1,,,1,70,,19805,1,,,1,30,,19797,1,,,1,70,,19803,1,,,1,100,,19800,1,,,1,100,,19810,1,,,1,100,,19806,1,,,1,100,,19798,1,,,1,100,,19813,1,,,1,30,,19802,1,,,1,70,,19796,1,,,1,30,,19809,1,,,1,70,,19801,1,,,1,30,,19804,1,,,1,70,,19811,1,,,1
10100,'5',700,,19815,1,,,1,30,,19831,1,,,1,70,,19816,1,,,1,30,,19825,1,,,1,70,,19827,1,,,1,30,,19828,1,,,1,70,,19824,1,,,1,100,,19818,1,,,1,100,,19826,1,,,1,100,,19817,1,,,1,100,,19820,1,,,1,100,,19822,1,,,1,30,,19830,1,,,1,70,,19819,1,,,1,30,,19823,1,,,1,70,,19814,1,,,1,30,,19829,1,,,1,70,,19821,1,,,1
10100,'7',700,,19832,1,,,1,30,,19845,1,,,1,70,,19843,1,,,1,30,,19839,1,,,1,70,,19841,1,,,1,30,,19836,1,,,1,70,,19833,1,,,1,100,,19847,1,,,1,100,,19834,1,,,1,100,,19849,1,,,1,100,,19842,1,,,1,100,,19844,1,,,1,30,,19848,1,,,1,70,,19837,1,,,1,30,,19835,1,,,1,70,,19840,1,,,1,30,,19838,1,,,1,70,,19846,1,,,1
10100,'8',700,,19862,1,,,1,30,,19851,1,,,1,70,,19852,1,,,1,30,,19866,1,,,1,70,,19864,1,,,1,30,,19860,1,,,1,70,,19850,1,,,1,100,,19867,1,,,1,100,,19856,1,,,1,100,,19858,1,,,1,100,,19859,1,,,1,100,,19853,1,,,1,30,,19855,1,,,1,70,,19863,1,,,1,30,,19854,1,,,1,70,,19861,1,,,1,30,,19865,1,,,1,70,,19857,1,,,1
10100,'9',700,,19875,1,,,1,30,,19870,1,,,1,70,,19878,1,,,1,30,,19877,1,,,1,70,,19868,1,,,1,30,,19876,1,,,1,70,,19884,1,,,1,100,,19881,1,,,1,100,,19883,1,,,1,100,,19879,1,,,1,100,,19871,1,,,1,100,,19872,1,,,1,30,,19882,1,,,1,70,,19880,1,,,1,30,,19873,1,,,1,70,,19874,1,,,1,30,,19885,1,,,1,70,,19869,1,,,1
10101,'1',652,,19889,21,4,,1,70,,19898,21,4,,1,30,,19892,21,4,,1,70,,19890,21,4,,1,30,,19901,21,4,,1,70,,19887,21,4,,1,30,,19897,21,4,,1,100,,19900,21,4,,1,100,,19886,21,4,,1,100,,19903,21,4,,1,100,,19896,21,4,,1,102,,19902,21,4,,1,70,,19888,21,4,,1,30,,19899,21,4,,1,70,,19894,21,4,,1,30,,19891,21,4,,1,70,,19893,21,4,,1,30,,19895,21,4,,1
10101,'2',652,,19909,21,4,,1,70,,19915,21,4,,1,30,,19912,21,4,,1,70,,19919,21,4,,1,30,,19907,21,4,,1,70,,19911,21,4,,1,30,,19913,21,4,,1,100,,19908,21,4,,1,100,,19904,21,4,,1,100,,19920,21,4,,1,100,,19906,21,4,,1,102,,19917,21,4,,1,70,,19910,21,4,,1,30,,19914,21,4,,1,70,,18685,21,4,,1,30,,19916,21,4,,1,70,,19905,21,4,,1,30,,19918,21,4,,1
10101,'3',652,,19933,21,4,,1,70,,19937,21,4,,1,30,,19930,21,4,,1,70,,19923,21,4,,1,30,,19931,21,4,,1,70,,19927,21,4,,1,30,,19921,21,4,,1,100,,19935,21,4,,1,100,,19928,21,4,,1,100,,19932,21,4,,1,100,,19926,21,4,,1,102,,19934,21,4,,1,70,,19925,21,4,,1,30,,19936,21,4,,1,70,,19938,21,4,,1,30,,19922,21,4,,1,70,,19929,21,4,,1,30,,19924,21,4,,1
10101,'4',652,,19945,21,4,,1,70,,19949,21,4,,1,30,,19943,21,4,,1,70,,19942,21,4,,1,30,,19948,21,4,,1,70,,19939,21,4,,1,30,,19950,21,4,,1,100,,19941,21,4,,1,100,,19954,21,4,,1,100,,19955,21,4,,1,100,,19940,21,4,,1,102,,19947,21,4,,1,70,,19944,21,4,,1,30,,19952,21,4,,1,70,,19956,21,4,,1,30,,19946,21,4,,1,70,,19951,21,4,,1,30,,19953,21,4,,1
10101,'5',652,,19963,21,4,,1,70,,19959,21,4,,1,30,,19961,21,4,,1,70,,19965,21,4,,1,30,,19962,21,4,,1,70,,19967,21,4,,1,30,,19968,21,4,,1,100,,19964,21,4,,1,100,,19957,21,4,,1,100,,19958,21,4,,1,100,,19969,21,4,,1,102,,19974,21,4,,1,70,,19972,21,4,,1,30,,19970,21,4,,1,70,,19960,21,4,,1,30,,19973,21,4,,1,70,,19966,21,4,,1,30,,19971,21,4,,1
10101,'7',652,,19992,21,4,,1,70,,19982,21,4,,1,30,,19978,21,4,,1,70,,19988,21,4,,1,30,,19984,21,4,,1,70,,19990,21,4,,1,30,,19989,21,4,,1,100,,19983,21,4,,1,100,,19980,21,4,,1,100,,19975,21,4,,1,100,,19977,21,4,,1,102,,19985,21,4,,1,70,,19986,21,4,,1,30,,19987,21,4,,1,70,,19991,21,4,,1,30,,19976,21,4,,1,70,,19979,21,4,,1,30,,19981,21,4,,1
10101,'8',652,,20005,21,4,,1,70,,19995,21,4,,1,30,,20002,21,4,,1,70,,20001,21,4,,1,30,,20003,21,4,,1,70,,20008,21,4,,1,30,,19994,21,4,,1,100,,19997,21,4,,1,100,,20006,21,4,,1,100,,19993,21,4,,1,100,,19996,21,4,,1,102,,19998,21,4,,1,70,,20010,21,4,,1,30,,20004,21,4,,1,70,,20007,21,4,,1,30,,19999,21,4,,1,70,,20009,21,4,,1,30,,20000,21,4,,1
10101,'9',652,,20018,21,4,,1,70,,20015,21,4,,1,30,,20013,21,4,,1,70,,20011,21,4,,1,30,,20027,21,4,,1,70,,20028,21,4,,1,30,,20022,21,4,,1,100,,20025,21,4,,1,100,,20021,21,4,,1,100,,20023,21,4,,1,100,,20014,21,4,,1,102,,20020,21,4,,1,70,,20019,21,4,,1,30,,20016,21,4,,1,70,,20026,21,4,,1,30,,20012,21,4,,1,70,,20024,21,4,,1,30,,20017,21,4,,1
10200,'1',652,,20030,11,4,,1,70,,20042,11,4,,1,30,,20040,11,4,,1,70,,20039,11,4,,1,30,,20031,11,4,,1,70,,20035,11,4,,1,30,,20041,11,4,,1,100,,20029,11,4,,1,100,,20038,11,4,,1,100,,20044,11,4,,1,100,,20046,11,4,,1,100,,20036,11,4,,1,70,,20034,11,4,,1,30,,20043,11,4,,1,70,,20037,11,4,,1,30,,20032,11,4,,1,70,,20033,11,4,,1,30,,20045,11,4,,1
10200,'2',652,,20063,11,4,,1,70,,20064,11,4,,1,30,,20059,11,4,,1,70,,20048,11,4,,1,30,,20054,11,4,,1,70,,20053,11,4,,1,30,,20057,11,4,,1,100,,20058,11,4,,1,100,,20051,11,4,,1,100,,20056,11,4,,1,100,,20047,11,4,,1,100,,20049,11,4,,1,70,,20060,11,4,,1,30,,20052,11,4,,1,70,,20062,11,4,,1,30,,20050,11,4,,1,70,,20055,11,4,,1,30,,20061,11,4,,1
10200,'3',652,,20071,11,4,,1,70,,20073,11,4,,1,30,,20065,11,4,,1,70,,20078,11,4,,1,30,,20067,11,4,,1,70,,20077,11,4,,1,30,,20066,11,4,,1,100,,20079,11,4,,1,100,,20072,11,4,,1,100,,20069,11,4,,1,100,,20068,11,4,,1,100,,20080,11,4,,1,70,,20076,11,4,,1,30,,20081,11,4,,1,70,,20082,11,4,,1,30,,20074,11,4,,1,70,,20070,11,4,,1,30,,20075,11,4,,1
10200,'4',652,,20097,11,4,,1,70,,20086,11,4,,1,30,,20085,11,4,,1,70,,20083,11,4,,1,30,,20088,11,4,,1,70,,20094,11,4,,1,30,,20099,11,4,,1,100,,20095,11,4,,1,100,,20093,11,4,,1,100,,20089,11,4,,1,100,,20091,11,4,,1,100,,20092,11,4,,1,70,,20087,11,4,,1,30,,20100,11,4,,1,70,,20096,11,4,,1,30,,20098,11,4,,1,70,,20090,11,4,,1,30,,20084,11,4,,1
10200,'5',652,,20118,11,4,,1,70,,20109,11,4,,1,30,,20108,11,4,,1,70,,20111,11,4,,1,30,,20104,11,4,,1,70,,20106,11,4,,1,30,,20105,11,4,,1,100,,20103,11,4,,1,100,,20114,11,4,,1,100,,20112,11,4,,1,100,,20110,11,4,,1,100,,20115,11,4,,1,70,,20101,11,4,,1,30,,20113,11,4,,1,70,,20102,11,4,,1,30,,20107,11,4,,1,70,,20117,11,4,,1,30,,20116,11,4,,1
10200,'7',652,,20119,11,4,,1,70,,20131,11,4,,1,30,,20133,11,4,,1,70,,20125,11,4,,1,30,,20130,11,4,,1,70,,20134,11,4,,1,30,,20129,11,4,,1,100,,20120,11,4,,1,100,,20128,11,4,,1,100,,20132,11,4,,1,100,,20136,11,4,,1,100,,20122,11,4,,1,70,,20126,11,4,,1,30,,20121,11,4,,1,70,,20124,11,4,,1,30,,20135,11,4,,1,70,,20127,11,4,,1,30,,20123,11,4,,1
10200,'8',652,,20139,11,4,,1,70,,20137,11,4,,1,30,,20148,11,4,,1,70,,20153,11,4,,1,30,,20138,11,4,,1,70,,20150,11,4,,1,30,,20145,11,4,,1,100,,20142,11,4,,1,100,,20152,11,4,,1,100,,20154,11,4,,1,100,,20144,11,4,,1,100,,20143,11,4,,1,70,,20147,11,4,,1,30,,20149,11,4,,1,70,,20140,11,4,,1,30,,20146,11,4,,1,70,,20151,11,4,,1,30,,20141,11,4,,1
10200,'9',652,,20165,11,4,,1,70,,20164,11,4,,1,30,,20166,11,4,,1,70,,20163,11,4,,1,30,,20171,11,4,,1,70,,20168,11,4,,1,30,,20156,11,4,,1,100,,20169,11,4,,1,100,,20160,11,4,,1,100,,20159,11,4,,1,100,,20161,11,4,,1,100,,20157,11,4,,1,70,,20158,11,4,,1,30,,20162,11,4,,1,70,,20170,11,4,,1,30,,20172,11,4,,1,70,,20155,11,4,,1,30,,20167,11,4,,1
10300,'1',630,,20317,1,,,1,100,,20326,1,,,1,70,,20325,1,,,1,30,,20323,1,,,1,70,,20320,1,,,1,30,,20330,1,,,1,70,,20334,1,,,1,30,,20329,1,,,1,100,,20327,1,,,1,100,,20318,1,,,1,100,,20324,1,,,1,100,,20322,1,,,1,100,,20319,1,,,1,70,,20316,1,,,1,30,,20321,1,,,1,70,,20332,1,,,1,30,,20328,1,,,1,70,,20333,1,,,1,30,,20331,1,,,1
10300,'2',630,,20347,1,,,1,100,,20349,1,,,1,70,,20345,1,,,1,30,,20338,1,,,1,70,,20351,1,,,1,30,,20335,1,,,1,70,,20340,1,,,1,30,,20339,1,,,1,100,,18114,1,,,1,100,,20336,1,,,1,100,,20342,1,,,1,100,,20337,1,,,1,100,,20343,1,,,1,70,,20346,1,,,1,30,,20350,1,,,1,70,,20348,1,,,1,30,,20352,1,,,1,70,,20344,1,,,1,30,,20341,1,,,1
10300,'3',630,,20353,1,,,1,100,,20362,1,,,1,70,,20369,1,,,1,30,,20358,1,,,1,70,,20363,1,,,1,30,,20354,1,,,1,70,,20364,1,,,1,30,,20367,1,,,1,100,,20370,1,,,1,100,,20371,1,,,1,100,,20355,1,,,1,100,,20356,1,,,1,100,,20359,1,,,1,70,,20365,1,,,1,30,,20361,1,,,1,70,,20357,1,,,1,30,,20366,1,,,1,70,,20360,1,,,1,30,,20368,1,,,1
10300,'4',630,,20390,1,,,1,100,,20388,1,,,1,70,,20376,1,,,1,30,,20377,1,,,1,70,,20389,1,,,1,30,,20387,1,,,1,70,,20382,1,,,1,30,,20378,1,,,1,100,,20374,1,,,1,100,,20372,1,,,1,100,,20375,1,,,1,100,,20383,1,,,1,100,,20381,1,,,1,70,,20373,1,,,1,30,,20386,1,,,1,70,,20385,1,,,1,30,,20380,1,,,1,70,,20379,1,,,1,30,,20384,1,,,1
10300,'5',630,,20400,1,,,1,100,,20403,1,,,1,70,,20395,1,,,1,30,,20397,1,,,1,70,,20405,1,,,1,30,,20407,1,,,1,70,,20409,1,,,1,30,,20394,1,,,1,100,,20404,1,,,1,100,,20401,1,,,1,100,,20396,1,,,1,100,,20398,1,,,1,100,,20406,1,,,1,70,,20399,1,,,1,30,,20393,1,,,1,70,,20402,1,,,1,30,,20392,1,,,1,70,,20408,1,,,1,30,,20391,1,,,1
10300,'7',630,,20423,1,,,1,100,,20419,1,,,1,70,,20417,1,,,1,30,,20428,1,,,1,70,,20427,1,,,1,30,,20421,1,,,1,70,,20422,1,,,1,30,,20413,1,,,1,100,,20411,1,,,1,100,,20414,1,,,1,100,,20426,1,,,1,100,,20412,1,,,1,100,,20420,1,,,1,70,,20415,1,,,1,30,,20424,1,,,1,70,,20425,1,,,1,30,,20418,1,,,1,70,,20410,1,,,1,30,,20416,1,,,1
10300,'8',630,,20442,1,,,1,100,,20439,1,,,1,70,,20432,1,,,1,30,,20444,1,,,1,70,,20433,1,,,1,30,,20435,1,,,1,70,,20441,1,,,1,30,,20434,1,,,1,100,,20429,1,,,1,100,,20436,1,,,1,100,,20447,1,,,1,100,,20438,1,,,1,100,,20445,1,,,1,70,,20437,1,,,1,30,,20443,1,,,1,70,,20446,1,,,1,30,,20430,1,,,1,70,,20431,1,,,1,30,,20440,1,,,1
10300,'9',630,,20448,1,,,1,100,,20458,1,,,1,70,,20457,1,,,1,30,,20464,1,,,1,70,,20452,1,,,1,30,,20462,1,,,1,70,,20453,1,,,1,30,,20461,1,,,1,100,,20460,1,,,1,100,,20449,1,,,1,100,,20450,1,,,1,100,,20459,1,,,1,100,,20465,1,,,1,70,,20463,1,,,1,30,,20454,1,,,1,70,,20455,1,,,1,30,,20451,1,,,1,70,,20466,1,,,1,30,,20456,1,,,1
10301,'1',623,,20467,25,4,,1,100,,20476,25,4,,1,30,,20474,25,4,,1,70,,20481,25,4,,1,30,,20479,25,4,,1,70,,20483,25,4,,1,30,,20471,25,4,,1,70,,20478,25,4,,1,100,,20473,25,4,,1,100,,20469,25,4,,1,100,,20480,25,4,,1,100,,20470,25,4,,1,100,,20485,25,4,,1,30,,17632,25,4,,1,70,,20477,25,4,,1,30,,20475,25,4,,1,70,,20484,25,4,,1,30,,20472,25,4,,1,70,,20482,25,4,,1,30,,20468,25,4,,1
10301,'2',623,,20487,25,4,,1,100,,20493,25,4,,1,30,,20491,25,4,,1,70,,20488,25,4,,1,30,,20486,25,4,,1,70,,20498,25,4,,1,30,,20503,25,4,,1,70,,20495,25,4,,1,100,,20504,25,4,,1,100,,20499,25,4,,1,100,,20494,25,4,,1,100,,20490,25,4,,1,100,,20505,25,4,,1,30,,20489,25,4,,1,70,,20497,25,4,,1,30,,20496,25,4,,1,70,,20500,25,4,,1,30,,20492,25,4,,1,70,,20501,25,4,,1,30,,20502,25,4,,1
10301,'3',623,,20511,25,4,,1,100,,20521,25,4,,1,30,,20509,25,4,,1,70,,20515,25,4,,1,30,,20512,25,4,,1,70,,20507,25,4,,1,30,,20506,25,4,,1,70,,20518,25,4,,1,100,,20508,25,4,,1,100,,20522,25,4,,1,100,,20516,25,4,,1,100,,20523,25,4,,1,100,,20513,25,4,,1,30,,20510,25,4,,1,70,,20524,25,4,,1,30,,20517,25,4,,1,70,,20520,25,4,,1,30,,20514,25,4,,1,70,,20519,25,4,,1,30,,20525,25,4,,1
10301,'4',623,,20534,25,4,,1,100,,20531,25,4,,1,30,,20529,25,4,,1,70,,20533,25,4,,1,30,,20537,25,4,,1,70,,20532,25,4,,1,30,,20538,25,4,,1,70,,20527,25,4,,1,100,,20535,25,4,,1,100,,20528,25,4,,1,100,,20543,25,4,,1,100,,20540,25,4,,1,100,,20530,25,4,,1,30,,20542,25,4,,1,70,,20536,25,4,,1,30,,20539,25,4,,1,70,,20544,25,4,,1,30,,20545,25,4,,1,70,,20541,25,4,,1,30,,20526,25,4,,1
10301,'5',623,,20562,25,4,,1,100,,20547,25,4,,1,30,,20550,25,4,,1,70,,20558,25,4,,1,30,,20549,25,4,,1,70,,20560,25,4,,1,30,,20565,25,4,,1,70,,20564,25,4,,1,100,,20554,25,4,,1,100,,20548,25,4,,1,100,,20546,25,4,,1,100,,20561,25,4,,1,100,,20559,25,4,,1,30,,20556,25,4,,1,70,,20555,25,4,,1,30,,20551,25,4,,1,70,,20563,25,4,,1,30,,20557,25,4,,1,70,,20553,25,4,,1,30,,20552,25,4,,1
10301,'7',623,,20583,25,4,,1,100,,20579,25,4,,1,30,,20568,25,4,,1,70,,20570,25,4,,1,30,,20574,25,4,,1,70,,20580,25,4,,1,30,,20566,25,4,,1,70,,20576,25,4,,1,100,,20585,25,4,,1,100,,20573,25,4,,1,100,,20571,25,4,,1,100,,20575,25,4,,1,100,,20578,25,4,,1,30,,20567,25,4,,1,70,,20577,25,4,,1,30,,20584,25,4,,1,70,,20582,25,4,,1,30,,20581,25,4,,1,70,,20569,25,4,,1,30,,20572,25,4,,1
10301,'8',623,,20594,25,4,,1,100,,20588,25,4,,1,30,,20596,25,4,,1,70,,20602,25,4,,1,30,,20598,25,4,,1,70,,20600,25,4,,1,30,,20592,25,4,,1,70,,20593,25,4,,1,100,,20595,25,4,,1,100,,20591,25,4,,1,100,,20586,25,4,,1,100,,20590,25,4,,1,100,,20605,25,4,,1,30,,20597,25,4,,1,70,,20603,25,4,,1,30,,20601,25,4,,1,70,,20604,25,4,,1,30,,20599,25,4,,1,70,,20587,25,4,,1,30,,20589,25,4,,1
10301,'9',623,,20611,25,4,,1,100,,20607,25,4,,1,30,,20610,25,4,,1,70,,20612,25,4,,1,30,,20614,25,4,,1,70,,20625,25,4,,1,30,,20618,25,4,,1,70,,20623,25,4,,1,100,,20609,25,4,,1,100,,20622,25,4,,1,100,,20621,25,4,,1,100,,20615,25,4,,1,100,,20613,25,4,,1,30,,20620,25,4,,1,70,,20617,25,4,,1,30,,20619,25,4,,1,70,,20608,25,4,,1,30,,20616,25,4,,1,70,,20624,25,4,,1,30,,20606,25,4,,1
10400,'1',630,,18641,1,,,1,70,,20630,1,,,1,30,,20627,1,,,1,70,,20647,1,,,1,30,,20637,1,,,1,70,,20646,1,,,1,30,,20629,1,,,1,70,,20628,1,,,1,30,,20645,1,,,1,70,,20633,1,,,1,30,,20644,1,,,1,70,,20635,1,,,1,30,,20632,1,,,1,70,,20641,1,,,1,30,,20626,1,,,1,70,,20640,1,,,1,30,,20631,1,,,1,70,,20639,1,,,1,30,,20643,1,,,1,70,,20642,1,,,1,30,,20649,1,,,1,70,,20636,1,,,1,30,,20638,1,,,1,70,,20634,1,,,1,30,,20648,1,,,1
10400,'2',630,,20668,1,,,1,70,,20664,1,,,1,30,,20655,1,,,1,70,,20669,1,,,1,30,,20652,1,,,1,70,,20663,1,,,1,30,,20650,1,,,1,70,,20670,1,,,1,30,,20659,1,,,1,70,,20654,1,,,1,30,,20662,1,,,1,70,,20656,1,,,1,30,,20657,1,,,1,70,,20665,1,,,1,30,,20661,1,,,1,70,,20666,1,,,1,30,,20667,1,,,1,70,,20673,1,,,1,30,,20660,1,,,1,70,,20674,1,,,1,30,,20651,1,,,1,70,,20653,1,,,1,30,,20672,1,,,1,70,,20658,1,,,1,30,,20671,1,,,1
10400,'3',630,,20680,1,,,1,70,,20678,1,,,1,30,,20693,1,,,1,70,,20683,1,,,1,30,,20691,1,,,1,70,,20687,1,,,1,30,,20684,1,,,1,70,,20685,1,,,1,30,,20688,1,,,1,70,,20695,1,,,1,30,,20697,1,,,1,70,,20681,1,,,1,30,,20677,1,,,1,70,,20690,1,,,1,30,,20682,1,,,1,70,,20689,1,,,1,30,,20699,1,,,1,70,,20696,1,,,1,30,,20694,1,,,1,70,,20676,1,,,1,30,,20679,1,,,1,70,,20675,1,,,1,30,,20692,1,,,1,70,,20698,1,,,1,30,,20686,1,,,1
10400,'4',630,,20713,1,,,1,70,,20709,1,,,1,30,,20718,1,,,1,70,,20705,1,,,1,30,,20701,1,,,1,70,,20703,1,,,1,30,,20714,1,,,1,70,,20723,1,,,1,30,,20700,1,,,1,70,,20710,1,,,1,30,,20716,1,,,1,70,,20720,1,,,1,30,,20704,1,,,1,70,,20712,1,,,1,30,,20721,1,,,1,70,,20706,1,,,1,30,,20717,1,,,1,70,,20722,1,,,1,30,,20702,1,,,1,70,,20719,1,,,1,30,,20708,1,,,1,70,,20711,1,,,1,30,,20715,1,,,1,70,,20724,1,,,1,30,,20707,1,,,1
10400,'5',630,,20728,1,,,1,70,,20748,1,,,1,30,,20732,1,,,1,70,,20739,1,,,1,30,,20746,1,,,1,70,,20737,1,,,1,30,,20742,1,,,1,70,,20734,1,,,1,30,,20741,1,,,1,70,,20727,1,,,1,30,,20738,1,,,1,70,,20740,1,,,1,30,,20725,1,,,1,70,,20726,1,,,1,30,,20744,1,,,1,70,,20730,1,,,1,30,,20731,1,,,1,70,,20736,1,,,1,30,,20747,1,,,1,70,,20743,1,,,1,30,,20735,1,,,1,70,,20729,1,,,1,30,,20745,1,,,1,70,,20733,1,,,1,30,,20749,1,,,1
10400,'7',630,,20750,1,,,1,70,,20762,1,,,1,30,,20751,1,,,1,70,,20772,1,,,1,30,,20764,1,,,1,70,,20755,1,,,1,30,,20753,1,,,1,70,,20757,1,,,1,30,,20765,1,,,1,70,,20766,1,,,1,30,,20769,1,,,1,70,,20758,1,,,1,30,,20761,1,,,1,70,,20754,1,,,1,30,,20768,1,,,1,70,,20763,1,,,1,30,,20767,1,,,1,70,,20756,1,,,1,30,,20760,1,,,1,70,,20771,1,,,1,30,,20759,1,,,1,70,,20752,1,,,1,30,,20770,1,,,1,70,,20773,1,,,1,30,,20774,1,,,1
10400,'8',630,,20777,1,,,1,70,,20782,1,,,1,30,,20785,1,,,1,70,,20778,1,,,1,30,,20779,1,,,1,70,,20788,1,,,1,30,,20781,1,,,1,70,,20798,1,,,1,30,,20787,1,,,1,70,,20799,1,,,1,30,,20775,1,,,1,70,,20792,1,,,1,30,,20796,1,,,1,70,,20776,1,,,1,30,,20786,1,,,1,70,,20784,1,,,1,30,,20794,1,,,1,70,,20789,1,,,1,30,,20790,1,,,1,70,,20780,1,,,1,30,,20783,1,,,1,70,,20791,1,,,1,30,,20797,1,,,1,70,,20795,1,,,1,30,,20793,1,,,1
10400,'9',630,,20804,1,,,1,70,,20815,1,,,1,30,,20822,1,,,1,70,,20806,1,,,1,30,,20800,1,,,1,70,,20805,1,,,1,30,,20821,1,,,1,70,,20808,1,,,1,30,,20813,1,,,1,70,,20801,1,,,1,30,,20810,1,,,1,70,,20812,1,,,1,30,,20819,1,,,1,70,,20823,1,,,1,30,,20820,1,,,1,70,,20802,1,,,1,30,,20816,1,,,1,70,,20809,1,,,1,30,,20817,1,,,1,70,,20818,1,,,1,30,,20814,1,,,1,70,,20803,1,,,1,30,,20824,1,,,1,70,,20807,1,,,1,30,,20811,1,,,1
10401,'1',627,,20825,14,4,,1,30,,20841,14,4,,1,70,,20834,14,4,,1,30,,20828,14,4,,1,70,,20836,14,4,,1,30,,20829,14,4,,1,70,,20840,14,4,,1,30,,20843,14,4,,1,70,,20831,14,4,,1,30,,16078,14,4,,1,70,,20835,14,4,,1,30,,20837,14,4,,1,70,,20830,14,4,,1,30,,20832,14,4,,1,70,,20845,14,4,,1,30,,20839,14,4,,1,70,,20826,14,4,,1,30,,17593,14,4,,1,70,,20844,14,4,,1,30,,20838,14,4,,1,70,,20842,14,4,,1,30,,20846,14,4,,1,70,,20827,14,4,,1,30,,20833,14,4,,1,70,,18471,14,4,,1
10401,'2',627,,20855,14,4,,1,30,,20864,14,4,,1,70,,20857,14,4,,1,30,,20863,14,4,,1,70,,20859,14,4,,1,30,,20853,14,4,,1,70,,17840,14,4,,1,30,,20847,14,4,,1,70,,20869,14,4,,1,30,,20848,14,4,,1,70,,20868,14,4,,1,30,,20865,14,4,,1,70,,20852,14,4,,1,30,,15225,14,4,,1,70,,20850,14,4,,1,30,,20862,14,4,,1,70,,20866,14,4,,1,30,,20858,14,4,,1,70,,20867,14,4,,1,30,,20861,14,4,,1,70,,20856,14,4,,1,30,,20860,14,4,,1,70,,20849,14,4,,1,30,,20854,14,4,,1,70,,20851,14,4,,1
10401,'3',627,,20884,14,4,,1,30,,20870,14,4,,1,70,,20892,14,4,,1,30,,20885,14,4,,1,70,,20881,14,4,,1,30,,20872,14,4,,1,70,,20891,14,4,,1,30,,20875,14,4,,1,70,,20871,14,4,,1,30,,20894,14,4,,1,70,,20879,14,4,,1,30,,20889,14,4,,1,70,,20882,14,4,,1,30,,20883,14,4,,1,70,,20886,14,4,,1,30,,20888,14,4,,1,70,,20877,14,4,,1,30,,20890,14,4,,1,70,,20878,14,4,,1,30,,20873,14,4,,1,70,,20887,14,4,,1,30,,20893,14,4,,1,70,,20876,14,4,,1,30,,20874,14,4,,1,70,,20880,14,4,,1
10401,'4',627,,20906,14,4,,1,30,,20918,14,4,,1,70,,20916,14,4,,1,30,,20912,14,4,,1,70,,20911,14,4,,1,30,,20907,14,4,,1,70,,20913,14,4,,1,30,,20909,14,4,,1,70,,20902,14,4,,1,30,,20903,14,4,,1,70,,20900,14,4,,1,30,,20895,14,4,,1,70,,20915,14,4,,1,30,,20914,14,4,,1,70,,20910,14,4,,1,30,,20897,14,4,,1,70,,20904,14,4,,1,30,,20908,14,4,,1,70,,20919,14,4,,1,30,,20901,14,4,,1,70,,20905,14,4,,1,30,,20898,14,4,,1,70,,20899,14,4,,1,30,,20896,14,4,,1,70,,20917,14,4,,1
10401,'5',627,,20942,14,4,,1,30,,20943,14,4,,1,70,,20938,14,4,,1,30,,20936,14,4,,1,70,,20934,14,4,,1,30,,20928,14,4,,1,70,,20922,14,4,,1,30,,20940,14,4,,1,70,,20926,14,4,,1,30,,20935,14,4,,1,70,,20921,14,4,,1,30,,20933,14,4,,1,70,,20944,14,4,,1,30,,20939,14,4,,1,70,,20920,14,4,,1,30,,20941,14,4,,1,70,,20930,14,4,,1,30,,20931,14,4,,1,70,,20927,14,4,,1,30,,20923,14,4,,1,70,,20932,14,4,,1,30,,20929,14,4,,1,70,,20925,14,4,,1,30,,20937,14,4,,1,70,,20924,14,4,,1
10401,'7',627,,20963,14,4,,1,30,,20965,14,4,,1,70,,20949,14,4,,1,30,,20950,14,4,,1,70,,20967,14,4,,1,30,,20953,14,4,,1,70,,20956,14,4,,1,30,,20952,14,4,,1,70,,20951,14,4,,1,30,,20958,14,4,,1,70,,20962,14,4,,1,30,,20960,14,4,,1,70,,20945,14,4,,1,30,,20948,14,4,,1,70,,20969,14,4,,1,30,,20959,14,4,,1,70,,20955,14,4,,1,30,,20954,14,4,,1,70,,20957,14,4,,1,30,,20964,14,4,,1,70,,20946,14,4,,1,30,,20966,14,4,,1,70,,20947,14,4,,1,30,,20961,14,4,,1,70,,20968,14,4,,1
10401,'8',627,,20989,14,4,,1,30,,20971,14,4,,1,70,,20986,14,4,,1,30,,20984,14,4,,1,70,,20970,14,4,,1,30,,20975,14,4,,1,70,,20981,14,4,,1,30,,20978,14,4,,1,70,,20992,14,4,,1,30,,20985,14,4,,1,70,,20991,14,4,,1,30,,20977,14,4,,1,70,,20976,14,4,,1,30,,20972,14,4,,1,70,,20974,14,4,,1,30,,20987,14,4,,1,70,,20982,14,4,,1,30,,20994,14,4,,1,70,,20993,14,4,,1,30,,20973,14,4,,1,70,,20983,14,4,,1,30,,20980,14,4,,1,70,,20988,14,4,,1,30,,20979,14,4,,1,70,,20990,14,4,,1
10401,'9',627,,20997,14,4,,1,30,,20998,14,4,,1,70,,21005,14,4,,1,30,,21011,14,4,,1,70,,21008,14,4,,1,30,,21001,14,4,,1,70,,21009,14,4,,1,30,,21018,14,4,,1,70,,20995,14,4,,1,30,,21004,14,4,,1,70,,21014,14,4,,1,30,,21000,14,4,,1,70,,21010,14,4,,1,30,,20996,14,4,,1,70,,21012,14,4,,1,30,,21017,14,4,,1,70,,21019,14,4,,1,30,,21002,14,4,,1,70,,21015,14,4,,1,30,,20999,14,4,,1,70,,21006,14,4,,1,30,,21013,14,4,,1,70,,21016,14,4,,1,30,,21003,14,4,,1,70,,21007,14,4,,1
10600,'1',637,,21619,1,,,1,100,,21625,1,,,1,70,,21632,1,,,1,30,,21627,1,,,1,70,,21621,1,,,1,30,,21626,1,,,1,100,,21629,1,,,1,100,,21631,1,,,1,100,,21618,1,,,1,100,,16062,1,,,1,100,,21633,1,,,1,70,,21620,1,,,1,30,,21623,1,,,1,70,,21622,1,,,1,23,,21630,1,,,1,77,,21628,1,,,1,23,,21624,1,,,1
10600,'2',637,,21646,1,,,1,100,,21649,1,,,1,70,,17440,1,,,1,30,,21643,1,,,1,70,,21645,1,,,1,30,,21634,1,,,1,100,,21638,1,,,1,100,,21647,1,,,1,100,,21636,1,,,1,100,,21642,1,,,1,100,,21637,1,,,1,70,,21641,1,,,1,30,,21635,1,,,1,70,,21644,1,,,1,23,,21648,1,,,1,77,,21639,1,,,1,23,,21640,1,,,1
10600,'3',637,,21666,1,,,1,100,,21664,1,,,1,70,,21655,1,,,1,30,,21661,1,,,1,70,,21656,1,,,1,30,,21653,1,,,1,100,,21651,1,,,1,100,,21665,1,,,1,100,,21663,1,,,1,100,,21657,1,,,1,100,,21654,1,,,1,70,,21662,1,,,1,30,,21650,1,,,1,70,,21658,1,,,1,23,,21659,1,,,1,77,,21660,1,,,1,23,,21652,1,,,1
10600,'4',637,,21682,1,,,1,100,,21676,1,,,1,70,,21674,1,,,1,30,,21681,1,,,1,70,,21675,1,,,1,30,,21680,1,,,1,100,,21671,1,,,1,100,,21678,1,,,1,100,,21673,1,,,1,100,,21668,1,,,1,100,,21667,1,,,1,70,,21683,1,,,1,30,,21670,1,,,1,70,,21679,1,,,1,23,,21669,1,,,1,77,,21677,1,,,1,23,,21672,1,,,1
10600,'5',637,,21697,1,,,1,100,,21693,1,,,1,70,,21684,1,,,1,30,,21696,1,,,1,70,,21686,1,,,1,30,,21690,1,,,1,100,,21692,1,,,1,100,,21685,1,,,1,100,,21691,1,,,1,100,,21699,1,,,1,100,,21694,1,,,1,70,,21698,1,,,1,30,,21695,1,,,1,70,,21700,1,,,1,23,,21688,1,,,1,77,,21689,1,,,1,23,,21687,1,,,1
10600,'7',637,,21713,1,,,1,100,,21716,1,,,1,70,,21703,1,,,1,30,,21705,1,,,1,70,,21702,1,,,1,30,,21701,1,,,1,100,,21708,1,,,1,100,,21710,1,,,1,100,,21706,1,,,1,100,,21717,1,,,1,100,,21712,1,,,1,70,,21704,1,,,1,30,,21715,1,,,1,70,,21714,1,,,1,23,,21707,1,,,1,77,,21711,1,,,1,23,,21709,1,,,1
10600,'8',637,,21727,1,,,1,100,,21721,1,,,1,70,,21723,1,,,1,30,,21730,1,,,1,70,,21734,1,,,1,30,,21729,1,,,1,100,,21726,1,,,1,100,,21718,1,,,1,100,,21732,1,,,1,100,,21720,1,,,1,100,,21725,1,,,1,70,,21731,1,,,1,30,,21722,1,,,1,70,,21724,1,,,1,23,,21728,1,,,1,77,,21719,1,,,1,23,,21733,1,,,1
10600,'9',637,,21739,1,,,1,100,,21749,1,,,1,70,,21746,1,,,1,30,,21751,1,,,1,70,,21743,1,,,1,30,,21737,1,,,1,100,,21750,1,,,1,100,,21744,1,,,1,100,,21745,1,,,1,100,,21740,1,,,1,100,,21742,1,,,1,70,,21736,1,,,1,30,,21748,1,,,1,70,,21747,1,,,1,23,,21738,1,,,1,77,,21741,1,,,1,23,,21735,1,,,1
10601,'1',621,,21756,30,4,,1,100,,21766,30,4,,1,30,,21752,30,4,,1,70,,21767,30,4,,1,30,,21760,30,4,,1,70,,21758,30,4,,1,100,,21755,30,4,,1,100,,21757,30,4,,1,100,,21764,30,4,,1,100,,18489,30,4,,1,100,,21759,30,4,,1,30,,21765,30,4,,1,70,,21763,30,4,,1,30,,21753,30,4,,1,70,,21770,30,4,,1,30,,21769,30,4,,1,70,,21761,30,4,,1,30,,21762,30,4,,1,70,,21768,30,4,,1
10601,'2',621,,21775,30,4,,1,100,,21776,30,4,,1,30,,21790,30,4,,1,70,,21780,30,4,,1,30,,21788,30,4,,1,70,,21784,30,4,,1,100,,21782,30,4,,1,100,,21787,30,4,,1,100,,21786,30,4,,1,100,,21771,30,4,,1,100,,21779,30,4,,1,30,,21773,30,4,,1,70,,21772,30,4,,1,30,,21785,30,4,,1,70,,21777,30,4,,1,30,,21781,30,4,,1,70,,21783,30,4,,1,30,,21789,30,4,,1,70,,21774,30,4,,1
10601,'3',621,,21802,30,4,,1,100,,21803,30,4,,1,30,,21799,30,4,,1,70,,21797,30,4,,1,30,,21795,30,4,,1,70,,21798,30,4,,1,100,,21793,30,4,,1,100,,21808,30,4,,1,100,,21805,30,4,,1,100,,21810,30,4,,1,100,,21792,30,4,,1,30,,21807,30,4,,1,70,,21800,30,4,,1,30,,21791,30,4,,1,70,,21794,30,4,,1,30,,21806,30,4,,1,70,,21796,30,4,,1,30,,21809,30,4,,1,70,,21801,30,4,,1
10601,'4',621,,21812,30,4,,1,100,,21818,30,4,,1,30,,21822,30,4,,1,70,,21820,30,4,,1,30,,21828,30,4,,1,70,,21830,30,4,,1,100,,21815,30,4,,1,100,,21821,30,4,,1,100,,21814,30,4,,1,100,,21816,30,4,,1,100,,21826,30,4,,1,30,,21825,30,4,,1,70,,21823,30,4,,1,30,,21813,30,4,,1,70,,21829,30,4,,1,30,,21824,30,4,,1,70,,21811,30,4,,1,30,,21817,30,4,,1,70,,21827,30,4,,1
10601,'5',621,,21840,30,4,,1,100,,21834,30,4,,1,30,,21835,30,4,,1,70,,21833,30,4,,1,30,,21838,30,4,,1,70,,21843,30,4,,1,100,,21845,30,4,,1,100,,21839,30,4,,1,100,,21848,30,4,,1,100,,21842,30,4,,1,100,,21832,30,4,,1,30,,21846,30,4,,1,70,,21844,30,4,,1,30,,21837,30,4,,1,70,,21841,30,4,,1,30,,21850,30,4,,1,70,,21831,30,4,,1,30,,21836,30,4,,1,70,,21847,30,4,,1
10601,'7',621,,21851,30,4,,1,100,,21868,30,4,,1,30,,21853,30,4,,1,70,,21865,30,4,,1,30,,21863,30,4,,1,70,,21857,30,4,,1,100,,21867,30,4,,1,100,,21861,30,4,,1,100,,21866,30,4,,1,100,,21860,30,4,,1,100,,21856,30,4,,1,30,,21854,30,4,,1,70,,21859,30,4,,1,30,,21862,30,4,,1,70,,21855,30,4,,1,30,,21870,30,4,,1,70,,21858,30,4,,1,30,,21869,30,4,,1,70,,21852,30,4,,1
10601,'8',621,,21882,30,4,,1,100,,21875,30,4,,1,30,,21888,30,4,,1,70,,21877,30,4,,1,30,,21879,30,4,,1,70,,21881,30,4,,1,100,,21886,30,4,,1,100,,21885,30,4,,1,100,,21874,30,4,,1,100,,21889,30,4,,1,100,,21880,30,4,,1,30,,21872,30,4,,1,70,,21883,30,4,,1,30,,21878,30,4,,1,70,,21884,30,4,,1,30,,21887,30,4,,1,70,,21876,30,4,,1,30,,21873,30,4,,1,70,,21871,30,4,,1
10601,'9',621,,21902,30,4,,1,100,,21895,30,4,,1,30,,21903,30,4,,1,70,,21893,30,4,,1,30,,21904,30,4,,1,70,,21910,30,4,,1,100,,21900,30,4,,1,100,,21897,30,4,,1,100,,21898,30,4,,1,100,,21909,30,4,,1,100,,21896,30,4,,1,30,,21899,30,4,,1,70,,21907,30,4,,1,30,,21908,30,4,,1,70,,21905,30,4,,1,30,,21894,30,4,,1,70,,21891,30,4,,1,30,,21892,30,4,,1,70,,21906,30,4,,1
10700,'1',630,,21914,1,,,1,100,,21915,1,,,1,70,,21920,1,,,1,30,,21926,1,,,1,70,,21913,1,,,1,30,,21912,1,,,1,100,,21917,1,,,1,100,,21923,1,,,1,100,,21924,1,,,1,100,,17265,1,,,1,100,,21925,1,,,1,70,,21922,1,,,1,30,,21919,1,,,1,70,,18192,1,,,1,30,,21911,1,,,1,70,,21921,1,,,1,30,,18668,1,,,1,70,,21916,1,,,1,30,,21918,1,,,1
10700,'2',630,,21936,1,,,1,100,,21932,1,,,1,70,,21927,1,,,1,30,,21943,1,,,1,70,,21933,1,,,1,30,,21944,1,,,1,100,,21935,1,,,1,100,,21942,1,,,1,100,,21937,1,,,1,100,,21938,1,,,1,100,,15154,1,,,1,70,,21934,1,,,1,30,,21931,1,,,1,70,,21930,1,,,1,30,,21940,1,,,1,70,,21939,1,,,1,30,,21941,1,,,1,70,,21928,1,,,1,30,,21929,1,,,1
10700,'3',630,,21959,1,,,1,100,,21954,1,,,1,70,,21956,1,,,1,30,,21948,1,,,1,70,,21962,1,,,1,30,,21957,1,,,1,100,,21963,1,,,1,100,,21961,1,,,1,100,,21950,1,,,1,100,,21945,1,,,1,100,,21947,1,,,1,70,,21949,1,,,1,30,,21953,1,,,1,70,,21955,1,,,1,30,,21951,1,,,1,70,,21952,1,,,1,30,,21958,1,,,1,70,,21960,1,,,1,30,,21946,1,,,1
10700,'4',630,,21981,1,,,1,100,,21977,1,,,1,70,,21968,1,,,1,30,,21966,1,,,1,70,,21979,1,,,1,30,,21980,1,,,1,100,,21976,1,,,1,100,,21973,1,,,1,100,,21969,1,,,1,100,,21971,1,,,1,100,,21974,1,,,1,70,,21970,1,,,1,30,,21972,1,,,1,70,,21978,1,,,1,30,,21964,1,,,1,70,,21982,1,,,1,30,,21967,1,,,1,70,,21965,1,,,1,30,,21975,1,,,1
10700,'5',630,,22000,1,,,1,100,,22001,1,,,1,70,,21994,1,,,1,30,,21992,1,,,1,70,,21999,1,,,1,30,,21993,1,,,1,100,,21998,1,,,1,100,,21986,1,,,1,100,,21991,1,,,1,100,,21995,1,,,1,100,,21983,1,,,1,70,,21989,1,,,1,30,,21990,1,,,1,70,,21984,1,,,1,30,,21996,1,,,1,70,,21997,1,,,1,30,,21987,1,,,1,70,,21985,1,,,1,30,,21988,1,,,1
10700,'7',630,,22012,1,,,1,100,,22007,1,,,1,70,,22008,1,,,1,30,,22017,1,,,1,70,,22018,1,,,1,30,,22004,1,,,1,100,,22009,1,,,1,100,,22019,1,,,1,100,,22015,1,,,1,100,,22003,1,,,1,100,,22006,1,,,1,70,,22011,1,,,1,30,,22020,1,,,1,70,,22005,1,,,1,30,,22016,1,,,1,70,,22013,1,,,1,30,,22002,1,,,1,70,,22014,1,,,1,30,,22010,1,,,1
10700,'8',630,,22029,1,,,1,100,,22031,1,,,1,70,,22026,1,,,1,30,,22030,1,,,1,70,,22027,1,,,1,30,,22035,1,,,1,100,,22034,1,,,1,100,,22024,1,,,1,100,,22025,1,,,1,100,,22032,1,,,1,100,,22033,1,,,1,70,,22022,1,,,1,30,,22038,1,,,1,70,,22021,1,,,1,30,,22023,1,,,1,70,,22039,1,,,1,30,,22037,1,,,1,70,,22036,1,,,1,30,,22028,1,,,1
10700,'9',630,,22044,1,,,1,100,,22057,1,,,1,70,,22058,1,,,1,30,,22048,1,,,1,70,,22043,1,,,1,30,,22045,1,,,1,100,,22055,1,,,1,100,,22051,1,,,1,100,,22054,1,,,1,100,,22052,1,,,1,100,,22046,1,,,1,70,,22047,1,,,1,30,,22042,1,,,1,70,,22049,1,,,1,30,,22053,1,,,1,70,,22050,1,,,1,30,,22041,1,,,1,70,,22056,1,,,1,30,,22040,1,,,1
10701,'1',624,,22096,15,4,,1,100,,22111,15,4,,1,30,,22108,15,4,,1,70,,22105,15,4,,1,30,,22065,15,4,,1,70,,22062,15,4,,1,100,,22087,15,4,,1,100,,22107,15,4,,1,100,,22112,15,4,,1,100,,22077,15,4,,1,100,,22100,15,4,,1,30,,22064,15,4,,1,70,,22092,15,4,,1,30,,22115,15,4,,1,70,,22101,15,4,,1,30,,22113,15,4,,1,70,,22063,15,4,,1,30,,22060,15,4,,1,70,,22074,15,4,,1,100,,22080,15,4,,1
10701,'2',624,,22153,15,4,,1,100,,22150,15,4,,1,30,,22151,15,4,,1,70,,22142,15,4,,1,30,,22144,15,4,,1,70,,22156,15,4,,1,100,,22175,15,4,,1,100,,22123,15,4,,1,100,,22157,15,4,,1,100,,22147,15,4,,1,100,,22174,15,4,,1,30,,22161,15,4,,1,70,,22159,15,4,,1,30,,22149,15,4,,1,70,,22143,15,4,,1,30,,22131,15,4,,1,70,,22163,15,4,,1,30,,22132,15,4,,1,70,,22134,15,4,,1,100,,18598,15,4,,1
10701,'3',624,,22228,15,4,,1,100,,22231,15,4,,1,30,,22212,15,4,,1,70,,22226,15,4,,1,30,,22211,15,4,,1,70,,22196,15,4,,1,100,,22215,15,4,,1,100,,22190,15,4,,1,100,,22195,15,4,,1,100,,22198,15,4,,1,100,,22202,15,4,,1,30,,22207,15,4,,1,70,,22232,15,4,,1,30,,22179,15,4,,1,70,,22209,15,4,,1,30,,22206,15,4,,1,70,,22217,15,4,,1,30,,22216,15,4,,1,70,,22210,15,4,,1,100,,22220,15,4,,1
10701,'4',624,,22286,15,4,,1,100,,22276,15,4,,1,30,,22261,15,4,,1,70,,22247,15,4,,1,30,,22279,15,4,,1,70,,22275,15,4,,1,100,,22284,15,4,,1,100,,22270,15,4,,1,100,,22242,15,4,,1,100,,22288,15,4,,1,100,,22243,15,4,,1,30,,22249,15,4,,1,70,,22272,15,4,,1,30,,22236,15,4,,1,70,,22251,15,4,,1,30,,22280,15,4,,1,70,,22295,15,4,,1,30,,22287,15,4,,1,70,,22237,15,4,,1,100,,22262,15,4,,1
10701,'5',624,,22340,15,4,,1,100,,22313,15,4,,1,30,,22337,15,4,,1,70,,22352,15,4,,1,30,,22307,15,4,,1,70,,22343,15,4,,1,100,,22316,15,4,,1,100,,22344,15,4,,1,100,,22349,15,4,,1,100,,22350,15,4,,1,100,,22310,15,4,,1,30,,22347,15,4,,1,70,,22348,15,4,,1,30,,22299,15,4,,1,70,,22301,15,4,,1,30,,22322,15,4,,1,70,,22318,15,4,,1,30,,22296,15,4,,1,70,,22298,15,4,,1,100,,22333,15,4,,1
10701,'7',624,,22372,15,4,,1,100,,22364,15,4,,1,30,,22377,15,4,,1,70,,22358,15,4,,1,30,,22366,15,4,,1,70,,22406,15,4,,1,100,,22411,15,4,,1,100,,22407,15,4,,1,100,,22373,15,4,,1,100,,22413,15,4,,1,100,,22404,15,4,,1,30,,22403,15,4,,1,70,,22389,15,4,,1,30,,22359,15,4,,1,70,,22408,15,4,,1,30,,22362,15,4,,1,70,,22399,15,4,,1,30,,22380,15,4,,1,70,,22378,15,4,,1,100,,22374,15,4,,1
10701,'8',624,,22444,15,4,,1,100,,22461,15,4,,1,30,,22425,15,4,,1,70,,22419,15,4,,1,30,,22417,15,4,,1,70,,22475,15,4,,1,100,,22466,15,4,,1,100,,22472,15,4,,1,100,,22443,15,4,,1,100,,22469,15,4,,1,100,,22426,15,4,,1,30,,22458,15,4,,1,70,,22468,15,4,,1,30,,22453,15,4,,1,70,,22433,15,4,,1,30,,22423,15,4,,1,70,,22454,15,4,,1,30,,22428,15,4,,1,70,,22437,15,4,,1,100,,22457,15,4,,1
10701,'9',624,,22526,15,4,,1,100,,22507,15,4,,1,30,,22513,15,4,,1,70,,22495,15,4,,1,30,,22532,15,4,,1,70,,22499,15,4,,1,100,,22510,15,4,,1,100,,22533,15,4,,1,100,,22496,15,4,,1,100,,22528,15,4,,1,100,,22487,15,4,,1,30,,22522,15,4,,1,70,,22505,15,4,,1,30,,22504,15,4,,1,70,,22492,15,4,,1,30,,22500,15,4,,1,70,,22509,15,4,,1,30,,22498,15,4,,1,70,,22520,15,4,,1,100,,22502,15,4,,1
11000,'1',630,,23450,1,,,1,70,,23438,1,,,1,30,,23440,1,,,1,70,,23453,1,,,1,30,,23441,1,,,1,70,,23446,1,,,1,30,,23448,1,,,1,70,,23437,1,,,1,30,,23447,1,,,1,70,,23434,1,,,1,30,,23436,1,,,1,70,,23445,1,,,1,30,,23457,1,,,1,70,,23451,1,,,1,30,,23452,1,,,1,70,,23439,1,,,1,30,,23435,1,,,1,70,,23433,1,,,1,30,,23443,1,,,1,70,,23455,1,,,1,30,,23449,1,,,1,70,,23444,1,,,1,30,,23456,1,,,1,70,,23442,1,,,1,30,,23454,1,,,1
11000,'2',630,,23470,1,,,1,70,,23459,1,,,1,30,,23463,1,,,1,70,,23475,1,,,1,30,,23478,1,,,1,70,,23476,1,,,1,30,,23466,1,,,1,70,,23467,1,,,1,30,,23458,1,,,1,70,,23461,1,,,1,30,,23477,1,,,1,70,,23479,1,,,1,30,,23471,1,,,1,70,,23473,1,,,1,30,,17518,1,,,1,70,,23480,1,,,1,30,,23474,1,,,1,70,,23460,1,,,1,30,,23472,1,,,1,70,,23465,1,,,1,30,,23481,1,,,1,70,,23469,1,,,1,30,,23468,1,,,1,70,,23462,1,,,1,30,,23464,1,,,1
11000,'3',630,,23483,1,,,1,70,,23502,1,,,1,30,,23482,1,,,1,70,,23503,1,,,1,30,,23485,1,,,1,70,,23496,1,,,1,30,,23484,1,,,1,70,,23493,1,,,1,30,,23495,1,,,1,70,,23494,1,,,1,30,,23501,1,,,1,70,,23492,1,,,1,30,,23488,1,,,1,70,,23498,1,,,1,30,,23490,1,,,1,70,,23499,1,,,1,30,,23486,1,,,1,70,,23500,1,,,1,30,,23489,1,,,1,70,,23497,1,,,1,30,,23491,1,,,1,70,,23504,1,,,1,30,,23505,1,,,1,70,,23487,1,,,1,30,,23506,1,,,1
11000,'4',630,,23530,1,,,1,70,,23529,1,,,1,30,,23527,1,,,1,70,,23508,1,,,1,30,,23521,1,,,1,70,,23520,1,,,1,30,,23509,1,,,1,70,,23522,1,,,1,30,,23507,1,,,1,70,,23510,1,,,1,30,,23514,1,,,1,70,,23517,1,,,1,30,,23516,1,,,1,70,,23531,1,,,1,30,,23512,1,,,1,70,,23525,1,,,1,30,,23526,1,,,1,70,,23524,1,,,1,30,,23511,1,,,1,70,,23518,1,,,1,30,,23513,1,,,1,70,,23515,1,,,1,30,,23519,1,,,1,70,,23528,1,,,1,30,,23523,1,,,1
11000,'5',630,,23550,1,,,1,70,,23546,1,,,1,30,,23551,1,,,1,70,,23535,1,,,1,30,,23547,1,,,1,70,,23537,1,,,1,30,,23539,1,,,1,70,,23534,1,,,1,30,,23543,1,,,1,70,,23536,1,,,1,30,,23533,1,,,1,70,,23532,1,,,1,30,,23541,1,,,1,70,,23538,1,,,1,30,,23555,1,,,1,70,,23542,1,,,1,30,,23554,1,,,1,70,,23556,1,,,1,30,,23540,1,,,1,70,,23548,1,,,1,30,,23553,1,,,1,70,,23552,1,,,1,30,,23544,1,,,1,70,,23549,1,,,1,30,,23545,1,,,1
11000,'7',630,,23559,1,,,1,70,,23578,1,,,1,30,,23565,1,,,1,70,,23576,1,,,1,30,,23573,1,,,1,70,,23579,1,,,1,30,,23569,1,,,1,70,,23574,1,,,1,30,,23572,1,,,1,70,,23568,1,,,1,30,,23570,1,,,1,70,,23580,1,,,1,30,,23558,1,,,1,70,,23561,1,,,1,30,,23577,1,,,1,70,,23575,1,,,1,30,,23562,1,,,1,70,,23563,1,,,1,30,,23566,1,,,1,70,,23581,1,,,1,30,,23557,1,,,1,70,,23567,1,,,1,30,,23560,1,,,1,70,,23571,1,,,1,30,,23564,1,,,1
11000,'8',630,,23586,1,,,1,70,,23595,1,,,1,30,,23593,1,,,1,70,,23603,1,,,1,30,,23602,1,,,1,70,,23589,1,,,1,30,,23596,1,,,1,70,,23599,1,,,1,30,,23582,1,,,1,70,,23606,1,,,1,30,,23590,1,,,1,70,,23600,1,,,1,30,,23584,1,,,1,70,,23587,1,,,1,30,,23601,1,,,1,70,,23598,1,,,1,30,,23588,1,,,1,70,,23592,1,,,1,30,,23594,1,,,1,70,,23605,1,,,1,30,,23591,1,,,1,70,,23583,1,,,1,30,,23585,1,,,1,70,,23604,1,,,1,30,,23597,1,,,1
11000,'9',630,,23620,1,,,1,70,,23613,1,,,1,30,,23631,1,,,1,70,,23615,1,,,1,30,,23612,1,,,1,70,,23626,1,,,1,30,,23628,1,,,1,70,,23608,1,,,1,30,,23629,1,,,1,70,,23611,1,,,1,30,,23609,1,,,1,70,,23610,1,,,1,30,,23630,1,,,1,70,,23621,1,,,1,30,,23616,1,,,1,70,,23627,1,,,1,30,,23623,1,,,1,70,,23614,1,,,1,30,,23622,1,,,1,70,,23607,1,,,1,30,,23625,1,,,1,70,,23618,1,,,1,30,,23624,1,,,1,70,,23619,1,,,1,30,,23617,1,,,1
11001,'1',624,,23642,13,4,,1,30,,23654,13,4,,1,70,,23643,13,4,,1,30,,23650,13,4,,1,70,,23633,13,4,,1,30,,23638,13,4,,1,70,,23640,13,4,,1,30,,23632,13,4,,1,70,,23637,13,4,,1,30,,23653,13,4,,1,70,,23652,13,4,,1,30,,23645,13,4,,1,70,,23656,13,4,,1,30,,23647,13,4,,1,70,,23646,13,4,,1,30,,23634,13,4,,1,70,,23636,13,4,,1,30,,23639,13,4,,1,70,,23648,13,4,,1,30,,23644,13,4,,1,70,,23649,13,4,,1,30,,23641,13,4,,1,70,,23655,13,4,,1,30,,23651,13,4,,1,70,,23635,13,4,,1
11001,'2',624,,23671,13,4,,1,30,,23670,13,4,,1,70,,23673,13,4,,1,30,,23667,13,4,,1,70,,23675,13,4,,1,30,,23665,13,4,,1,70,,23678,13,4,,1,30,,23657,13,4,,1,70,,23674,13,4,,1,30,,23669,13,4,,1,70,,23659,13,4,,1,30,,23661,13,4,,1,70,,23672,13,4,,1,30,,18124,13,4,,1,70,,23664,13,4,,1,30,,23660,13,4,,1,70,,23666,13,4,,1,30,,18251,13,4,,1,70,,23677,13,4,,1,30,,23676,13,4,,1,70,,23679,13,4,,1,30,,23668,13,4,,1,70,,23662,13,4,,1,30,,23663,13,4,,1,70,,23658,13,4,,1
11001,'3',624,,23696,13,4,,1,30,,23701,13,4,,1,70,,23693,13,4,,1,30,,23702,13,4,,1,70,,23681,13,4,,1,30,,23695,13,4,,1,70,,23704,13,4,,1,30,,23682,13,4,,1,70,,23698,13,4,,1,30,,23692,13,4,,1,70,,23688,13,4,,1,30,,23689,13,4,,1,70,,23683,13,4,,1,30,,23687,13,4,,1,70,,23691,13,4,,1,30,,23680,13,4,,1,70,,23699,13,4,,1,30,,23690,13,4,,1,70,,23694,13,4,,1,30,,23700,13,4,,1,70,,23685,13,4,,1,30,,23686,13,4,,1,70,,23703,13,4,,1,30,,23684,13,4,,1,70,,23697,13,4,,1
11001,'4',624,,23708,13,4,,1,30,,23706,13,4,,1,70,,23712,13,4,,1,30,,23724,13,4,,1,70,,23718,13,4,,1,30,,23728,13,4,,1,70,,23719,13,4,,1,30,,23723,13,4,,1,70,,23729,13,4,,1,30,,23725,13,4,,1,70,,23705,13,4,,1,30,,23720,13,4,,1,70,,23709,13,4,,1,30,,23714,13,4,,1,70,,23711,13,4,,1,30,,23727,13,4,,1,70,,23721,13,4,,1,30,,23722,13,4,,1,70,,23707,13,4,,1,30,,23713,13,4,,1,70,,23726,13,4,,1,30,,23716,13,4,,1,70,,23715,13,4,,1,30,,23710,13,4,,1,70,,23717,13,4,,1
11001,'5',624,,23730,13,4,,1,30,,23748,13,4,,1,70,,23741,13,4,,1,30,,23740,13,4,,1,70,,23745,13,4,,1,30,,23750,13,4,,1,70,,23737,13,4,,1,30,,23731,13,4,,1,70,,23752,13,4,,1,30,,23746,13,4,,1,70,,23744,13,4,,1,30,,23742,13,4,,1,70,,23738,13,4,,1,30,,23732,13,4,,1,70,,23747,13,4,,1,30,,23743,13,4,,1,70,,23739,13,4,,1,30,,23733,13,4,,1,70,,23736,13,4,,1,30,,23749,13,4,,1,70,,23753,13,4,,1,30,,23735,13,4,,1,70,,23734,13,4,,1,30,,23751,13,4,,1,70,,23754,13,4,,1
11001,'7',624,,23763,13,4,,1,30,,23777,13,4,,1,70,,23776,13,4,,1,30,,23768,13,4,,1,70,,23767,13,4,,1,30,,23769,13,4,,1,70,,23775,13,4,,1,30,,23766,13,4,,1,70,,23765,13,4,,1,30,,23774,13,4,,1,70,,23779,13,4,,1,30,,23773,13,4,,1,70,,23764,13,4,,1,30,,23761,13,4,,1,70,,23771,13,4,,1,30,,23758,13,4,,1,70,,23770,13,4,,1,30,,23755,13,4,,1,70,,23772,13,4,,1,30,,23757,13,4,,1,70,,23778,13,4,,1,30,,23759,13,4,,1,70,,23756,13,4,,1,30,,23762,13,4,,1,70,,23760,13,4,,1
11001,'8',624,,23789,13,4,,1,30,,23790,13,4,,1,70,,23792,13,4,,1,30,,23794,13,4,,1,70,,23801,13,4,,1,30,,23788,13,4,,1,70,,23781,13,4,,1,30,,23797,13,4,,1,70,,23795,13,4,,1,30,,23787,13,4,,1,70,,23804,13,4,,1,30,,23784,13,4,,1,70,,23800,13,4,,1,30,,23783,13,4,,1,70,,23786,13,4,,1,30,,23803,13,4,,1,70,,23799,13,4,,1,30,,23796,13,4,,1,70,,23802,13,4,,1,30,,23793,13,4,,1,70,,23782,13,4,,1,30,,23798,13,4,,1,70,,23780,13,4,,1,30,,23791,13,4,,1,70,,23785,13,4,,1
11001,'9',624,,23827,13,4,,1,30,,23829,13,4,,1,70,,23808,13,4,,1,30,,23819,13,4,,1,70,,23811,13,4,,1,30,,23813,13,4,,1,70,,23805,13,4,,1,30,,23814,13,4,,1,70,,23826,13,4,,1,30,,23820,13,4,,1,70,,23817,13,4,,1,30,,23810,13,4,,1,70,,23828,13,4,,1,30,,23807,13,4,,1,70,,23825,13,4,,1,30,,23809,13,4,,1,70,,23812,13,4,,1,30,,23815,13,4,,1,70,,23816,13,4,,1,30,,23821,13,4,,1,70,,23806,13,4,,1,30,,23818,13,4,,1,70,,23822,13,4,,1,30,,23823,13,4,,1,70,,23824,13,4,,1
11500,'1',700,,25320,1,0,7 1 8,1,30,,25326,1,0,7 1 8,1,70,,25315,1,0,7 1 8,1,30,,25316,1,0,7 1 8,1,70,,25325,1,0,7 1 8,1,30,,25332,1,0,7 1 8,1,70,,25328,1,0,7 1 8,1,100,,25327,1,0,7 1 8,1,100,,25319,1,0,7 1 8,1,100,,25323,1,0,7 1 8,1,100,,25322,1,0,7 1 8,1,100,,25330,1,0,7 1 8,1,30,,25331,1,0,7 1 8,1,70,,25318,1,0,7 1 8,1,30,,25321,1,0,7 1 8,1,70,,25324,1,0,7 1 8,1,30,,25317,1,0,7 1 8,1,70,,25329,1,0,7 1 8,1
11500,'2',700,,25349,1,0,7 1 8,1,30,,25334,1,0,7 1 8,1,70,,25338,1,0,7 1 8,1,30,,25347,1,0,7 1 8,1,70,,25335,1,0,7 1 8,1,30,,25336,1,0,7 1 8,1,70,,25339,1,0,7 1 8,1,100,,25333,1,0,7 1 8,1,100,,25343,1,0,7 1 8,1,100,,25341,1,0,7 1 8,1,100,,25337,1,0,7 1 8,1,100,,25344,1,0,7 1 8,1,30,,25346,1,0,7 1 8,1,70,,25348,1,0,7 1 8,1,30,,25340,1,0,7 1 8,1,70,,25342,1,0,7 1 8,1,30,,25345,1,0,7 1 8,1,70,,25350,1,0,7 1 8,1
11500,'3',700,,25367,1,0,7 1 8,1,30,,25365,1,0,7 1 8,1,70,,25357,1,0,7 1 8,1,30,,25362,1,0,7 1 8,1,70,,25352,1,0,7 1 8,1,30,,25354,1,0,7 1 8,1,70,,25366,1,0,7 1 8,1,100,,25359,1,0,7 1 8,1,100,,25368,1,0,7 1 8,1,100,,25360,1,0,7 1 8,1,100,,25364,1,0,7 1 8,1,100,,25358,1,0,7 1 8,1,30,,25363,1,0,7 1 8,1,70,,25355,1,0,7 1 8,1,30,,25353,1,0,7 1 8,1,70,,25351,1,0,7 1 8,1,30,,25361,1,0,7 1 8,1,70,,25356,1,0,7 1 8,1
11500,'4',700,,25373,1,0,7 1 8,1,30,,25369,1,0,7 1 8,1,70,,25384,1,0,7 1 8,1,30,,25383,1,0,7 1 8,1,70,,25374,1,0,7 1 8,1,30,,25380,1,0,7 1 8,1,70,,25386,1,0,7 1 8,1,100,,25376,1,0,7 1 8,1,100,,25372,1,0,7 1 8,1,100,,25378,1,0,7 1 8,1,100,,25385,1,0,7 1 8,1,100,,25375,1,0,7 1 8,1,30,,25371,1,0,7 1 8,1,70,,25379,1,0,7 1 8,1,30,,25370,1,0,7 1 8,1,70,,25381,1,0,7 1 8,1,30,,25382,1,0,7 1 8,1,70,,25377,1,0,7 1 8,1
11500,'5',700,,25393,1,0,7 1 8,1,30,,25402,1,0,7 1 8,1,70,,25394,1,0,7 1 8,1,30,,25392,1,0,7 1 8,1,70,,25400,1,0,7 1 8,1,30,,25390,1,0,7 1 8,1,70,,25391,1,0,7 1 8,1,100,,25389,1,0,7 1 8,1,100,,25404,1,0,7 1 8,1,100,,25395,1,0,7 1 8,1,100,,25397,1,0,7 1 8,1,100,,25387,1,0,7 1 8,1,30,,25399,1,0,7 1 8,1,70,,25403,1,0,7 1 8,1,30,,25401,1,0,7 1 8,1,70,,25396,1,0,7 1 8,1,30,,25388,1,0,7 1 8,1,70,,25398,1,0,7 1 8,1
11500,'7',700,,25418,1,0,7 1 8,1,30,,25420,1,0,7 1 8,1,70,,25408,1,0,7 1 8,1,30,,25419,1,0,7 1 8,1,70,,25421,1,0,7 1 8,1,30,,25412,1,0,7 1 8,1,70,,25422,1,0,7 1 8,1,100,,25414,1,0,7 1 8,1,100,,25405,1,0,7 1 8,1,100,,25411,1,0,7 1 8,1,100,,25410,1,0,7 1 8,1,100,,25406,1,0,7 1 8,1,30,,25413,1,0,7 1 8,1,70,,25415,1,0,7 1 8,1,30,,25416,1,0,7 1 8,1,70,,25417,1,0,7 1 8,1,30,,25409,1,0,7 1 8,1,70,,25407,1,0,7 1 8,1
11500,'8',700,,25427,1,0,7 1 8,1,30,,25438,1,0,7 1 8,1,70,,25425,1,0,7 1 8,1,30,,25434,1,0,7 1 8,1,70,,25429,1,0,7 1 8,1,30,,25433,1,0,7 1 8,1,70,,25440,1,0,7 1 8,1,100,,25435,1,0,7 1 8,1,100,,25437,1,0,7 1 8,1,100,,25432,1,0,7 1 8,1,100,,25436,1,0,7 1 8,1,100,,25424,1,0,7 1 8,1,30,,25426,1,0,7 1 8,1,70,,25431,1,0,7 1 8,1,30,,25428,1,0,7 1 8,1,70,,25430,1,0,7 1 8,1,30,,25439,1,0,7 1 8,1,70,,25423,1,0,7 1 8,1
11500,'9',700,,25456,1,0,7 1 8,1,30,,25454,1,0,7 1 8,1,70,,25441,1,0,7 1 8,1,30,,25445,1,0,7 1 8,1,70,,25458,1,0,7 1 8,1,30,,25449,1,0,7 1 8,1,70,,25446,1,0,7 1 8,1,100,,25452,1,0,7 1 8,1,100,,25443,1,0,7 1 8,1,100,,25447,1,0,7 1 8,1,100,,25451,1,0,7 1 8,1,100,,25450,1,0,7 1 8,1,30,,25444,1,0,7 1 8,1,70,,25457,1,0,7 1 8,1,30,,25453,1,0,7 1 8,1,70,,25455,1,0,7 1 8,1,30,,25442,1,0,7 1 8,1,70,,25448,1,0,7 1 8,1
11600,'1',634,,25795,2,4,,1,1,,25805,1,,,1,69,,25782,2,4,,1,1,,25771,1,,,1,29,,25801,2,4,,1,1,,19042,1,,,1,69,,25793,2,4,,1,1,,17594,1,,,1,29,,25800,2,4,,1,1,,25808,1,,,1,69,,25787,2,4,,1,1,,25777,1,,,1,29,,25791,2,4,,1,1,,25807,1,,,1,69,,25780,2,4,,1,1,,25810,1,,,1,29,,25778,2,4,,1,1,,25774,1,,,1,69,,25788,2,4,,1,1,,25811,1,,,1,29,,25776,2,4,,1,1,,25781,1,,,1,69,,25770,2,4,,1,1,,25789,1,,,1,29,,25769,2,4,,1,1,,25798,1,,,1,69,,25796,2,4,,1,1,,25799,1,,,1,29,,25779,2,4,,1,1,,25790,1,,,1,69,,25809,2,4,,1,1,,25804,1,,,1,29,,25775,2,4,,1,1,,25792,1,,,1,69,,25786,2,4,,1,1,,25784,1,,,1,29,,25803,2,4,,1,1,,25802,1,,,1,69,,25806,2,4,,1,1,,25785,1,,,1,29,,25773,2,4,,1,1,,25768,1,,,1,69,,25794,2,4,,1,1,,25783,1,,,1,29,,25772,2,4,,1,1,,25797,1,,,1
11600,'2',634,,25832,2,4,,1,1,,25816,1,,,1,69,,25814,2,4,,1,1,,14960,1,,,1,29,,25829,2,4,,1,1,,25837,1,,,1,69,,25841,2,4,,1,1,,25826,1,,,1,29,,25854,2,4,,1,1,,25813,1,,,1,69,,25851,2,4,,1,1,,25845,1,,,1,29,,25842,2,4,,1,1,,25828,1,,,1,69,,25831,2,4,,1,1,,25815,1,,,1,29,,25848,2,4,,1,1,,25819,1,,,1,69,,25830,2,4,,1,1,,25834,1,,,1,29,,25840,2,4,,1,1,,25843,1,,,1,69,,25825,2,4,,1,1,,25847,1,,,1,29,,25846,2,4,,1,1,,25856,1,,,1,69,,25835,2,4,,1,1,,25853,1,,,1,29,,25822,2,4,,1,1,,25824,1,,,1,69,,25844,2,4,,1,1,,25836,1,,,1,29,,25823,2,4,,1,1,,25820,1,,,1,69,,25817,2,4,,1,1,,25833,1,,,1,29,,25850,2,4,,1,1,,25812,1,,,1,69,,25852,2,4,,1,1,,25855,1,,,1,29,,25821,2,4,,1,1,,25839,1,,,1,69,,25849,2,4,,1,1,,25838,1,,,1,29,,25827,2,4,,1,1,,25818,1,,,1
11600,'3',634,,25880,2,4,,1,1,,25888,1,,,1,69,,25867,2,4,,1,1,,25885,1,,,1,29,,25894,2,4,,1,1,,25902,1,,,1,69,,25869,2,4,,1,1,,25893,1,,,1,29,,25857,2,4,,1,1,,25864,1,,,1,69,,25881,2,4,,1,1,,25899,1,,,1,29,,25896,2,4,,1,1,,25897,1,,,1,69,,25891,2,4,,1,1,,25900,1,,,1,29,,25858,2,4,,1,1,,25887,1,,,1,69,,25878,2,4,,1,1,,25859,1,,,1,29,,25877,2,4,,1,1,,25866,1,,,1,69,,25895,2,4,,1,1,,25884,1,,,1,29,,25872,2,4,,1,1,,25865,1,,,1,69,,25871,2,4,,1,1,,25901,1,,,1,29,,25863,2,4,,1,1,,25868,1,,,1,69,,25886,2,4,,1,1,,25860,1,,,1,29,,25862,2,4,,1,1,,25898,1,,,1,69,,25882,2,4,,1,1,,25870,1,,,1,29,,25861,2,4,,1,1,,25873,1,,,1,69,,25883,2,4,,1,1,,25890,1,,,1,29,,25876,2,4,,1,1,,25889,1,,,1,69,,25892,2,4,,1,1,,25879,1,,,1,29,,25875,2,4,,1,1,,25874,1,,,1
11600,'4',634,,25928,2,4,,1,1,,25919,1,,,1,69,,25903,2,4,,1,1,,25909,1,,,1,29,,25907,2,4,,1,1,,25904,1,,,1,69,,25911,2,4,,1,1,,25929,1,,,1,29,,25948,2,4,,1,1,,25922,1,,,1,69,,25915,2,4,,1,1,,25938,1,,,1,29,,25935,2,4,,1,1,,25946,1,,,1,69,,25924,2,4,,1,1,,25944,1,,,1,29,,25936,2,4,,1,1,,25925,1,,,1,69,,25926,2,4,,1,1,,25923,1,,,1,29,,25939,2,4,,1,1,,25932,1,,,1,69,,25940,2,4,,1,1,,25910,1,,,1,29,,25913,2,4,,1,1,,25905,1,,,1,69,,25931,2,4,,1,1,,25927,1,,,1,29,,25906,2,4,,1,1,,25933,1,,,1,69,,25917,2,4,,1,1,,25941,1,,,1,29,,25943,2,4,,1,1,,25937,1,,,1,69,,25914,2,4,,1,1,,25918,1,,,1,29,,25947,2,4,,1,1,,25908,1,,,1,69,,25912,2,4,,1,1,,25930,1,,,1,29,,25945,2,4,,1,1,,25934,1,,,1,69,,25916,2,4,,1,1,,25921,1,,,1,29,,25920,2,4,,1,1,,25942,1,,,1
11600,'5',634,,25968,2,4,,1,1,,25988,1,,,1,69,,25949,2,4,,1,1,,25950,1,,,1,29,,25958,2,4,,1,1,,25969,1,,,1,69,,25984,2,4,,1,1,,25989,1,,,1,29,,25967,2,4,,1,1,,25966,1,,,1,69,,25981,2,4,,1,1,,25963,1,,,1,29,,25977,2,4,,1,1,,25994,1,,,1,69,,25960,2,4,,1,1,,25979,1,,,1,29,,25973,2,4,,1,1,,25962,1,,,1,69,,25992,2,4,,1,1,,25972,1,,,1,29,,25954,2,4,,1,1,,25975,1,,,1,69,,25957,2,4,,1,1,,25971,1,,,1,29,,25990,2,4,,1,1,,25952,1,,,1,69,,25955,2,4,,1,1,,25991,1,,,1,29,,25983,2,4,,1,1,,25974,1,,,1,69,,25964,2,4,,1,1,,25978,1,,,1,29,,25993,2,4,,1,1,,25986,1,,,1,69,,25959,2,4,,1,1,,25980,1,,,1,29,,25982,2,4,,1,1,,25985,1,,,1,69,,25956,2,4,,1,1,,25951,1,,,1,29,,25961,2,4,,1,1,,25953,1,,,1,69,,25976,2,4,,1,1,,25965,1,,,1,29,,25987,2,4,,1,1,,25970,1,,,1
11600,'7',634,,25998,2,4,,1,1,,26021,1,,,1,69,,26000,2,4,,1,1,,26032,1,,,1,29,,26027,2,4,,1,1,,26010,1,,,1,69,,26006,2,4,,1,1,,26036,1,,,1,29,,26023,2,4,,1,1,,26033,1,,,1,69,,26009,2,4,,1,1,,26013,1,,,1,29,,26011,2,4,,1,1,,26001,1,,,1,69,,26024,2,4,,1,1,,26026,1,,,1,29,,26015,2,4,,1,1,,26025,1,,,1,69,,26005,2,4,,1,1,,26018,1,,,1,29,,26038,2,4,,1,1,,26020,1,,,1,69,,26035,2,4,,1,1,,26028,1,,,1,29,,26022,2,4,,1,1,,26037,1,,,1,69,,26014,2,4,,1,1,,26007,1,,,1,29,,26008,2,4,,1,1,,26004,1,,,1,69,,26039,2,4,,1,1,,26034,1,,,1,29,,25995,2,4,,1,1,,26029,1,,,1,69,,26019,2,4,,1,1,,26040,1,,,1,29,,25996,2,4,,1,1,,26030,1,,,1,69,,26016,2,4,,1,1,,25997,1,,,1,29,,25999,2,4,,1,1,,26012,1,,,1,69,,26017,2,4,,1,1,,26002,1,,,1,29,,26031,2,4,,1,1,,26003,1,,,1
11600,'8',634,,26043,2,4,,1,1,,26048,1,,,1,69,,26063,2,4,,1,1,,26079,1,,,1,29,,26052,2,4,,1,1,,26069,1,,,1,69,,26055,2,4,,1,1,,26065,1,,,1,29,,26049,2,4,,1,1,,26041,1,,,1,69,,26066,2,4,,1,1,,26083,1,,,1,29,,26045,2,4,,1,1,,26078,1,,,1,69,,26050,2,4,,1,1,,26059,1,,,1,29,,26054,2,4,,1,1,,26046,1,,,1,69,,26073,2,4,,1,1,,26053,1,,,1,29,,26060,2,4,,1,1,,26067,1,,,1,69,,26062,2,4,,1,1,,26077,1,,,1,29,,26081,2,4,,1,1,,26074,1,,,1,69,,26085,2,4,,1,1,,26058,1,,,1,29,,26071,2,4,,1,1,,26072,1,,,1,69,,26064,2,4,,1,1,,26042,1,,,1,29,,26076,2,4,,1,1,,26084,1,,,1,69,,26057,2,4,,1,1,,26080,1,,,1,29,,26051,2,4,,1,1,,26070,1,,,1,69,,26044,2,4,,1,1,,26061,1,,,1,29,,26056,2,4,,1,1,,26075,1,,,1,69,,26047,2,4,,1,1,,26068,1,,,1,29,,26086,2,4,,1,1,,26082,1,,,1
11600,'9',634,,26097,2,4,,1,1,,26114,1,,,1,69,,26100,2,4,,1,1,,26094,1,,,1,29,,26102,2,4,,1,1,,26123,1,,,1,69,,26107,2,4,,1,1,,26128,1,,,1,29,,26131,2,4,,1,1,,26113,1,,,1,69,,26108,2,4,,1,1,,26101,1,,,1,29,,26093,2,4,,1,1,,26118,1,,,1,69,,26127,2,4,,1,1,,26087,1,,,1,29,,26106,2,4,,1,1,,26099,1,,,1,69,,26125,2,4,,1,1,,26089,1,,,1,29,,26111,2,4,,1,1,,26109,1,,,1,69,,26119,2,4,,1,1,,26126,1,,,1,29,,26091,2,4,,1,1,,26117,1,,,1,69,,26090,2,4,,1,1,,26110,1,,,1,29,,26112,2,4,,1,1,,26105,1,,,1,69,,26095,2,4,,1,1,,26092,1,,,1,29,,26130,2,4,,1,1,,26124,1,,,1,69,,26116,2,4,,1,1,,26132,1,,,1,29,,26120,2,4,,1,1,,26121,1,,,1,69,,26122,2,4,,1,1,,26096,1,,,1,29,,26129,2,4,,1,1,,26088,1,,,1,69,,26103,2,4,,1,1,,26098,1,,,1,29,,26104,2,4,,1,1,,26115,1,,,1
11601,'1',618,,26176,16,4,,1,7,,26165,1,0,13,1,23,,26150,16,4,,1,7,,26138,1,0,13,1,63,,26158,16,4,,1,7,,26156,1,0,13,1,23,,26170,16,4,,1,7,,26153,1,0,13,1,63,,18245,16,4,,1,7,,26152,1,0,13,1,23,,26144,16,4,,1,7,,26140,1,0,13,1,63,,26173,16,4,,1,7,,26164,1,0,13,1,23,,26135,16,4,,1,7,,26149,1,0,13,1,63,,26136,16,4,,1,7,,18025,1,0,13,1,23,,26161,16,4,,1,7,,26167,1,0,13,1,63,,26160,16,4,,1,7,,26175,1,0,13,1,23,,26155,16,4,,1,7,,26169,1,0,13,1,63,,26137,16,4,,1,7,,26171,1,0,13,1,23,,26174,16,4,,1,7,,26139,1,0,13,1,63,,26143,16,4,,1,7,,26159,1,0,13,1,23,,26172,16,4,,1,7,,26134,1,0,13,1,63,,26148,16,4,,1,7,,26146,1,0,13,1,23,,26142,16,4,,1,7,,26141,1,0,13,1,63,,26157,16,4,,1,7,,26166,1,0,13,1,23,,26162,16,4,,1,7,,26151,1,0,13,1,63,,26154,16,4,,1,7,,26133,1,0,13,1,23,,26168,16,4,,1,7,,26145,1,0,13,1,63,,26163,16,4,,1,7,,26147,1,0,13,1,23,,19734,16,4,,1,7,,26177,1,0,13,1
11601,'2',618,,26218,16,4,,1,7,,26201,1,0,13,1,23,,26192,16,4,,1,7,,26202,1,0,13,1,63,,26223,16,4,,1,7,,26216,1,0,13,1,23,,26219,16,4,,1,7,,15399,1,0,13,1,63,,26188,16,4,,1,7,,26199,1,0,13,1,23,,26193,16,4,,1,7,,26209,1,0,13,1,63,,26214,16,4,,1,7,,26183,1,0,13,1,23,,26208,16,4,,1,7,,26207,1,0,13,1,63,,26182,16,4,,1,7,,26205,1,0,13,1,23,,26217,16,4,,1,7,,26191,1,0,13,1,63,,26178,16,4,,1,7,,26200,1,0,13,1,23,,26215,16,4,,1,7,,26184,1,0,13,1,63,,26221,16,4,,1,7,,26204,1,0,13,1,23,,26194,16,4,,1,7,,26196,1,0,13,1,63,,26186,16,4,,1,7,,26197,1,0,13,1,23,,26195,16,4,,1,7,,26222,1,0,13,1,63,,26203,16,4,,1,7,,15131,1,0,13,1,23,,26211,16,4,,1,7,,26179,1,0,13,1,63,,26189,16,4,,1,7,,26220,1,0,13,1,23,,26213,16,4,,1,7,,26190,1,0,13,1,63,,26181,16,4,,1,7,,26187,1,0,13,1,23,,26212,16,4,,1,7,,26210,1,0,13,1,63,,26198,16,4,,1,7,,26180,1,0,13,1,23,,26185,16,4,,1,7,,26206,1,0,13,1
11601,'3',618,,26226,16,4,,1,7,,26239,1,0,13,1,23,,26268,16,4,,1,7,,26245,1,0,13,1,63,,26227,16,4,,1,7,,26225,1,0,13,1,23,,26251,16,4,,1,7,,26229,1,0,13,1,63,,26266,16,4,,1,7,,26241,1,0,13,1,23,,26244,16,4,,1,7,,26270,1,0,13,1,63,,26256,16,4,,1,7,,26238,1,0,13,1,23,,26264,16,4,,1,7,,26240,1,0,13,1,63,,26254,16,4,,1,7,,26263,1,0,13,1,23,,26271,16,4,,1,7,,26231,1,0,13,1,63,,26260,16,4,,1,7,,26235,1,0,13,1,23,,26252,16,4,,1,7,,26236,1,0,13,1,63,,26224,16,4,,1,7,,26233,1,0,13,1,23,,26237,16,4,,1,7,,26248,1,0,13,1,63,,26232,16,4,,1,7,,26265,1,0,13,1,23,,26267,16,4,,1,7,,26255,1,0,13,1,63,,26259,16,4,,1,7,,26269,1,0,13,1,23,,26258,16,4,,1,7,,26242,1,0,13,1,63,,26253,16,4,,1,7,,26230,1,0,13,1,23,,26249,16,4,,1,7,,26261,1,0,13,1,63,,26243,16,4,,1,7,,26234,1,0,13,1,23,,26257,16,4,,1,7,,26246,1,0,13,1,63,,26228,16,4,,1,7,,26250,1,0,13,1,23,,26262,16,4,,1,7,,26247,1,0,13,1
11601,'4',618,,26272,16,4,,1,7,,26301,1,0,13,1,23,,26300,16,4,,1,7,,26281,1,0,13,1,63,,26294,16,4,,1,7,,26302,1,0,13,1,23,,26291,16,4,,1,7,,26276,1,0,13,1,63,,26309,16,4,,1,7,,26311,1,0,13,1,23,,26312,16,4,,1,7,,26278,1,0,13,1,63,,26285,16,4,,1,7,,26284,1,0,13,1,23,,26315,16,4,,1,7,,26290,1,0,13,1,63,,26313,16,4,,1,7,,26307,1,0,13,1,23,,26306,16,4,,1,7,,26303,1,0,13,1,63,,26318,16,4,,1,7,,26274,1,0,13,1,23,,26308,16,4,,1,7,,26277,1,0,13,1,63,,26289,16,4,,1,7,,26299,1,0,13,1,23,,26288,16,4,,1,7,,26296,1,0,13,1,63,,26273,16,4,,1,7,,26283,1,0,13,1,23,,26317,16,4,,1,7,,26310,1,0,13,1,63,,26293,16,4,,1,7,,26280,1,0,13,1,23,,26319,16,4,,1,7,,26297,1,0,13,1,63,,26286,16,4,,1,7,,26295,1,0,13,1,23,,26292,16,4,,1,7,,26316,1,0,13,1,63,,26298,16,4,,1,7,,26304,1,0,13,1,23,,26279,16,4,,1,7,,26275,1,0,13,1,63,,26314,16,4,,1,7,,26287,1,0,13,1,23,,26282,16,4,,1,7,,26305,1,0,13,1
11601,'5',618,,26349,16,4,,1,7,,26359,1,0,13,1,23,,26356,16,4,,1,7,,26358,1,0,13,1,63,,26351,16,4,,1,7,,26341,1,0,13,1,23,,26347,16,4,,1,7,,26355,1,0,13,1,63,,26366,16,4,,1,7,,26320,1,0,13,1,23,,26339,16,4,,1,7,,26348,1,0,13,1,63,,26324,16,4,,1,7,,26365,1,0,13,1,23,,26361,16,4,,1,7,,26329,1,0,13,1,63,,26340,16,4,,1,7,,26328,1,0,13,1,23,,26336,16,4,,1,7,,26334,1,0,13,1,63,,26331,16,4,,1,7,,26367,1,0,13,1,23,,26364,16,4,,1,7,,26360,1,0,13,1,63,,26363,16,4,,1,7,,26333,1,0,13,1,23,,26342,16,4,,1,7,,26330,1,0,13,1,63,,26321,16,4,,1,7,,26332,1,0,13,1,23,,26344,16,4,,1,7,,26346,1,0,13,1,63,,26338,16,4,,1,7,,26327,1,0,13,1,23,,26325,16,4,,1,7,,26343,1,0,13,1,63,,26357,16,4,,1,7,,26335,1,0,13,1,23,,26322,16,4,,1,7,,26353,1,0,13,1,63,,26354,16,4,,1,7,,26326,1,0,13,1,23,,26337,16,4,,1,7,,26345,1,0,13,1,63,,26350,16,4,,1,7,,26362,1,0,13,1,23,,26323,16,4,,1,7,,26352,1,0,13,1
11601,'7',618,,26387,16,4,,1,7,,26369,1,0,13,1,23,,26403,16,4,,1,7,,26384,1,0,13,1,63,,26410,16,4,,1,7,,26385,1,0,13,1,23,,26402,16,4,,1,7,,26390,1,0,13,1,63,,26401,16,4,,1,7,,26412,1,0,13,1,23,,26414,16,4,,1,7,,26373,1,0,13,1,63,,26379,16,4,,1,7,,26383,1,0,13,1,23,,26371,16,4,,1,7,,26391,1,0,13,1,63,,26377,16,4,,1,7,,26376,1,0,13,1,23,,26397,16,4,,1,7,,26380,1,0,13,1,63,,26393,16,4,,1,7,,26400,1,0,13,1,23,,26399,16,4,,1,7,,26375,1,0,13,1,63,,26388,16,4,,1,7,,26394,1,0,13,1,23,,26382,16,4,,1,7,,26413,1,0,13,1,63,,26407,16,4,,1,7,,26386,1,0,13,1,23,,26409,16,4,,1,7,,26408,1,0,13,1,63,,26381,16,4,,1,7,,26378,1,0,13,1,23,,26370,16,4,,1,7,,26372,1,0,13,1,63,,26392,16,4,,1,7,,26411,1,0,13,1,23,,26374,16,4,,1,7,,26415,1,0,13,1,63,,26368,16,4,,1,7,,26398,1,0,13,1,23,,26395,16,4,,1,7,,26406,1,0,13,1,63,,26389,16,4,,1,7,,26404,1,0,13,1,23,,26396,16,4,,1,7,,26405,1,0,13,1
11601,'8',618,,26448,16,4,,1,7,,26435,1,0,13,1,23,,26422,16,4,,1,7,,26447,1,0,13,1,63,,26445,16,4,,1,7,,26456,1,0,13,1,23,,26436,16,4,,1,7,,26453,1,0,13,1,63,,26419,16,4,,1,7,,26418,1,0,13,1,23,,26441,16,4,,1,7,,26416,1,0,13,1,63,,26462,16,4,,1,7,,26461,1,0,13,1,23,,26432,16,4,,1,7,,26442,1,0,13,1,63,,26460,16,4,,1,7,,26444,1,0,13,1,23,,26433,16,4,,1,7,,26424,1,0,13,1,63,,26455,16,4,,1,7,,26430,1,0,13,1,23,,26451,16,4,,1,7,,26449,1,0,13,1,63,,26423,16,4,,1,7,,26429,1,0,13,1,23,,26440,16,4,,1,7,,26452,1,0,13,1,63,,26434,16,4,,1,7,,26446,1,0,13,1,23,,26420,16,4,,1,7,,26425,1,0,13,1,63,,26439,16,4,,1,7,,26438,1,0,13,1,23,,26437,16,4,,1,7,,26427,1,0,13,1,63,,26443,16,4,,1,7,,26463,1,0,13,1,23,,26454,16,4,,1,7,,26421,1,0,13,1,63,,26431,16,4,,1,7,,26458,1,0,13,1,23,,26457,16,4,,1,7,,26428,1,0,13,1,63,,26459,16,4,,1,7,,26426,1,0,13,1,23,,26417,16,4,,1,7,,26450,1,0,13,1
11601,'9',618,,26479,16,4,,1,7,,26495,1,0,13,1,23,,26500,16,4,,1,7,,26468,1,0,13,1,63,,26481,16,4,,1,7,,26473,1,0,13,1,23,,26480,16,4,,1,7,,26498,1,0,13,1,63,,26486,16,4,,1,7,,26483,1,0,13,1,23,,26504,16,4,,1,7,,26474,1,0,13,1,63,,26466,16,4,,1,7,,26509,1,0,13,1,23,,26492,16,4,,1,7,,26494,1,0,13,1,63,,26478,16,4,,1,7,,26491,1,0,13,1,23,,26507,16,4,,1,7,,26477,1,0,13,1,63,,26505,16,4,,1,7,,26485,1,0,13,1,23,,26508,16,4,,1,7,,26506,1,0,13,1,63,,26475,16,4,,1,7,,26510,1,0,13,1,23,,26471,16,4,,1,7,,26469,1,0,13,1,63,,26476,16,4,,1,7,,26497,1,0,13,1,23,,26490,16,4,,1,7,,26489,1,0,13,1,63,,26502,16,4,,1,7,,26499,1,0,13,1,23,,26464,16,4,,1,7,,26496,1,0,13,1,63,,26501,16,4,,1,7,,26503,1,0,13,1,23,,26511,16,4,,1,7,,26467,1,0,13,1,63,,26484,16,4,,1,7,,26488,1,0,13,1,23,,26472,16,4,,1,7,,26493,1,0,13,1,63,,26470,16,4,,1,7,,26482,1,0,13,1,23,,26465,16,4,,1,7,,26487,1,0,13,1
20300,'1',1900,,26519,1,,,1,30,,26514,1,,,1,70,,26516,1,,,1,30,,19313,1,,,1,70,,26513,1,,,1,30,,26517,1,,,1,70,,26515,1,,,1,30,,26512,1,,,1,70,,26518,1,,,1
20300,'10',730,,26525,1,,,1,70,,26536,1,,,1,30,,26521,1,,,1,70,,26546,1,,,1,30,,26545,1,,,1,70,,26529,1,,,1,30,,26544,1,,,1,70,,26526,1,,,1,30,,26530,1,,,1,70,,26531,1,,,1,30,,26528,1,,,1,70,,26537,1,,,1,30,,26523,1,,,1,70,,26527,1,,,1,30,,26520,1,,,1,70,,26542,1,,,1,30,,26524,1,,,1,70,,26533,1,,,1,30,,26540,1,,,1,70,,26522,1,,,1,30,,26538,1,,,1,70,,26532,1,,,1,30,,26543,1,,,1,70,,26534,1,,,1,30,,26535,1,,,1,70,,26541,1,,,1,30,,26539,1,,,1
20300,'11',730,,26571,1,,,1,70,,26558,1,,,1,30,,26572,1,,,1,70,,26553,1,,,1,30,,26573,1,,,1,70,,26547,1,,,1,30,,26561,1,,,1,70,,26560,1,,,1,30,,26569,1,,,1,70,,26549,1,,,1,30,,26566,1,,,1,70,,26554,1,,,1,30,,26550,1,,,1,70,,26551,1,,,1,30,,26556,1,,,1,70,,26548,1,,,1,30,,26564,1,,,1,70,,26563,1,,,1,30,,26559,1,,,1,70,,26555,1,,,1,30,,26562,1,,,1,70,,26552,1,,,1,30,,26557,1,,,1,70,,26567,1,,,1,30,,26565,1,,,1,70,,26570,1,,,1,30,,26568,1,,,1
20300,'2',1900,,26581,1,,,1,30,,26575,1,,,1,70,,26580,1,,,1,30,,26578,1,,,1,70,,26582,1,,,1,30,,26579,1,,,1,70,,26576,1,,,1,30,,26574,1,,,1,70,,26577,1,,,1
20300,'3',1900,,26585,1,,,1,30,,26589,1,,,1,70,,26586,1,,,1,30,,26590,1,,,1,70,,26583,1,,,1,30,,26591,1,,,1,70,,26584,1,,,1,30,,26587,1,,,1,70,,26588,1,,,1
20300,'4',1900,,26598,1,,,1,30,,26592,1,,,1,70,,26594,1,,,1,30,,26595,1,,,1,70,,26599,1,,,1,30,,26597,1,,,1,70,,26600,1,,,1,30,,26596,1,,,1,70,,26593,1,,,1
20300,'5',1900,,26607,1,,,1,30,,26601,1,,,1,70,,26606,1,,,1,30,,26604,1,,,1,70,,26609,1,,,1,30,,26605,1,,,1,70,,26602,1,,,1,30,,26603,1,,,1,70,,26608,1,,,1
20300,'6',730,,26622,1,,,1,70,,26636,1,,,1,30,,26628,1,,,1,70,,26621,1,,,1,30,,26616,1,,,1,70,,26618,1,,,1,30,,26619,1,,,1,70,,26624,1,,,1,30,,26611,1,,,1,70,,26625,1,,,1,30,,26617,1,,,1,70,,26633,1,,,1,30,,26614,1,,,1,70,,26610,1,,,1,30,,26630,1,,,1,70,,26612,1,,,1,30,,26634,1,,,1,70,,26623,1,,,1,30,,26627,1,,,1,70,,26615,1,,,1,30,,26631,1,,,1,70,,26635,1,,,1,30,,26620,1,,,1,70,,26626,1,,,1,30,,26632,1,,,1,70,,26629,1,,,1,30,,26613,1,,,1
20300,'7',1900,,26637,1,,,1,30,,26643,1,,,1,70,,26638,1,,,1,30,,26644,1,,,1,70,,26640,1,,,1,30,,26641,1,,,1,70,,26645,1,,,1,30,,26642,1,,,1,70,,26639,1,,,1
20300,'8',1900,,26650,1,,,1,30,,26652,1,,,1,70,,26649,1,,,1,30,,26654,1,,,1,70,,26646,1,,,1,30,,26648,1,,,1,70,,26651,1,,,1,30,,26647,1,,,1,70,,26653,1,,,1
20300,'9',1900,,26656,1,,,1,30,,26657,1,,,1,70,,26658,1,,,1,30,,26663,1,,,1,70,,26661,1,,,1,30,,26655,1,,,1,70,,26659,1,,,1,30,,26662,1,,,1,70,,26660,1,,,1
20301,'1',1920,,26667,20,4,,1,30,,26666,20,4,,1,70,,26669,20,4,,1,30,,26671,20,4,,1,70,,26674,20,4,,1,30,,26670,20,4,,1,70,,26665,20,4,,1,30,,26668,20,4,,1,70,,26672,20,4,,1,30,,26664,20,4,,1,52,,26673,1,,,1
20301,'10',718,,26695,20,4,,1,30,,26689,20,4,,1,70,,26690,20,4,,1,30,,26684,20,4,,1,70,,26677,20,4,,1,30,,26694,20,4,,1,70,,26682,20,4,,1,30,,26693,20,4,,1,70,,26699,20,4,,1,30,,26676,20,4,,1,70,,26675,20,4,,1,30,,26683,20,4,,1,70,,26680,20,4,,1,30,,26691,20,4,,1,70,,26700,20,4,,1,30,,26696,20,4,,1,70,,26678,20,4,,1,30,,26685,20,4,,1,70,,26701,20,4,,1,30,,26686,20,4,,1,70,,26698,20,4,,1,30,,26687,20,4,,1,70,,26692,20,4,,1,30,,26688,20,4,,1,70,,26702,20,4,,1,30,,26679,20,4,,1,70,,26681,20,4,,1,30,,26697,20,4,,1
20301,'11',718,,26730,20,4,,1,30,,26718,20,4,,1,70,,26711,20,4,,1,30,,26722,20,4,,1,70,,26714,20,4,,1,30,,26725,20,4,,1,70,,26706,20,4,,1,30,,26709,20,4,,1,70,,26705,20,4,,1,30,,26726,20,4,,1,70,,26719,20,4,,1,30,,26703,20,4,,1,70,,26704,20,4,,1,30,,26729,20,4,,1,70,,26717,20,4,,1,30,,26710,20,4,,1,70,,26708,20,4,,1,30,,26724,20,4,,1,70,,26715,20,4,,1,30,,26721,20,4,,1,70,,26728,20,4,,1,30,,26707,20,4,,1,70,,26723,20,4,,1,30,,26720,20,4,,1,70,,26716,20,4,,1,30,,26727,20,4,,1,70,,26713,20,4,,1,30,,26712,20,4,,1
20301,'2',1920,,26740,20,4,,1,30,,26735,20,4,,1,70,,26732,20,4,,1,30,,26734,20,4,,1,70,,26739,20,4,,1,30,,26731,20,4,,1,70,,26741,20,4,,1,30,,26733,20,4,,1,70,,26738,20,4,,1,30,,26737,20,4,,1,52,,26736,1,,,1
20301,'3',1920,,26752,20,4,,1,30,,26748,20,4,,1,70,,26750,20,4,,1,30,,26745,20,4,,1,70,,26746,20,4,,1,30,,26749,20,4,,1,70,,26744,20,4,,1,30,,26743,20,4,,1,70,,26751,20,4,,1,30,,26742,20,4,,1,52,,26747,1,,,1
20301,'4',1920,,26753,20,4,,1,30,,26762,20,4,,1,70,,26759,20,4,,1,30,,26760,20,4,,1,70,,26761,20,4,,1,30,,26754,20,4,,1,70,,26757,20,4,,1,30,,26763,20,4,,1,70,,26756,20,4,,1,30,,26758,20,4,,1,52,,26755,1,,,1
20301,'5',1920,,26770,20,4,,1,30,,26766,20,4,,1,70,,26772,20,4,,1,30,,26773,20,4,,1,70,,26765,20,4,,1,30,,26767,20,4,,1,70,,26774,20,4,,1,30,,26771,20,4,,1,70,,26769,20,4,,1,30,,26768,20,4,,1,52,,26764,1,,,1
20301,'6',718,,26786,20,4,,1,30,,26798,20,4,,1,70,,26794,20,4,,1,30,,26801,20,4,,1,70,,26785,20,4,,1,30,,26782,20,4,,1,70,,26797,20,4,,1,30,,26775,20,4,,1,70,,26781,20,4,,1,30,,26788,20,4,,1,70,,26796,20,4,,1,30,,26790,20,4,,1,70,,26778,20,4,,1,30,,26799,20,4,,1,70,,26791,20,4,,1,30,,26776,20,4,,1,70,,26783,20,4,,1,30,,26777,20,4,,1,70,,26793,20,4,,1,30,,26802,20,4,,1,70,,26784,20,4,,1,30,,26787,20,4,,1,70,,26779,20,4,,1,30,,26800,20,4,,1,70,,26780,20,4,,1,30,,26792,20,4,,1,70,,26795,20,4,,1,30,,26789,20,4,,1
20301,'7',1920,,26808,20,4,,1,30,,26809,20,4,,1,70,,26803,20,4,,1,30,,26810,20,4,,1,70,,26805,20,4,,1,30,,26804,20,4,,1,70,,26811,20,4,,1,30,,26806,20,4,,1,70,,26812,20,4,,1,30,,26807,20,4,,1,52,,26813,1,,,1
20301,'8',1920,,26816,20,4,,1,30,,26821,20,4,,1,70,,26815,20,4,,1,30,,26817,20,4,,1,70,,26820,20,4,,1,30,,26824,20,4,,1,70,,26823,20,4,,1,30,,26819,20,4,,1,70,,26814,20,4,,1,30,,26818,20,4,,1,52,,26822,1,,,1
20301,'9',1920,,26825,20,4,,1,30,,26828,20,4,,1,70,,26834,20,4,,1,30,,26831,20,4,,1,70,,26832,20,4,,1,30,,26835,20,4,,1,70,,26830,20,4,,1,30,,26829,20,4,,1,70,,26827,20,4,,1,30,,26833,20,4,,1,52,,26826,1,,,1
20400,'1',1900,,26836,1,,,1,30,,26839,1,,,1,70,,26837,1,,,1,30,,26841,1,,,1,70,,26840,1,,,1,30,,26845,1,,,1,70,,26843,1,,,1,30,,26842,1,,,1,70,,26838,1,,,1,30,,26844,1,,,1
20400,'10',730,,26855,1,,,1,70,,26852,1,,,1,30,,26860,1,,,1,70,,26847,1,,,1,30,,26849,1,,,1,70,,26863,1,,,1,30,,26862,1,,,1,70,,26867,1,,,1,30,,26868,1,,,1,70,,26871,1,,,1,30,,26858,1,,,1,70,,26853,1,,,1,30,,26873,1,,,1,70,,26870,1,,,1,30,,26846,1,,,1,70,,26857,1,,,1,30,,26854,1,,,1,70,,26872,1,,,1,30,,26851,1,,,1,70,,26866,1,,,1,30,,26869,1,,,1,70,,26848,1,,,1,30,,26864,1,,,1,70,,26859,1,,,1,30,,26865,1,,,1,70,,26861,1,,,1,30,,26850,1,,,1,70,,26856,1,,,1
20400,'11',730,,26889,1,,,1,70,,26884,1,,,1,30,,26895,1,,,1,70,,26893,1,,,1,30,,26887,1,,,1,70,,26876,1,,,1,30,,26878,1,,,1,70,,26880,1,,,1,30,,26882,1,,,1,70,,26888,1,,,1,30,,26874,1,,,1,70,,26881,1,,,1,30,,26897,1,,,1,70,,26899,1,,,1,30,,26883,1,,,1,70,,26890,1,,,1,30,,26901,1,,,1,70,,26877,1,,,1,30,,26894,1,,,1,70,,26886,1,,,1,30,,26885,1,,,1,70,,26875,1,,,1,30,,26896,1,,,1,70,,26892,1,,,1,30,,26900,1,,,1,70,,26891,1,,,1,30,,26879,1,,,1,70,,26898,1,,,1
20400,'2',1900,,26906,1,,,1,30,,26910,1,,,1,70,,26903,1,,,1,30,,26904,1,,,1,70,,26911,1,,,1,30,,26905,1,,,1,70,,26909,1,,,1,30,,26902,1,,,1,70,,26907,1,,,1,30,,26908,1,,,1
20400,'3',1900,,26913,1,,,1,30,,26912,1,,,1,70,,26914,1,,,1,30,,26915,1,,,1,70,,26920,1,,,1,30,,26916,1,,,1,70,,26919,1,,,1,30,,26917,1,,,1,70,,26921,1,,,1,30,,26918,1,,,1
20400,'4',1900,,26924,1,,,1,30,,26922,1,,,1,70,,26930,1,,,1,30,,26926,1,,,1,70,,26927,1,,,1,30,,26928,1,,,1,70,,26923,1,,,1,30,,26925,1,,,1,70,,26931,1,,,1,30,,26929,1,,,1
20400,'5',1900,,26937,1,,,1,30,,26941,1,,,1,70,,26934,1,,,1,30,,26935,1,,,1,70,,26932,1,,,1,30,,26933,1,,,1,70,,26939,1,,,1,30,,26936,1,,,1,70,,26940,1,,,1,30,,26938,1,,,1
20400,'6',730,,26964,1,,,1,70,,26958,1,,,1,30,,26948,1,,,1,70,,26955,1,,,1,30,,26945,1,,,1,70,,26961,1,,,1,30,,26951,1,,,1,70,,26949,1,,,1,30,,26963,1,,,1,70,,26952,1,,,1,30,,26947,1,,,1,70,,26960,1,,,1,30,,26956,1,,,1,70,,26962,1,,,1,30,,26965,1,,,1,70,,26943,1,,,1,30,,26953,1,,,1,70,,26944,1,,,1,30,,26954,1,,,1,70,,26957,1,,,1,30,,26946,1,,,1,70,,26969,1,,,1,30,,26942,1,,,1,70,,26967,1,,,1,30,,26968,1,,,1,70,,26966,1,,,1,30,,26959,1,,,1,70,,26950,1,,,1
20400,'7',1900,,26979,1,,,1,30,,26976,1,,,1,70,,26975,1,,,1,30,,26970,1,,,1,70,,26971,1,,,1,30,,26972,1,,,1,70,,26973,1,,,1,30,,26977,1,,,1,70,,26974,1,,,1,30,,26978,1,,,1
20400,'8',1900,,26980,1,,,1,30,,26982,1,,,1,70,,26988,1,,,1,30,,26983,1,,,1,70,,26984,1,,,1,30,,26985,1,,,1,70,,26989,1,,,1,30,,26987,1,,,1,70,,26986,1,,,1,30,,26981,1,,,1
20400,'9',1900,,26991,1,,,1,30,,26996,1,,,1,70,,26998,1,,,1,30,,26990,1,,,1,70,,26993,1,,,1,30,,26997,1,,,1,70,,26992,1,,,1,30,,26995,1,,,1,70,,26994,1,,,1,30,,26999,1,,,1
20401,'1',1856,,27005,14,4,,1,70,,27003,14,4,,1,30,,27008,14,4,,1,70,,27009,14,4,,1,30,,27002,14,4,,1,70,,27001,14,4,,1,30,,27007,14,4,,1,70,,27006,14,4,,1,30,,27000,14,4,,1,70,,27004,14,4,,1
20401,'10',726,,27019,14,4,,1,30,,27011,14,4,,1,70,,27035,14,4,,1,30,,27010,14,4,,1,70,,27012,14,4,,1,30,,27027,14,4,,1,70,,27020,14,4,,1,30,,27037,14,4,,1,70,,27021,14,4,,1,30,,27017,14,4,,1,70,,27022,14,4,,1,30,,27034,14,4,,1,70,,27018,14,4,,1,30,,27028,14,4,,1,70,,27036,14,4,,1,30,,27025,14,4,,1,70,,27023,14,4,,1,30,,27033,14,4,,1,70,,27030,14,4,,1,30,,27024,14,4,,1,70,,27013,14,4,,1,30,,27029,14,4,,1,70,,27031,14,4,,1,30,,27032,14,4,,1,70,,27026,14,4,,1,30,,27015,14,4,,1,70,,27014,14,4,,1,30,,27016,14,4,,1
20401,'11',726,,27051,14,4,,1,30,,27053,14,4,,1,70,,27057,14,4,,1,30,,27061,14,4,,1,70,,27058,14,4,,1,30,,27046,14,4,,1,70,,27062,14,4,,1,30,,27063,14,4,,1,70,,27045,14,4,,1,30,,27038,14,4,,1,70,,27043,14,4,,1,30,,27056,14,4,,1,70,,27042,14,4,,1,30,,27064,14,4,,1,70,,27041,14,4,,1,30,,27059,14,4,,1,70,,27049,14,4,,1,30,,27047,14,4,,1,70,,27048,14,4,,1,30,,27055,14,4,,1,70,,27060,14,4,,1,30,,27065,14,4,,1,70,,27052,14,4,,1,30,,27054,14,4,,1,70,,27040,14,4,,1,30,,27039,14,4,,1,70,,27050,14,4,,1,30,,27044,14,4,,1
20401,'2',1856,,27067,14,4,,1,70,,27072,14,4,,1,30,,27073,14,4,,1,70,,27071,14,4,,1,30,,27075,14,4,,1,70,,27068,14,4,,1,30,,27066,14,4,,1,70,,27069,14,4,,1,30,,27070,14,4,,1,70,,27074,14,4,,1
20401,'3',1856,,27082,14,4,,1,70,,27078,14,4,,1,30,,27083,14,4,,1,70,,27085,14,4,,1,30,,27076,14,4,,1,70,,27079,14,4,,1,30,,27084,14,4,,1,70,,27081,14,4,,1,30,,27080,14,4,,1,70,,27077,14,4,,1
20401,'4',1856,,27093,14,4,,1,70,,27090,14,4,,1,30,,27095,14,4,,1,70,,27089,14,4,,1,30,,27087,14,4,,1,70,,27088,14,4,,1,30,,27091,14,4,,1,70,,27092,14,4,,1,30,,27094,14,4,,1,70,,27086,14,4,,1
20401,'5',1856,,27096,14,4,,1,70,,27099,14,4,,1,30,,27103,14,4,,1,70,,27105,14,4,,1,30,,27100,14,4,,1,70,,27101,14,4,,1,30,,27104,14,4,,1,70,,27097,14,4,,1,30,,27102,14,4,,1,70,,27098,14,4,,1
20401,'6',726,,27111,14,4,,1,30,,27130,14,4,,1,70,,27115,14,4,,1,30,,27127,14,4,,1,70,,27123,14,4,,1,30,,27120,14,4,,1,70,,27116,14,4,,1,30,,27124,14,4,,1,70,,27126,14,4,,1,30,,27114,14,4,,1,70,,27107,14,4,,1,30,,27110,14,4,,1,70,,27122,14,4,,1,30,,27113,14,4,,1,70,,27112,14,4,,1,30,,27108,14,4,,1,70,,27106,14,4,,1,30,,27129,14,4,,1,70,,27128,14,4,,1,30,,27133,14,4,,1,70,,27131,14,4,,1,30,,27119,14,4,,1,70,,27118,14,4,,1,30,,27121,14,4,,1,70,,27109,14,4,,1,30,,27132,14,4,,1,70,,27117,14,4,,1,30,,27125,14,4,,1
20401,'7',1856,,27135,14,4,,1,70,,27139,14,4,,1,30,,27141,14,4,,1,70,,27136,14,4,,1,30,,27143,14,4,,1,70,,27134,14,4,,1,30,,27142,14,4,,1,70,,27138,14,4,,1,30,,27137,14,4,,1,70,,27140,14,4,,1
20401,'8',1856,,27153,14,4,,1,70,,27151,14,4,,1,30,,27148,14,4,,1,70,,27149,14,4,,1,30,,27145,14,4,,1,70,,27150,14,4,,1,30,,27152,14,4,,1,70,,27144,14,4,,1,30,,27146,14,4,,1,70,,27147,14,4,,1
20401,'9',1856,,27156,14,4,,1,70,,27163,14,4,,1,30,,27160,14,4,,1,70,,27159,14,4,,1,30,,27158,14,4,,1,70,,27162,14,4,,1,30,,27154,14,4,,1,70,,27157,14,4,,1,30,,27155,14,4,,1,70,,27161,14,4,,1
20600,'1',1806,,27467,1,,,1,30,,27459,1,,,1,70,,27463,1,,,1,30,,27464,1,,,1,70,,27458,1,,,1,30,,27460,1,,,1,70,,27466,1,,,1,30,,27462,1,,,1,70,,27465,1,,,1,30,,27461,1,,,1
20600,'10',736,,18923,1,,,1,70,,27477,1,,,1,30,,27486,1,,,1,70,,27470,1,,,1,30,,27482,1,,,1,70,,27488,1,,,1,30,,27491,1,,,1,70,,27492,1,,,1,30,,27474,1,,,1,70,,27473,1,,,1,30,,27484,1,,,1,70,,27479,1,,,1,30,,27472,1,,,1,70,,27468,1,,,1,30,,27480,1,,,1,70,,27489,1,,,1,30,,27485,1,,,1,70,,27476,1,,,1,30,,27475,1,,,1,70,,27481,1,,,1,30,,27478,1,,,1,70,,27487,1,,,1,30,,27471,1,,,1,70,,27483,1,,,1,30,,27490,1,,,1,70,,27469,1,,,1
20600,'11',736,,27493,1,,,1,70,,27515,1,,,1,30,,27512,1,,,1,70,,27506,1,,,1,30,,27495,1,,,1,70,,27504,1,,,1,30,,27507,1,,,1,70,,27518,1,,,1,30,,27496,1,,,1,70,,27498,1,,,1,30,,27508,1,,,1,70,,27509,1,,,1,30,,27502,1,,,1,70,,27511,1,,,1,30,,27510,1,,,1,70,,27497,1,,,1,30,,27494,1,,,1,70,,27513,1,,,1,30,,27500,1,,,1,70,,27516,1,,,1,30,,27503,1,,,1,70,,27514,1,,,1,30,,27505,1,,,1,70,,27501,1,,,1,30,,27499,1,,,1,70,,27517,1,,,1
20600,'2',1806,,27521,1,,,1,30,,27528,1,,,1,70,,27526,1,,,1,30,,27522,1,,,1,70,,27519,1,,,1,30,,27525,1,,,1,70,,27520,1,,,1,30,,27527,1,,,1,70,,27524,1,,,1,30,,27523,1,,,1
20600,'3',1806,,27532,1,,,1,30,,27530,1,,,1,70,,27533,1,,,1,30,,27535,1,,,1,70,,27531,1,,,1,30,,27537,1,,,1,70,,27536,1,,,1,30,,27529,1,,,1,70,,27534,1,,,1,30,,27538,1,,,1
20600,'4',1806,,27539,1,,,1,30,,27547,1,,,1,70,,27541,1,,,1,30,,27544,1,,,1,70,,27543,1,,,1,30,,27546,1,,,1,70,,27545,1,,,1,30,,27548,1,,,1,70,,27540,1,,,1,30,,27542,1,,,1
20600,'5',1806,,27550,1,,,1,30,,27555,1,,,1,70,,27558,1,,,1,30,,27549,1,,,1,70,,27551,1,,,1,30,,27556,1,,,1,70,,27554,1,,,1,30,,27552,1,,,1,70,,27557,1,,,1,30,,27553,1,,,1
20600,'6',736,,27575,1,,,1,70,,27571,1,,,1,30,,27579,1,,,1,70,,27584,1,,,1,30,,27562,1,,,1,70,,27578,1,,,1,30,,27566,1,,,1,70,,27570,1,,,1,30,,27563,1,,,1,70,,27559,1,,,1,30,,27582,1,,,1,70,,27560,1,,,1,30,,27567,1,,,1,70,,27577,1,,,1,30,,27561,1,,,1,70,,27583,1,,,1,30,,27574,1,,,1,70,,27573,1,,,1,30,,27564,1,,,1,70,,27581,1,,,1,30,,27572,1,,,1,70,,27565,1,,,1,30,,27569,1,,,1,70,,27568,1,,,1,30,,27580,1,,,1,70,,27576,1,,,1
20600,'7',1806,,27586,1,,,1,30,,27589,1,,,1,70,,27591,1,,,1,30,,27593,1,,,1,70,,27592,1,,,1,30,,27588,1,,,1,70,,27585,1,,,1,30,,27590,1,,,1,70,,27594,1,,,1,30,,27587,1,,,1
20600,'8',1806,,27601,1,,,1,30,,27596,1,,,1,70,,27600,1,,,1,30,,27595,1,,,1,70,,27604,1,,,1,30,,27598,1,,,1,70,,27603,1,,,1,30,,27599,1,,,1,70,,27602,1,,,1,30,,27597,1,,,1
20600,'9',1806,,27608,1,,,1,30,,27611,1,,,1,70,,27614,1,,,1,30,,27607,1,,,1,70,,27609,1,,,1,30,,27613,1,,,1,70,,27610,1,,,1,30,,27605,1,,,1,70,,27612,1,,,1,30,,27606,1,,,1
20601,'1',1853,,27627,20,4,,1,70,,27616,20,4,,1,30,,27620,20,4,,1,70,,27617,20,4,,1,30,,27619,20,4,,1,70,,27618,20,4,,1,30,,27632,20,4,,1,70,,27634,20,4,,1,30,,27621,20,4,,1,70,,27622,20,4,,1
20601,'10',720,,27674,20,4,,1,30,,16663,20,4,,1,70,,27664,20,4,,1,30,,27670,20,4,,1,70,,27659,20,4,,1,30,,27678,20,4,,1,70,,27666,20,4,,1,30,,27667,20,4,,1,70,,27683,20,4,,1,30,,27648,20,4,,1,70,,27655,20,4,,1,30,,27677,20,4,,1,70,,27662,20,4,,1,30,,27658,20,4,,1,70,,27669,20,4,,1,30,,27637,20,4,,1,70,,27685,20,4,,1,30,,27660,20,4,,1,70,,27649,20,4,,1,30,,27641,20,4,,1,70,,27686,20,4,,1,30,,27676,20,4,,1,70,,27645,20,4,,1,30,,27663,20,4,,1,72,,27643,20,4,,1,28,,27654,20,4,,1,70,,27687,20,4,,1,30,,27652,20,4,,1
20601,'11',720,,27696,20,4,,1,30,,27718,20,4,,1,70,,27710,20,4,,1,30,,27720,20,4,,1,70,,27716,20,4,,1,30,,27693,20,4,,1,70,,27730,20,4,,1,30,,27731,20,4,,1,70,,27715,20,4,,1,30,,27721,20,4,,1,70,,27708,20,4,,1,30,,27728,20,4,,1,70,,27738,20,4,,1,30,,27691,20,4,,1,70,,27722,20,4,,1,30,,27697,20,4,,1,70,,27689,20,4,,1,30,,27732,20,4,,1,70,,27706,20,4,,1,30,,27740,20,4,,1,70,,27734,20,4,,1,30,,27703,20,4,,1,70,,27714,20,4,,1,30,,27700,20,4,,1,72,,27724,20,4,,1,28,,27726,20,4,,1,70,,27702,20,4,,1,30,,27733,20,4,,1
20601,'2',1853,,27746,20,4,,1,70,,27750,20,4,,1,30,,27752,20,4,,1,70,,27753,20,4,,1,30,,27763,20,4,,1,70,,27755,20,4,,1,30,,27761,20,4,,1,70,,27758,20,4,,1,30,,27745,20,4,,1,70,,27748,20,4,,1
20601,'3',1853,,27766,20,4,,1,70,,27783,20,4,,1,30,,27776,20,4,,1,70,,27779,20,4,,1,30,,27765,20,4,,1,70,,27768,20,4,,1,30,,27771,20,4,,1,70,,27778,20,4,,1,30,,27773,20,4,,1,70,,27770,20,4,,1
20601,'4',1853,,27791,20,4,,1,70,,27795,20,4,,1,30,,27789,20,4,,1,70,,27793,20,4,,1,30,,27796,20,4,,1,70,,27803,20,4,,1,30,,27785,20,4,,1,70,,27799,20,4,,1,30,,27794,20,4,,1,70,,27788,20,4,,1
20601,'5',1853,,27808,20,4,,1,70,,27820,20,4,,1,30,,27816,20,4,,1,70,,27804,20,4,,1,30,,27822,20,4,,1,70,,27815,20,4,,1,30,,27810,20,4,,1,70,,27812,20,4,,1,30,,27819,20,4,,1,70,,27814,20,4,,1
20601,'6',720,,27854,20,4,,1,30,,27858,20,4,,1,70,,27855,20,4,,1,30,,27838,20,4,,1,70,,27824,20,4,,1,30,,27843,20,4,,1,70,,27875,20,4,,1,30,,27850,20,4,,1,70,,27851,20,4,,1,30,,27833,20,4,,1,70,,27866,20,4,,1,30,,27841,20,4,,1,70,,27870,20,4,,1,30,,27849,20,4,,1,70,,27846,20,4,,1,30,,27836,20,4,,1,70,,27852,20,4,,1,30,,27848,20,4,,1,70,,27845,20,4,,1,30,,27859,20,4,,1,70,,27830,20,4,,1,30,,27840,20,4,,1,70,,27861,20,4,,1,30,,27832,20,4,,1,72,,27877,20,4,,1,28,,27826,20,4,,1,70,,27864,20,4,,1,30,,27853,20,4,,1
20601,'7',1853,,27881,20,4,,1,70,,27884,20,4,,1,30,,27889,20,4,,1,70,,27892,20,4,,1,30,,27894,20,4,,1,70,,27883,20,4,,1,30,,27880,20,4,,1,70,,27891,20,4,,1,30,,27887,20,4,,1,70,,27899,20,4,,1
20601,'8',1853,,27912,20,4,,1,70,,27916,20,4,,1,30,,27910,20,4,,1,70,,27904,20,4,,1,30,,27914,20,4,,1,70,,27919,20,4,,1,30,,27908,20,4,,1,70,,27911,20,4,,1,30,,27915,20,4,,1,70,,27903,20,4,,1
20601,'9',1853,,27929,20,4,,1,70,,27932,20,4,,1,30,,27922,20,4,,1,70,,27938,20,4,,1,30,,27927,20,4,,1,70,,27924,20,4,,1,30,,27926,20,4,,1,70,,27933,20,4,,1,30,,27934,20,4,,1,70,,27921,20,4,,1
21000,'1',1900,,28340,1,,,1,30,,28339,1,,,1,70,,28344,1,,,1,30,,28341,1,,,1,70,,28342,1,,,1,30,,28343,1,,,1,70,,28338,1,,,1,30,,28337,1,,,1,70,,18348,1,,,1
21000,'10',730,,28364,1,,,1,70,,28349,1,,,1,30,,28351,1,,,1,70,,28370,1,,,1,30,,28354,1,,,1,70,,28353,1,,,1,30,,28371,1,,,1,70,,28368,1,,,1,30,,28360,1,,,1,70,,28365,1,,,1,30,,28347,1,,,1,70,,28352,1,,,1,30,,28345,1,,,1,70,,28361,1,,,1,30,,28362,1,,,1,70,,28357,1,,,1,30,,28359,1,,,1,70,,28356,1,,,1,30,,28350,1,,,1,70,,28346,1,,,1,30,,28358,1,,,1,70,,28367,1,,,1,30,,28369,1,,,1,70,,28366,1,,,1,30,,28363,1,,,1,70,,28355,1,,,1,30,,28348,1,,,1
21000,'11',730,,28374,1,,,1,70,,28395,1,,,1,30,,28397,1,,,1,70,,28388,1,,,1,30,,28389,1,,,1,70,,28372,1,,,1,30,,28387,1,,,1,70,,28396,1,,,1,30,,28375,1,,,1,70,,28392,1,,,1,30,,28391,1,,,1,70,,28385,1,,,1,30,,28398,1,,,1,70,,28384,1,,,1,30,,28394,1,,,1,70,,28383,1,,,1,30,,28377,1,,,1,70,,28380,1,,,1,30,,28373,1,,,1,70,,28376,1,,,1,30,,28386,1,,,1,70,,28379,1,,,1,30,,28378,1,,,1,70,,28382,1,,,1,30,,28381,1,,,1,70,,28393,1,,,1,30,,28390,1,,,1
21000,'2',1900,,18174,1,,,1,30,,28401,1,,,1,70,,28399,1,,,1,30,,28402,1,,,1,70,,28405,1,,,1,30,,28400,1,,,1,70,,28403,1,,,1,30,,28404,1,,,1,70,,28406,1,,,1
21000,'3',1900,,28411,1,,,1,30,,28408,1,,,1,70,,28410,1,,,1,30,,28412,1,,,1,70,,28414,1,,,1,30,,28415,1,,,1,70,,28407,1,,,1,30,,28413,1,,,1,70,,28409,1,,,1
21000,'4',1900,,28422,1,,,1,30,,28420,1,,,1,70,,28421,1,,,1,30,,28416,1,,,1,70,,28417,1,,,1,30,,28424,1,,,1,70,,28418,1,,,1,30,,28419,1,,,1,70,,28423,1,,,1
21000,'5',1900,,28431,1,,,1,30,,28433,1,,,1,70,,28428,1,,,1,30,,28427,1,,,1,70,,28425,1,,,1,30,,28430,1,,,1,70,,28426,1,,,1,30,,28429,1,,,1,70,,28432,1,,,1
21000,'6',730,,28446,1,,,1,70,,28437,1,,,1,30,,28458,1,,,1,70,,28443,1,,,1,30,,28457,1,,,1,70,,28435,1,,,1,30,,28434,1,,,1,70,,28440,1,,,1,30,,28444,1,,,1,70,,28438,1,,,1,30,,28455,1,,,1,70,,28436,1,,,1,30,,28450,1,,,1,70,,28453,1,,,1,30,,28451,1,,,1,70,,28456,1,,,1,30,,28448,1,,,1,70,,28447,1,,,1,30,,28441,1,,,1,70,,28454,1,,,1,30,,28449,1,,,1,70,,28445,1,,,1,30,,28442,1,,,1,70,,28439,1,,,1,30,,28460,1,,,1,70,,28452,1,,,1,30,,28459,1,,,1
21000,'7',1900,,28462,1,,,1,30,,28463,1,,,1,70,,28467,1,,,1,30,,28465,1,,,1,70,,28461,1,,,1,30,,28468,1,,,1,70,,28464,1,,,1,30,,28469,1,,,1,70,,28466,1,,,1
21000,'8',1900,,28478,1,,,1,30,,28470,1,,,1,70,,28476,1,,,1,30,,28471,1,,,1,70,,28475,1,,,1,30,,28477,1,,,1,70,,28473,1,,,1,30,,28472,1,,,1,70,,28474,1,,,1
21000,'9',1900,,28486,1,,,1,30,,28483,1,,,1,70,,28479,1,,,1,30,,28485,1,,,1,70,,28484,1,,,1,30,,28480,1,,,1,70,,28481,1,,,1,30,,28482,1,,,1,70,,28487,1,,,1
21001,'1',1853,,28496,11,4,,1,70,,28488,11,4,,1,30,,28495,11,4,,1,70,,28490,11,4,,1,30,,28491,11,4,,1,70,,28489,11,4,,1,30,,28497,11,4,,1,70,,28493,11,4,,1,30,,28492,11,4,,1,70,,28494,11,4,,1
21001,'10',723,,28506,11,4,,1,30,,28522,11,4,,1,70,,28503,11,4,,1,30,,28518,11,4,,1,70,,28514,11,4,,1,30,,28507,11,4,,1,70,,28510,11,4,,1,30,,28512,11,4,,1,70,,28498,11,4,,1,30,,28521,11,4,,1,70,,28523,11,4,,1,30,,28513,11,4,,1,70,,28517,11,4,,1,30,,28500,11,4,,1,70,,28515,11,4,,1,30,,28516,11,4,,1,70,,28520,11,4,,1,30,,28505,11,4,,1,70,,28501,11,4,,1,30,,28508,11,4,,1,70,,28504,11,4,,1,30,,28519,11,4,,1,70,,28524,11,4,,1,30,,28499,11,4,,1,70,,28511,11,4,,1,30,,28509,11,4,,1,70,,28502,11,4,,1,30,,19132,11,4,,1
21001,'11',723,,28539,11,4,,1,30,,28530,11,4,,1,70,,28537,11,4,,1,30,,28540,11,4,,1,70,,28527,11,4,,1,30,,28532,11,4,,1,70,,28552,11,4,,1,30,,28542,11,4,,1,70,,28546,11,4,,1,30,,28534,11,4,,1,70,,28525,11,4,,1,30,,28549,11,4,,1,70,,28538,11,4,,1,30,,28544,11,4,,1,70,,28541,11,4,,1,30,,28551,11,4,,1,70,,28543,11,4,,1,30,,28550,11,4,,1,70,,28547,11,4,,1,30,,28533,11,4,,1,70,,28529,11,4,,1,30,,28526,11,4,,1,70,,28545,11,4,,1,30,,28536,11,4,,1,70,,28528,11,4,,1,30,,28535,11,4,,1,70,,28548,11,4,,1,30,,28531,11,4,,1
21001,'2',1853,,28557,11,4,,1,70,,28553,11,4,,1,30,,28559,11,4,,1,70,,28562,11,4,,1,30,,28556,11,4,,1,70,,28555,11,4,,1,30,,28560,11,4,,1,70,,28558,11,4,,1,30,,28554,11,4,,1,70,,28561,11,4,,1
21001,'3',1853,,28563,11,4,,1,70,,28566,11,4,,1,30,,28571,11,4,,1,70,,28569,11,4,,1,30,,28567,11,4,,1,70,,28565,11,4,,1,30,,28572,11,4,,1,70,,28570,11,4,,1,30,,28564,11,4,,1,70,,28568,11,4,,1
21001,'4',1853,,28577,11,4,,1,70,,28574,11,4,,1,30,,28573,11,4,,1,70,,28581,11,4,,1,30,,28576,11,4,,1,70,,28579,11,4,,1,30,,28582,11,4,,1,70,,28578,11,4,,1,30,,28575,11,4,,1,70,,28580,11,4,,1
21001,'5',1853,,28590,11,4,,1,70,,28584,11,4,,1,30,,28591,11,4,,1,70,,28583,11,4,,1,30,,28587,11,4,,1,70,,28586,11,4,,1,30,,28589,11,4,,1,70,,28588,11,4,,1,30,,28592,11,4,,1,70,,28585,11,4,,1
21001,'6',723,,28596,11,4,,1,30,,28620,11,4,,1,70,,28594,11,4,,1,30,,28595,11,4,,1,70,,28614,11,4,,1,30,,28603,11,4,,1,70,,28605,11,4,,1,30,,28598,11,4,,1,70,,28609,11,4,,1,30,,28617,11,4,,1,70,,28613,11,4,,1,30,,28597,11,4,,1,70,,28612,11,4,,1,30,,28607,11,4,,1,70,,28606,11,4,,1,30,,28602,11,4,,1,70,,28610,11,4,,1,30,,28608,11,4,,1,70,,28616,11,4,,1,30,,28599,11,4,,1,70,,28593,11,4,,1,30,,28600,11,4,,1,70,,28618,11,4,,1,30,,28611,11,4,,1,70,,28601,11,4,,1,30,,28615,11,4,,1,70,,28619,11,4,,1,30,,28604,11,4,,1
21001,'7',1853,,28623,11,4,,1,70,,28628,11,4,,1,30,,28625,11,4,,1,70,,28629,11,4,,1,30,,28630,11,4,,1,70,,28621,11,4,,1,30,,28627,11,4,,1,70,,28622,11,4,,1,30,,28626,11,4,,1,70,,28624,11,4,,1
21001,'8',1853,,28640,11,4,,1,70,,28631,11,4,,1,30,,28639,11,4,,1,70,,28632,11,4,,1,30,,28635,11,4,,1,70,,28633,11,4,,1,30,,28637,11,4,,1,70,,28634,11,4,,1,30,,28638,11,4,,1,70,,28636,11,4,,1
21001,'9',1853,,28648,11,4,,1,70,,28645,11,4,,1,30,,28643,11,4,,1,70,,28646,11,4,,1,30,,28641,11,4,,1,70,,28650,11,4,,1,30,,28644,11,4,,1,70,,28647,11,4,,1,30,,28642,11,4,,1,70,,28649,11,4,,1
21600,'1',1804,,29398,2,4,,1,1,,29404,1,,,1,29,,29410,2,4,,1,1,,29411,1,,,1,69,,29390,2,4,,1,1,,29393,1,,,1,29,,29406,2,4,,1,1,,29389,1,,,1,69,,29397,2,4,,1,1,,29391,1,,,1,29,,29403,2,4,,1,1,,29408,1,,,1,69,,29407,2,4,,1,1,,29396,1,,,1,29,,29395,2,4,,1,1,,29402,1,,,1,69,,29392,2,4,,1,1,,29405,1,,,1,29,,29409,2,4,,1,1,,29399,1,,,1,69,,29401,2,4,,1,1,,29394,1,,,1,29,,29400,2,4,,1,1,,29412,1,,,1
21600,'10',704,,29438,2,4,,1,1,,29434,1,,,1,29,,29444,2,4,,1,1,,29443,1,,,1,69,,29447,2,4,,1,1,,29436,1,,,1,29,,19584,2,4,,1,1,,29458,1,,,1,69,,29416,2,4,,1,1,,29437,1,,,1,29,,29427,2,4,,1,1,,29433,1,,,1,69,,29429,2,4,,1,1,,29422,1,,,1,29,,29453,2,4,,1,1,,29466,1,,,1,69,,29446,2,4,,1,1,,29459,1,,,1,29,,29454,2,4,,1,1,,29420,1,,,1,69,,29415,2,4,,1,1,,29425,1,,,1,29,,29462,2,4,,1,1,,29456,1,,,1,69,,29424,2,4,,1,1,,29431,1,,,1,29,,29468,2,4,,1,1,,29435,1,,,1,69,,29419,2,4,,1,1,,29464,1,,,1,29,,29452,2,4,,1,1,,29439,1,,,1,69,,29430,2,4,,1,1,,19714,1,,,1,29,,29417,2,4,,1,1,,29461,1,,,1,69,,29441,2,4,,1,1,,29418,1,,,1,29,,29449,2,4,,1,1,,29428,1,,,1,69,,29421,2,4,,1,1,,29467,1,,,1,29,,29455,2,4,,1,1,,29423,1,,,1,69,,29432,2,4,,1,1,,29460,1,,,1,29,,29442,2,4,,1,1,,29450,1,,,1,69,,29463,2,4,,1,1,,29457,1,,,1,29,,29465,2,4,,1,1,,29413,1,,,1,69,,29451,2,4,,1,1,,29414,1,,,1,29,,29440,2,4,,1,1,,29426,1,,,1,69,,29445,2,4,,1,1,,29448,1,,,1
21600,'11',704,,29496,2,4,,1,1,,29472,1,,,1,29,,29489,2,4,,1,1,,29475,1,,,1,69,,29498,2,4,,1,1,,29514,1,,,1,29,,29470,2,4,,1,1,,29520,1,,,1,69,,29480,2,4,,1,1,,29471,1,,,1,29,,29522,2,4,,1,1,,29519,1,,,1,69,,29481,2,4,,1,1,,29483,1,,,1,29,,29476,2,4,,1,1,,29479,1,,,1,69,,29495,2,4,,1,1,,29477,1,,,1,29,,29469,2,4,,1,1,,29524,1,,,1,69,,29490,2,4,,1,1,,29523,1,,,1,29,,29502,2,4,,1,1,,29487,1,,,1,69,,29513,2,4,,1,1,,29488,1,,,1,29,,29510,2,4,,1,1,,29499,1,,,1,69,,29501,2,4,,1,1,,29521,1,,,1,29,,29473,2,4,,1,1,,29512,1,,,1,69,,29511,2,4,,1,1,,29503,1,,,1,29,,29516,2,4,,1,1,,29492,1,,,1,69,,29515,2,4,,1,1,,29525,1,,,1,29,,29518,2,4,,1,1,,29500,1,,,1,69,,29474,2,4,,1,1,,29484,1,,,1,29,,29491,2,4,,1,1,,29478,1,,,1,69,,29508,2,4,,1,1,,29506,1,,,1,29,,29486,2,4,,1,1,,29505,1,,,1,69,,29504,2,4,,1,1,,29507,1,,,1,29,,29526,2,4,,1,1,,29494,1,,,1,69,,29517,2,4,,1,1,,29482,1,,,1,29,,29485,2,4,,1,1,,29497,1,,,1,69,,29493,2,4,,1,1,,29509,1,,,1
21600,'2',1804,,29536,2,4,,1,1,,29540,1,,,1,29,,29530,2,4,,1,1,,29544,1,,,1,69,,14743,2,4,,1,1,,29537,1,,,1,29,,29542,2,4,,1,1,,29528,1,,,1,69,,18698,2,4,,1,1,,29535,1,,,1,29,,29548,2,4,,1,1,,29534,1,,,1,69,,29543,2,4,,1,1,,29538,1,,,1,29,,29532,2,4,,1,1,,29545,1,,,1,69,,29527,2,4,,1,1,,29531,1,,,1,29,,29529,2,4,,1,1,,29533,1,,,1,69,,29539,2,4,,1,1,,29547,1,,,1,29,,29546,2,4,,1,1,,29541,1,,,1
21600,'3',1804,,29556,2,4,,1,1,,29562,1,,,1,29,,29560,2,4,,1,1,,29551,1,,,1,69,,29564,2,4,,1,1,,29558,1,,,1,29,,29553,2,4,,1,1,,29550,1,,,1,69,,29566,2,4,,1,1,,29549,1,,,1,29,,29563,2,4,,1,1,,29552,1,,,1,69,,29572,2,4,,1,1,,29571,1,,,1,29,,29557,2,4,,1,1,,29555,1,,,1,69,,29568,2,4,,1,1,,29554,1,,,1,29,,29567,2,4,,1,1,,29569,1,,,1,69,,29565,2,4,,1,1,,29570,1,,,1,29,,29561,2,4,,1,1,,29559,1,,,1
21600,'4',1804,,29586,2,4,,1,1,,29582,1,,,1,29,,29578,2,4,,1,1,,29595,1,,,1,69,,29576,2,4,,1,1,,29584,1,,,1,29,,29581,2,4,,1,1,,29588,1,,,1,69,,29590,2,4,,1,1,,29593,1,,,1,29,,29587,2,4,,1,1,,29575,1,,,1,69,,29577,2,4,,1,1,,29591,1,,,1,29,,29592,2,4,,1,1,,29589,1,,,1,69,,29594,2,4,,1,1,,29580,1,,,1,29,,29573,2,4,,1,1,,29579,1,,,1,69,,29583,2,4,,1,1,,29574,1,,,1,29,,29596,2,4,,1,1,,29585,1,,,1
21600,'5',1804,,29617,2,4,,1,1,,29601,1,,,1,29,,29607,2,4,,1,1,,29604,1,,,1,69,,29602,2,4,,1,1,,29606,1,,,1,29,,29597,2,4,,1,1,,29619,1,,,1,69,,29613,2,4,,1,1,,29603,1,,,1,29,,29599,2,4,,1,1,,29600,1,,,1,69,,29616,2,4,,1,1,,29612,1,,,1,29,,29610,2,4,,1,1,,29609,1,,,1,69,,29620,2,4,,1,1,,29614,1,,,1,29,,29605,2,4,,1,1,,29598,1,,,1,69,,29615,2,4,,1,1,,29608,1,,,1,29,,29611,2,4,,1,1,,29618,1,,,1
21600,'6',704,,29666,2,4,,1,1,,29671,1,,,1,29,,29640,2,4,,1,1,,29667,1,,,1,69,,29662,2,4,,1,1,,29653,1,,,1,29,,29634,2,4,,1,1,,29664,1,,,1,69,,29674,2,4,,1,1,,29638,1,,,1,29,,29631,2,4,,1,1,,29639,1,,,1,69,,29649,2,4,,1,1,,29673,1,,,1,29,,29644,2,4,,1,1,,29658,1,,,1,69,,29663,2,4,,1,1,,29629,1,,,1,29,,29633,2,4,,1,1,,29676,1,,,1,69,,29660,2,4,,1,1,,29632,1,,,1,29,,29648,2,4,,1,1,,29637,1,,,1,69,,29651,2,4,,1,1,,29654,1,,,1,29,,29678,2,4,,1,1,,29670,1,,,1,69,,29628,2,4,,1,1,,29636,1,,,1,29,,29630,2,4,,1,1,,29622,1,,,1,69,,29645,2,4,,1,1,,29623,1,,,1,29,,29643,2,4,,1,1,,29661,1,,,1,69,,29625,2,4,,1,1,,29621,1,,,1,29,,29675,2,4,,1,1,,29652,1,,,1,69,,29626,2,4,,1,1,,29647,1,,,1,29,,29624,2,4,,1,1,,29657,1,,,1,69,,29656,2,4,,1,1,,29642,1,,,1,29,,29669,2,4,,1,1,,29668,1,,,1,69,,29655,2,4,,1,1,,29665,1,,,1,29,,29635,2,4,,1,1,,29627,1,,,1,69,,29677,2,4,,1,1,,29659,1,,,1,29,,29641,2,4,,1,1,,29672,1,,,1,69,,29650,2,4,,1,1,,29646,1,,,1
21600,'7',1804,,29685,2,4,,1,1,,29690,1,,,1,29,,29689,2,4,,1,1,,29696,1,,,1,69,,29682,2,4,,1,1,,29684,1,,,1,29,,29692,2,4,,1,1,,29698,1,,,1,69,,29687,2,4,,1,1,,29699,1,,,1,29,,29701,2,4,,1,1,,29702,1,,,1,69,,29686,2,4,,1,1,,29693,1,,,1,29,,29695,2,4,,1,1,,29681,1,,,1,69,,29694,2,4,,1,1,,29700,1,,,1,29,,29691,2,4,,1,1,,29679,1,,,1,69,,29697,2,4,,1,1,,29683,1,,,1,29,,29688,2,4,,1,1,,29680,1,,,1
21600,'8',1804,,29708,2,4,,1,1,,29713,1,,,1,29,,29718,2,4,,1,1,,29706,1,,,1,69,,29721,2,4,,1,1,,29725,1,,,1,29,,29709,2,4,,1,1,,29722,1,,,1,69,,29723,2,4,,1,1,,29724,1,,,1,29,,29726,2,4,,1,1,,29711,1,,,1,69,,29705,2,4,,1,1,,29703,1,,,1,29,,29719,2,4,,1,1,,29716,1,,,1,69,,29717,2,4,,1,1,,29704,1,,,1,29,,29712,2,4,,1,1,,29714,1,,,1,69,,29715,2,4,,1,1,,29720,1,,,1,29,,29707,2,4,,1,1,,29710,1,,,1
21600,'9',1804,,29728,2,4,,1,1,,29741,1,,,1,29,,29746,2,4,,1,1,,29747,1,,,1,69,,29749,2,4,,1,1,,29730,1,,,1,29,,29727,2,4,,1,1,,29729,1,,,1,69,,29742,2,4,,1,1,,29732,1,,,1,29,,29743,2,4,,1,1,,29738,1,,,1,69,,29740,2,4,,1,1,,29737,1,,,1,29,,29733,2,4,,1,1,,29739,1,,,1,69,,29744,2,4,,1,1,,29731,1,,,1,29,,29750,2,4,,1,1,,29734,1,,,1,69,,29748,2,4,,1,1,,29745,1,,,1,29,,29736,2,4,,1,1,,29735,1,,,1
21601,'1',1818,,29753,16,4,,1,7,,29752,1,0,13,1,23,,29769,16,4,,1,7,,29761,1,0,13,1,63,,29764,16,4,,1,7,,29758,1,0,13,1,23,,29759,16,4,,1,7,,29767,1,0,13,1,63,,29762,16,4,,1,7,,29768,1,0,13,1,23,,29765,16,4,,1,7,,29766,1,0,13,1,63,,29760,16,4,,1,7,,29754,1,0,13,1,23,,18110,16,4,,1,7,,29771,1,0,13,1,63,,29756,16,4,,1,7,,29770,1,0,13,1,23,,29751,16,4,,1,7,,29763,1,0,13,1,63,,29755,16,4,,1,7,,29757,1,0,13,1
21601,'10',648,,29788,16,4,,1,7,,29816,1,0,13,1,63,,29802,16,4,,1,7,,29784,1,0,13,1,23,,29774,16,4,,1,7,,29789,1,0,13,1,63,,29812,16,4,,1,7,,29819,1,0,13,1,23,,29825,16,4,,1,7,,29818,1,0,13,1,63,,29796,16,4,,1,7,,29799,1,0,13,1,23,,29775,16,4,,1,7,,29806,1,0,13,1,63,,29797,16,4,,1,7,,29798,1,0,13,1,23,,29823,16,4,,1,7,,29782,1,0,13,1,63,,29781,16,4,,1,7,,29795,1,0,13,1,23,,29805,16,4,,1,7,,29820,1,0,13,1,63,,29776,16,4,,1,7,,29828,1,0,13,1,23,,29814,16,4,,1,7,,29821,1,0,13,1,63,,29827,16,4,,1,7,,29778,1,0,13,1,23,,29810,16,4,,1,7,,29783,1,0,13,1,63,,29773,16,4,,1,7,,29817,1,0,13,1,23,,29790,16,4,,1,7,,29801,1,0,13,1,63,,29809,16,4,,1,7,,29815,1,0,13,1,23,,29824,16,4,,1,7,,29780,1,0,13,1,63,,29777,16,4,,1,7,,29792,1,0,13,1,23,,29826,16,4,,1,7,,29794,1,0,13,1,63,,29785,16,4,,1,7,,29811,1,0,13,1,23,,29807,16,4,,1,7,,29803,1,0,13,1,63,,29804,16,4,,1,7,,29772,1,0,13,1,23,,18981,16,4,,1,7,,29800,1,0,13,1,63,,29779,16,4,,1,7,,29791,1,0,13,1,23,,29786,16,4,,1,7,,29793,1,0,13,1,63,,29808,16,4,,1,7,,29813,1,0,13,1,23,,29822,16,4,,1,7,,29787,1,0,13,1
21601,'11',648,,29877,16,4,,1,7,,29879,1,0,13,1,63,,29860,16,4,,1,7,,29863,1,0,13,1,23,,29853,16,4,,1,7,,29855,1,0,13,1,63,,29874,16,4,,1,7,,29833,1,0,13,1,23,,29850,16,4,,1,7,,29861,1,0,13,1,63,,29867,16,4,,1,7,,29832,1,0,13,1,23,,29849,16,4,,1,7,,29837,1,0,13,1,63,,29852,16,4,,1,7,,29883,1,0,13,1,23,,29882,16,4,,1,7,,29848,1,0,13,1,63,,29857,16,4,,1,7,,29865,1,0,13,1,23,,29868,16,4,,1,7,,29885,1,0,13,1,63,,29880,16,4,,1,7,,29835,1,0,13,1,23,,29836,16,4,,1,7,,29845,1,0,13,1,63,,29844,16,4,,1,7,,29872,1,0,13,1,23,,29866,16,4,,1,7,,29842,1,0,13,1,63,,29871,16,4,,1,7,,29829,1,0,13,1,23,,29859,16,4,,1,7,,29830,1,0,13,1,63,,29875,16,4,,1,7,,29839,1,0,13,1,23,,29873,16,4,,1,7,,29878,1,0,13,1,63,,29864,16,4,,1,7,,29840,1,0,13,1,23,,29838,16,4,,1,7,,29843,1,0,13,1,63,,29851,16,4,,1,7,,29846,1,0,13,1,23,,29870,16,4,,1,7,,29854,1,0,13,1,63,,29884,16,4,,1,7,,29834,1,0,13,1,23,,29856,16,4,,1,7,,29858,1,0,13,1,63,,29876,16,4,,1,7,,29862,1,0,13,1,23,,29831,16,4,,1,7,,29847,1,0,13,1,63,,29886,16,4,,1,7,,29881,1,0,13,1,23,,29841,16,4,,1,7,,29869,1,0,13,1
21601,'2',1818,,29904,16,4,,1,7,,29901,1,0,13,1,23,,29892,16,4,,1,7,,29891,1,0,13,1,63,,29893,16,4,,1,7,,29896,1,0,13,1,23,,29899,16,4,,1,7,,29900,1,0,13,1,63,,29903,16,4,,1,7,,29890,1,0,13,1,23,,29888,16,4,,1,7,,29894,1,0,13,1,63,,29906,16,4,,1,7,,29907,1,0,13,1,23,,29889,16,4,,1,7,,29902,1,0,13,1,63,,29905,16,4,,1,7,,29887,1,0,13,1,23,,29897,16,4,,1,7,,29895,1,0,13,1,63,,29898,16,4,,1,7,,18456,1,0,13,1
21601,'3',1818,,29913,16,4,,1,7,,29922,1,0,13,1,23,,29926,16,4,,1,7,,29916,1,0,13,1,63,,29911,16,4,,1,7,,29920,1,0,13,1,23,,29910,16,4,,1,7,,29929,1,0,13,1,63,,29919,16,4,,1,7,,29925,1,0,13,1,23,,29923,16,4,,1,7,,29908,1,0,13,1,63,,29927,16,4,,1,7,,29928,1,0,13,1,23,,29909,16,4,,1,7,,29912,1,0,13,1,63,,29914,16,4,,1,7,,29924,1,0,13,1,23,,29915,16,4,,1,7,,29918,1,0,13,1,63,,29917,16,4,,1,7,,29921,1,0,13,1
21601,'4',1818,,29950,16,4,,1,7,,29932,1,0,13,1,23,,29936,16,4,,1,7,,29944,1,0,13,1,63,,29941,16,4,,1,7,,29940,1,0,13,1,23,,29934,16,4,,1,7,,29935,1,0,13,1,63,,29943,16,4,,1,7,,29930,1,0,13,1,23,,29938,16,4,,1,7,,29951,1,0,13,1,63,,29949,16,4,,1,7,,29945,1,0,13,1,23,,29946,16,4,,1,7,,29942,1,0,13,1,63,,29948,16,4,,1,7,,29933,1,0,13,1,23,,29931,16,4,,1,7,,29937,1,0,13,1,63,,29939,16,4,,1,7,,29947,1,0,13,1
21601,'5',1818,,29959,16,4,,1,7,,29952,1,0,13,1,23,,29958,16,4,,1,7,,29963,1,0,13,1,63,,29961,16,4,,1,7,,29966,1,0,13,1,23,,29969,16,4,,1,7,,29973,1,0,13,1,63,,29965,16,4,,1,7,,29954,1,0,13,1,23,,29968,16,4,,1,7,,29967,1,0,13,1,63,,29964,16,4,,1,7,,29953,1,0,13,1,23,,29955,16,4,,1,7,,29970,1,0,13,1,63,,29971,16,4,,1,7,,29960,1,0,13,1,23,,29962,16,4,,1,7,,29957,1,0,13,1,63,,29972,16,4,,1,7,,29956,1,0,13,1
21601,'6',648,,29990,16,4,,1,7,,29997,1,0,13,1,63,,29985,16,4,,1,7,,30005,1,0,13,1,23,,30008,16,4,,1,7,,30012,1,0,13,1,63,,30003,16,4,,1,7,,30023,1,0,13,1,23,,30002,16,4,,1,7,,29991,1,0,13,1,63,,30014,16,4,,1,7,,29978,1,0,13,1,23,,30028,16,4,,1,7,,29974,1,0,13,1,63,,29986,16,4,,1,7,,30022,1,0,13,1,23,,29994,16,4,,1,7,,29976,1,0,13,1,63,,30024,16,4,,1,7,,30010,1,0,13,1,23,,30029,16,4,,1,7,,30016,1,0,13,1,63,,29981,16,4,,1,7,,29998,1,0,13,1,23,,29979,16,4,,1,7,,29999,1,0,13,1,63,,30025,16,4,,1,7,,30015,1,0,13,1,23,,29980,16,4,,1,7,,30017,1,0,13,1,63,,29988,16,4,,1,7,,30031,1,0,13,1,23,,29992,16,4,,1,7,,30013,1,0,13,1,63,,30021,16,4,,1,7,,30020,1,0,13,1,23,,29975,16,4,,1,7,,29996,1,0,13,1,63,,30004,16,4,,1,7,,29984,1,0,13,1,23,,29983,16,4,,1,7,,30006,1,0,13,1,63,,29987,16,4,,1,7,,29989,1,0,13,1,23,,30000,16,4,,1,7,,30027,1,0,13,1,63,,30019,16,4,,1,7,,29977,1,0,13,1,23,,30009,16,4,,1,7,,29993,1,0,13,1,63,,30007,16,4,,1,7,,30026,1,0,13,1,23,,30011,16,4,,1,7,,30001,1,0,13,1,63,,30030,16,4,,1,7,,30018,1,0,13,1,23,,29995,16,4,,1,7,,29982,1,0,13,1
21601,'7',1818,,30052,16,4,,1,7,,30040,1,0,13,1,23,,30053,16,4,,1,7,,30048,1,0,13,1,63,,30043,16,4,,1,7,,30044,1,0,13,1,23,,30035,16,4,,1,7,,30034,1,0,13,1,63,,30033,16,4,,1,7,,30039,1,0,13,1,23,,30047,16,4,,1,7,,30037,1,0,13,1,63,,30045,16,4,,1,7,,30042,1,0,13,1,23,,30041,16,4,,1,7,,30032,1,0,13,1,63,,30050,16,4,,1,7,,30046,1,0,13,1,23,,30036,16,4,,1,7,,30049,1,0,13,1,63,,30038,16,4,,1,7,,30051,1,0,13,1
21601,'8',1818,,30072,16,4,,1,7,,30060,1,0,13,1,23,,30066,16,4,,1,7,,30058,1,0,13,1,63,,30062,16,4,,1,7,,30074,1,0,13,1,23,,30055,16,4,,1,7,,30070,1,0,13,1,63,,30063,16,4,,1,7,,30059,1,0,13,1,23,,30061,16,4,,1,7,,30068,1,0,13,1,63,,30067,16,4,,1,7,,30056,1,0,13,1,23,,30054,16,4,,1,7,,30069,1,0,13,1,63,,30057,16,4,,1,7,,30064,1,0,13,1,23,,30073,16,4,,1,7,,30065,1,0,13,1,63,,30075,16,4,,1,7,,30071,1,0,13,1
21601,'9',1818,,30076,16,4,,1,7,,30089,1,0,13,1,23,,30097,16,4,,1,7,,30082,1,0,13,1,63,,30092,16,4,,1,7,,30078,1,0,13,1,23,,30079,16,4,,1,7,,30093,1,0,13,1,63,,30077,16,4,,1,7,,30084,1,0,13,1,23,,30083,16,4,,1,7,,30086,1,0,13,1,63,,30087,16,4,,1,7,,30080,1,0,13,1,23,,30091,16,4,,1,7,,30088,1,0,13,1,63,,30090,16,4,,1,7,,30095,1,0,13,1,23,,30094,16,4,,1,7,,30096,1,0,13,1,63,,30081,16,4,,1,7,,30085,1,0,13,1
