10300,'1',642,,20317,21,,,1,100,,20326,21,,,1,70,,20325,21,,,1,30,,20323,21,,,1,70,,20320,21,,,1,30,,20330,21,,,1,70,,20334,21,,,1,30,,20329,21,,,1,100,,20327,21,,,1,100,,20318,21,,,1,100,,20324,21,,,1,100,,20322,21,,,1,100,,20319,21,,,1,70,,20316,21,,,1,30,,20321,21,,,1,70,,20332,21,,,1,30,,20328,21,,,1,70,,20333,21,,,1,30,,20331,21,,,1
10300,'2',642,,20347,21,,,1,100,,20349,21,,,1,70,,20345,21,,,1,30,,20338,21,,,1,70,,20351,21,,,1,30,,20335,21,,,1,70,,20340,21,,,1,30,,20339,21,,,1,100,,18114,21,,,1,100,,20336,21,,,1,100,,20342,21,,,1,100,,20337,21,,,1,100,,20343,21,,,1,70,,20346,21,,,1,30,,20350,21,,,1,70,,20348,21,,,1,30,,20352,21,,,1,70,,20344,21,,,1,30,,20341,21,,,1
10300,'3',642,,20353,21,,,1,100,,20362,21,,,1,70,,20369,21,,,1,30,,20358,21,,,1,70,,20363,21,,,1,30,,20354,21,,,1,70,,20364,21,,,1,30,,20367,21,,,1,100,,20370,21,,,1,100,,20371,21,,,1,100,,20355,21,,,1,100,,20356,21,,,1,100,,20359,21,,,1,70,,20365,21,,,1,30,,20361,21,,,1,70,,20357,21,,,1,30,,20366,21,,,1,70,,20360,21,,,1,30,,20368,21,,,1
10300,'4',642,,20390,21,,,1,100,,20388,21,,,1,70,,20376,21,,,1,30,,20377,21,,,1,70,,20389,21,,,1,30,,20387,21,,,1,70,,20382,21,,,1,30,,20378,21,,,1,100,,20374,21,,,1,100,,20372,21,,,1,100,,20375,21,,,1,100,,20383,21,,,1,100,,20381,21,,,1,70,,20373,21,,,1,30,,20386,21,,,1,70,,20385,21,,,1,30,,20380,21,,,1,70,,20379,21,,,1,30,,20384,21,,,1
10300,'5',642,,20400,21,,,1,100,,20403,21,,,1,70,,20395,21,,,1,30,,20397,21,,,1,70,,20405,21,,,1,30,,20407,21,,,1,70,,20409,21,,,1,30,,20394,21,,,1,100,,20404,21,,,1,100,,20401,21,,,1,100,,20396,21,,,1,100,,20398,21,,,1,100,,20406,21,,,1,70,,20399,21,,,1,30,,20393,21,,,1,70,,20402,21,,,1,30,,20392,21,,,1,70,,20408,21,,,1,30,,20391,21,,,1
10300,'7',642,,20423,21,,,1,100,,20419,21,,,1,70,,20417,21,,,1,30,,20428,21,,,1,70,,20427,21,,,1,30,,20421,21,,,1,70,,20422,21,,,1,30,,20413,21,,,1,100,,20411,21,,,1,100,,20414,21,,,1,100,,20426,21,,,1,100,,20412,21,,,1,100,,20420,21,,,1,70,,20415,21,,,1,30,,20424,21,,,1,70,,20425,21,,,1,30,,20418,21,,,1,70,,20410,21,,,1,30,,20416,21,,,1
10300,'8',642,,20442,21,,,1,100,,20439,21,,,1,70,,20432,21,,,1,30,,20444,21,,,1,70,,20433,21,,,1,30,,20435,21,,,1,70,,20441,21,,,1,30,,20434,21,,,1,100,,20429,21,,,1,100,,20436,21,,,1,100,,20447,21,,,1,100,,20438,21,,,1,100,,20445,21,,,1,70,,20437,21,,,1,30,,20443,21,,,1,70,,20446,21,,,1,30,,20430,21,,,1,70,,20431,21,,,1,30,,20440,21,,,1
10300,'9',642,,20448,21,,,1,100,,20458,21,,,1,70,,20457,21,,,1,30,,20464,21,,,1,70,,20452,21,,,1,30,,20462,21,,,1,70,,20453,21,,,1,30,,20461,21,,,1,100,,20460,21,,,1,100,,20449,21,,,1,100,,20450,21,,,1,100,,20459,21,,,1,100,,20465,21,,,1,70,,20463,21,,,1,30,,20454,21,,,1,70,,20455,21,,,1,30,,20451,21,,,1,70,,20466,21,,,1,30,,20456,21,,,1
10301,'1',613,,20467,11,,,1,100,,20476,11,,,1,30,,20474,11,,,1,70,,20481,11,,,1,30,,20479,11,,,1,70,,20483,11,,,1,30,,20471,11,,,1,70,,20478,11,,,1,100,,20473,11,,,1,100,,20469,11,,,1,100,,20480,11,,,1,100,,20470,11,,,1,100,,20485,11,,,1,30,,17632,11,,,1,70,,20477,11,,,1,30,,20475,11,,,1,70,,20484,11,,,1,30,,20472,11,,,1,70,,20482,11,,,1,30,,20468,11,,,1
10301,'2',613,,20487,11,,,1,100,,20493,11,,,1,30,,20491,11,,,1,70,,20488,11,,,1,30,,20486,11,,,1,70,,20498,11,,,1,30,,20503,11,,,1,70,,20495,11,,,1,100,,20504,11,,,1,100,,20499,11,,,1,100,,20494,11,,,1,100,,20490,11,,,1,100,,20505,11,,,1,30,,20489,11,,,1,70,,20497,11,,,1,30,,20496,11,,,1,70,,20500,11,,,1,30,,20492,11,,,1,70,,20501,11,,,1,30,,20502,11,,,1
10301,'3',613,,20511,11,,,1,100,,20521,11,,,1,30,,20509,11,,,1,70,,20515,11,,,1,30,,20512,11,,,1,70,,20507,11,,,1,30,,20506,11,,,1,70,,20518,11,,,1,100,,20508,11,,,1,100,,20522,11,,,1,100,,20516,11,,,1,100,,20523,11,,,1,100,,20513,11,,,1,30,,20510,11,,,1,70,,20524,11,,,1,30,,20517,11,,,1,70,,20520,11,,,1,30,,20514,11,,,1,70,,20519,11,,,1,30,,20525,11,,,1
10301,'4',613,,20534,11,,,1,100,,20531,11,,,1,30,,20529,11,,,1,70,,20533,11,,,1,30,,20537,11,,,1,70,,20532,11,,,1,30,,20538,11,,,1,70,,20527,11,,,1,100,,20535,11,,,1,100,,20528,11,,,1,100,,20543,11,,,1,100,,20540,11,,,1,100,,20530,11,,,1,30,,20542,11,,,1,70,,20536,11,,,1,30,,20539,11,,,1,70,,20544,11,,,1,30,,20545,11,,,1,70,,20541,11,,,1,30,,20526,11,,,1
10301,'5',613,,20562,11,,,1,100,,20547,11,,,1,30,,20550,11,,,1,70,,20558,11,,,1,30,,20549,11,,,1,70,,20560,11,,,1,30,,20565,11,,,1,70,,20564,11,,,1,100,,20554,11,,,1,100,,20548,11,,,1,100,,20546,11,,,1,100,,20561,11,,,1,100,,20559,11,,,1,30,,20556,11,,,1,70,,20555,11,,,1,30,,20551,11,,,1,70,,20563,11,,,1,30,,20557,11,,,1,70,,20553,11,,,1,30,,20552,11,,,1
10301,'7',613,,20583,11,,,1,100,,20579,11,,,1,30,,20568,11,,,1,70,,20570,11,,,1,30,,20574,11,,,1,70,,20580,11,,,1,30,,20566,11,,,1,70,,20576,11,,,1,100,,20585,11,,,1,100,,20573,11,,,1,100,,20571,11,,,1,100,,20575,11,,,1,100,,20578,11,,,1,30,,20567,11,,,1,70,,20577,11,,,1,30,,20584,11,,,1,70,,20582,11,,,1,30,,20581,11,,,1,70,,20569,11,,,1,30,,20572,11,,,1
10301,'8',613,,20594,11,,,1,100,,20588,11,,,1,30,,20596,11,,,1,70,,20602,11,,,1,30,,20598,11,,,1,70,,20600,11,,,1,30,,20592,11,,,1,70,,20593,11,,,1,100,,20595,11,,,1,100,,20591,11,,,1,100,,20586,11,,,1,100,,20590,11,,,1,100,,20605,11,,,1,30,,20597,11,,,1,70,,20603,11,,,1,30,,20601,11,,,1,70,,20604,11,,,1,30,,20599,11,,,1,70,,20587,11,,,1,30,,20589,11,,,1
10301,'9',613,,20611,11,,,1,100,,20607,11,,,1,30,,20610,11,,,1,70,,20612,11,,,1,30,,20614,11,,,1,70,,20625,11,,,1,30,,20618,11,,,1,70,,20623,11,,,1,100,,20609,11,,,1,100,,20622,11,,,1,100,,20621,11,,,1,100,,20615,11,,,1,100,,20613,11,,,1,30,,20620,11,,,1,70,,20617,11,,,1,30,,20619,11,,,1,70,,20608,11,,,1,30,,20616,11,,,1,70,,20624,11,,,1,30,,20606,11,,,1
