10400,'1',639,,18641,12,,,1,70,,20630,12,,,1,30,,20627,12,,,1,70,,20647,12,,,1,30,,20637,12,,,1,70,,20646,12,,,1,30,,20629,12,,,1,70,,20628,12,,,1,30,,20645,12,,,1,70,,20633,12,,,1,30,,20644,12,,,1,70,,20635,12,,,1,30,,20632,12,,,1,70,,20641,12,,,1,30,,20626,12,,,1,70,,20640,12,,,1,30,,20631,12,,,1,70,,20639,12,,,1,30,,20643,12,,,1,70,,20642,12,,,1,30,,20649,12,,,1,70,,20636,12,,,1,30,,20638,12,,,1,70,,20634,12,,,1,30,,20648,12,,,1
10400,'2',639,,20668,12,,,1,70,,20664,12,,,1,30,,20655,12,,,1,70,,20669,12,,,1,30,,20652,12,,,1,70,,20663,12,,,1,30,,20650,12,,,1,70,,20670,12,,,1,30,,20659,12,,,1,70,,20654,12,,,1,30,,20662,12,,,1,70,,20656,12,,,1,30,,20657,12,,,1,70,,20665,12,,,1,30,,20661,12,,,1,70,,20666,12,,,1,30,,20667,12,,,1,70,,20673,12,,,1,30,,20660,12,,,1,70,,20674,12,,,1,30,,20651,12,,,1,70,,20653,12,,,1,30,,20672,12,,,1,70,,20658,12,,,1,30,,20671,12,,,1
10400,'3',639,,20680,12,,,1,70,,20678,12,,,1,30,,20693,12,,,1,70,,20683,12,,,1,30,,20691,12,,,1,70,,20687,12,,,1,30,,20684,12,,,1,70,,20685,12,,,1,30,,20688,12,,,1,70,,20695,12,,,1,30,,20697,12,,,1,70,,20681,12,,,1,30,,20677,12,,,1,70,,20690,12,,,1,30,,20682,12,,,1,70,,20689,12,,,1,30,,20699,12,,,1,70,,20696,12,,,1,30,,20694,12,,,1,70,,20676,12,,,1,30,,20679,12,,,1,70,,20675,12,,,1,30,,20692,12,,,1,70,,20698,12,,,1,30,,20686,12,,,1
10400,'4',639,,20713,12,,,1,70,,20709,12,,,1,30,,20718,12,,,1,70,,20705,12,,,1,30,,20701,12,,,1,70,,20703,12,,,1,30,,20714,12,,,1,70,,20723,12,,,1,30,,20700,12,,,1,70,,20710,12,,,1,30,,20716,12,,,1,70,,20720,12,,,1,30,,20704,12,,,1,70,,20712,12,,,1,30,,20721,12,,,1,70,,20706,12,,,1,30,,20717,12,,,1,70,,20722,12,,,1,30,,20702,12,,,1,70,,20719,12,,,1,30,,20708,12,,,1,70,,20711,12,,,1,30,,20715,12,,,1,70,,20724,12,,,1,30,,20707,12,,,1
10400,'5',639,,20728,12,,,1,70,,20748,12,,,1,30,,20732,12,,,1,70,,20739,12,,,1,30,,20746,12,,,1,70,,20737,12,,,1,30,,20742,12,,,1,70,,20734,12,,,1,30,,20741,12,,,1,70,,20727,12,,,1,30,,20738,12,,,1,70,,20740,12,,,1,30,,20725,12,,,1,70,,20726,12,,,1,30,,20744,12,,,1,70,,20730,12,,,1,30,,20731,12,,,1,70,,20736,12,,,1,30,,20747,12,,,1,70,,20743,12,,,1,30,,20735,12,,,1,70,,20729,12,,,1,30,,20745,12,,,1,70,,20733,12,,,1,30,,20749,12,,,1
10400,'7',639,,20750,12,,,1,70,,20762,12,,,1,30,,20751,12,,,1,70,,20772,12,,,1,30,,20764,12,,,1,70,,20755,12,,,1,30,,20753,12,,,1,70,,20757,12,,,1,30,,20765,12,,,1,70,,20766,12,,,1,30,,20769,12,,,1,70,,20758,12,,,1,30,,20761,12,,,1,70,,20754,12,,,1,30,,20768,12,,,1,70,,20763,12,,,1,30,,20767,12,,,1,70,,20756,12,,,1,30,,20760,12,,,1,70,,20771,12,,,1,30,,20759,12,,,1,70,,20752,12,,,1,30,,20770,12,,,1,70,,20773,12,,,1,30,,20774,12,,,1
10400,'8',639,,20777,12,,,1,70,,20782,12,,,1,30,,20785,12,,,1,70,,20778,12,,,1,30,,20779,12,,,1,70,,20788,12,,,1,30,,20781,12,,,1,70,,20798,12,,,1,30,,20787,12,,,1,70,,20799,12,,,1,30,,20775,12,,,1,70,,20792,12,,,1,30,,20796,12,,,1,70,,20776,12,,,1,30,,20786,12,,,1,70,,20784,12,,,1,30,,20794,12,,,1,70,,20789,12,,,1,30,,20790,12,,,1,70,,20780,12,,,1,30,,20783,12,,,1,70,,20791,12,,,1,30,,20797,12,,,1,70,,20795,12,,,1,30,,20793,12,,,1
10400,'9',639,,20804,12,,,1,70,,20815,12,,,1,30,,20822,12,,,1,70,,20806,12,,,1,30,,20800,12,,,1,70,,20805,12,,,1,30,,20821,12,,,1,70,,20808,12,,,1,30,,20813,12,,,1,70,,20801,12,,,1,30,,20810,12,,,1,70,,20812,12,,,1,30,,20819,12,,,1,70,,20823,12,,,1,30,,20820,12,,,1,70,,20802,12,,,1,30,,20816,12,,,1,70,,20809,12,,,1,30,,20817,12,,,1,70,,20818,12,,,1,30,,20814,12,,,1,70,,20803,12,,,1,30,,20824,12,,,1,70,,20807,12,,,1,30,,20811,12,,,1
20301,'1',2408,,26673,12,,,1
20301,'2',2408,,26736,12,,,1
20301,'3',2408,,26747,12,,,1
20301,'4',2408,,26755,12,,,1
20301,'5',2408,,26764,12,,,1
20301,'7',2408,,26813,12,,,1
20301,'8',2408,,26822,12,,,1
20301,'9',2408,,26826,12,,,1
20400,'1',1909,,26836,12,,,1,30,,26839,12,,,1,70,,26837,12,,,1,30,,26841,12,,,1,70,,26840,12,,,1,30,,26845,12,,,1,70,,26843,12,,,1,30,,26842,12,,,1,70,,26838,12,,,1,30,,26844,12,,,1
20400,'10',739,,26855,12,,,1,70,,26852,12,,,1,30,,26860,12,,,1,70,,26847,12,,,1,30,,26849,12,,,1,70,,26863,12,,,1,30,,26862,12,,,1,70,,26867,12,,,1,30,,26868,12,,,1,70,,26871,12,,,1,30,,26858,12,,,1,70,,26853,12,,,1,30,,26873,12,,,1,70,,26870,12,,,1,30,,26846,12,,,1,70,,26857,12,,,1,30,,26854,12,,,1,70,,26872,12,,,1,30,,26851,12,,,1,70,,26866,12,,,1,30,,26869,12,,,1,70,,26848,12,,,1,30,,26864,12,,,1,70,,26859,12,,,1,30,,26865,12,,,1,70,,26861,12,,,1,30,,26850,12,,,1,70,,26856,12,,,1
20400,'11',739,,26889,12,,,1,70,,26884,12,,,1,30,,26895,12,,,1,70,,26893,12,,,1,30,,26887,12,,,1,70,,26876,12,,,1,30,,26878,12,,,1,70,,26880,12,,,1,30,,26882,12,,,1,70,,26888,12,,,1,30,,26874,12,,,1,70,,26881,12,,,1,30,,26897,12,,,1,70,,26899,12,,,1,30,,26883,12,,,1,70,,26890,12,,,1,30,,26901,12,,,1,70,,26877,12,,,1,30,,26894,12,,,1,70,,26886,12,,,1,30,,26885,12,,,1,70,,26875,12,,,1,30,,26896,12,,,1,70,,26892,12,,,1,30,,26900,12,,,1,70,,26891,12,,,1,30,,26879,12,,,1,70,,26898,12,,,1
20400,'2',1909,,26906,12,,,1,30,,26910,12,,,1,70,,26903,12,,,1,30,,26904,12,,,1,70,,26911,12,,,1,30,,26905,12,,,1,70,,26909,12,,,1,30,,26902,12,,,1,70,,26907,12,,,1,30,,26908,12,,,1
20400,'3',1909,,26913,12,,,1,30,,26912,12,,,1,70,,26914,12,,,1,30,,26915,12,,,1,70,,26920,12,,,1,30,,26916,12,,,1,70,,26919,12,,,1,30,,26917,12,,,1,70,,26921,12,,,1,30,,26918,12,,,1
20400,'4',1909,,26924,12,,,1,30,,26922,12,,,1,70,,26930,12,,,1,30,,26926,12,,,1,70,,26927,12,,,1,30,,26928,12,,,1,70,,26923,12,,,1,30,,26925,12,,,1,70,,26931,12,,,1,30,,26929,12,,,1
20400,'5',1909,,26937,12,,,1,30,,26941,12,,,1,70,,26934,12,,,1,30,,26935,12,,,1,70,,26932,12,,,1,30,,26933,12,,,1,70,,26939,12,,,1,30,,26936,12,,,1,70,,26940,12,,,1,30,,26938,12,,,1
20400,'6',739,,26964,12,,,1,70,,26958,12,,,1,30,,26948,12,,,1,70,,26955,12,,,1,30,,26945,12,,,1,70,,26961,12,,,1,30,,26951,12,,,1,70,,26949,12,,,1,30,,26963,12,,,1,70,,26952,12,,,1,30,,26947,12,,,1,70,,26960,12,,,1,30,,26956,12,,,1,70,,26962,12,,,1,30,,26965,12,,,1,70,,26943,12,,,1,30,,26953,12,,,1,70,,26944,12,,,1,30,,26954,12,,,1,70,,26957,12,,,1,30,,26946,12,,,1,70,,26969,12,,,1,30,,26942,12,,,1,70,,26967,12,,,1,30,,26968,12,,,1,70,,26966,12,,,1,30,,26959,12,,,1,70,,26950,12,,,1
20400,'7',1909,,26979,12,,,1,30,,26976,12,,,1,70,,26975,12,,,1,30,,26970,12,,,1,70,,26971,12,,,1,30,,26972,12,,,1,70,,26973,12,,,1,30,,26977,12,,,1,70,,26974,12,,,1,30,,26978,12,,,1
20400,'8',1909,,26980,12,,,1,30,,26982,12,,,1,70,,26988,12,,,1,30,,26983,12,,,1,70,,26984,12,,,1,30,,26985,12,,,1,70,,26989,12,,,1,30,,26987,12,,,1,70,,26986,12,,,1,30,,26981,12,,,1
20400,'9',1909,,26991,12,,,1,30,,26996,12,,,1,70,,26998,12,,,1,30,,26990,12,,,1,70,,26993,12,,,1,30,,26997,12,,,1,70,,26992,12,,,1,30,,26995,12,,,1,70,,26994,12,,,1,30,,26999,12,,,1
