11101,'1',626,,24046,14,,,1,30,,24048,14,,,1,70,,24058,14,,,1,30,,24040,14,,,1,70,,24052,14,,,1,30,,24047,14,,,1,70,,24049,14,,,1,30,,24057,14,,,1,70,,24055,14,,,1,30,,24034,14,,,1,70,,24043,14,,,1,30,,24050,14,,,1,70,,24051,14,,,1,30,,24041,14,,,1,70,,24036,14,,,1,30,,24037,14,,,1,71,,24056,14,,,1,30,,24045,14,,,1,70,,24042,14,,,1,30,,24035,14,,,1,70,,24044,14,,,1,30,,24054,14,,,1,70,,24053,14,,,1,30,,24038,14,,,1,70,,24039,14,,,1
11101,'2',626,,24081,14,,,1,30,,24070,14,,,1,70,,24083,14,,,1,30,,24073,14,,,1,70,,24076,14,,,1,30,,24079,14,,,1,70,,24066,14,,,1,30,,24063,14,,,1,70,,24082,14,,,1,30,,24059,14,,,1,70,,24064,14,,,1,30,,24069,14,,,1,70,,24071,14,,,1,30,,24067,14,,,1,70,,24061,14,,,1,30,,24060,14,,,1,71,,24072,14,,,1,30,,24077,14,,,1,70,,24080,14,,,1,30,,24065,14,,,1,70,,24062,14,,,1,30,,24074,14,,,1,70,,24075,14,,,1,30,,24078,14,,,1,70,,24068,14,,,1
11101,'3',626,,24108,14,,,1,30,,24096,14,,,1,70,,24094,14,,,1,30,,24095,14,,,1,70,,24087,14,,,1,30,,24091,14,,,1,70,,24106,14,,,1,30,,24100,14,,,1,70,,24102,14,,,1,30,,24105,14,,,1,70,,24099,14,,,1,30,,24088,14,,,1,70,,24098,14,,,1,30,,24092,14,,,1,70,,24089,14,,,1,30,,24097,14,,,1,71,,24104,14,,,1,30,,24103,14,,,1,70,,24101,14,,,1,30,,24093,14,,,1,70,,24085,14,,,1,30,,24107,14,,,1,70,,24084,14,,,1,30,,24086,14,,,1,70,,24090,14,,,1
11101,'4',626,,24111,14,,,1,30,,24122,14,,,1,70,,24132,14,,,1,30,,24116,14,,,1,70,,24123,14,,,1,30,,24128,14,,,1,70,,24119,14,,,1,30,,24125,14,,,1,70,,24133,14,,,1,30,,24127,14,,,1,70,,24113,14,,,1,30,,24121,14,,,1,70,,24124,14,,,1,30,,24130,14,,,1,70,,24129,14,,,1,30,,24114,14,,,1,71,,24118,14,,,1,30,,24112,14,,,1,70,,24115,14,,,1,30,,24126,14,,,1,70,,24109,14,,,1,30,,24120,14,,,1,70,,24110,14,,,1,30,,24117,14,,,1,70,,24131,14,,,1
11101,'5',626,,24134,14,,,1,30,,24140,14,,,1,70,,24141,14,,,1,30,,24137,14,,,1,70,,24155,14,,,1,30,,24142,14,,,1,70,,24138,14,,,1,30,,24154,14,,,1,70,,24151,14,,,1,30,,24156,14,,,1,70,,24149,14,,,1,30,,24143,14,,,1,70,,24146,14,,,1,30,,24158,14,,,1,70,,24153,14,,,1,30,,24145,14,,,1,71,,24147,14,,,1,30,,24135,14,,,1,70,,24148,14,,,1,30,,24136,14,,,1,70,,24139,14,,,1,30,,24152,14,,,1,70,,24157,14,,,1,30,,24150,14,,,1,70,,24144,14,,,1
11101,'7',626,,24182,14,,,1,30,,24176,14,,,1,70,,24161,14,,,1,30,,24171,14,,,1,70,,24165,14,,,1,30,,24180,14,,,1,70,,24172,14,,,1,30,,24175,14,,,1,70,,24179,14,,,1,30,,24160,14,,,1,70,,24181,14,,,1,30,,24164,14,,,1,70,,24173,14,,,1,30,,24170,14,,,1,70,,24178,14,,,1,30,,24177,14,,,1,71,,24166,14,,,1,30,,24163,14,,,1,70,,24174,14,,,1,30,,24162,14,,,1,70,,24159,14,,,1,30,,24169,14,,,1,70,,24168,14,,,1,30,,24167,14,,,1,70,,24183,14,,,1
11101,'8',626,,24203,14,,,1,30,,24197,14,,,1,70,,24185,14,,,1,30,,24201,14,,,1,70,,24190,14,,,1,30,,24188,14,,,1,70,,24192,14,,,1,30,,24198,14,,,1,70,,24202,14,,,1,30,,24193,14,,,1,70,,24184,14,,,1,30,,24196,14,,,1,70,,24208,14,,,1,30,,24207,14,,,1,70,,24205,14,,,1,30,,24206,14,,,1,71,,24187,14,,,1,30,,24200,14,,,1,70,,24194,14,,,1,30,,24186,14,,,1,70,,24195,14,,,1,30,,24204,14,,,1,70,,24191,14,,,1,30,,24189,14,,,1,70,,24199,14,,,1
11101,'9',626,,24209,14,,,1,30,,24223,14,,,1,70,,24225,14,,,1,30,,24224,14,,,1,70,,24230,14,,,1,30,,24210,14,,,1,70,,24212,14,,,1,30,,24218,14,,,1,70,,24215,14,,,1,30,,24221,14,,,1,70,,24231,14,,,1,30,,24227,14,,,1,70,,24226,14,,,1,30,,24211,14,,,1,70,,24220,14,,,1,30,,24216,14,,,1,71,,24219,14,,,1,30,,24213,14,,,1,70,,24222,14,,,1,30,,24217,14,,,1,70,,24233,14,,,1,30,,24228,14,,,1,70,,24232,14,,,1,30,,24229,14,,,1,70,,24214,14,,,1
21101,'1',1856,,28806,14,,,1,70,,28803,14,,,1,30,,28805,14,,,1,70,,28804,14,,,1,30,,28808,14,,,1,70,,28802,14,,,1,30,,28801,14,,,1,70,,28809,14,,,1,30,,28807,14,,,1
21101,'10',726,,28819,14,,,1,30,,28825,14,,,1,70,,28829,14,,,1,30,,28828,14,,,1,70,,28826,14,,,1,30,,28817,14,,,1,70,,28836,14,,,1,30,,28813,14,,,1,70,,28822,14,,,1,30,,28823,14,,,1,70,,28827,14,,,1,30,,28833,14,,,1,70,,28811,14,,,1,30,,28815,14,,,1,70,,28824,14,,,1,30,,28835,14,,,1,70,,28816,14,,,1,30,,28810,14,,,1,70,,28812,14,,,1,30,,28814,14,,,1,70,,28832,14,,,1,30,,28821,14,,,1,70,,28831,14,,,1,30,,28818,14,,,1,70,,28830,14,,,1,30,,28834,14,,,1,70,,28820,14,,,1
21101,'11',726,,28853,14,,,1,30,,28854,14,,,1,70,,28845,14,,,1,30,,28838,14,,,1,70,,28837,14,,,1,30,,28861,14,,,1,70,,28841,14,,,1,30,,28843,14,,,1,70,,28860,14,,,1,30,,28863,14,,,1,70,,28840,14,,,1,30,,28852,14,,,1,70,,28848,14,,,1,30,,28839,14,,,1,70,,28858,14,,,1,30,,28857,14,,,1,70,,28850,14,,,1,30,,28846,14,,,1,70,,28851,14,,,1,30,,28842,14,,,1,70,,28859,14,,,1,30,,28856,14,,,1,70,,28844,14,,,1,30,,28855,14,,,1,70,,28862,14,,,1,30,,28847,14,,,1,70,,28849,14,,,1
21101,'2',1856,,28870,14,,,1,70,,28866,14,,,1,30,,28868,14,,,1,70,,28871,14,,,1,30,,28864,14,,,1,70,,28865,14,,,1,30,,28867,14,,,1,70,,28869,14,,,1,30,,28872,14,,,1
21101,'3',1856,,28880,14,,,1,70,,28873,14,,,1,30,,28881,14,,,1,70,,28877,14,,,1,30,,28878,14,,,1,70,,28874,14,,,1,30,,28875,14,,,1,70,,28876,14,,,1,30,,28879,14,,,1
21101,'4',1856,,28885,14,,,1,70,,28886,14,,,1,30,,28884,14,,,1,70,,28887,14,,,1,30,,28883,14,,,1,70,,28882,14,,,1,30,,28888,14,,,1,70,,28889,14,,,1,30,,28890,14,,,1
21101,'5',1856,,28893,14,,,1,70,,28891,14,,,1,30,,28894,14,,,1,70,,28896,14,,,1,30,,28892,14,,,1,70,,28899,14,,,1,30,,28895,14,,,1,70,,28898,14,,,1,30,,28897,14,,,1
21101,'6',726,,28919,14,,,1,30,,28913,14,,,1,70,,28903,14,,,1,30,,28909,14,,,1,70,,28900,14,,,1,30,,28905,14,,,1,70,,28926,14,,,1,30,,28904,14,,,1,70,,28901,14,,,1,30,,28915,14,,,1,70,,28923,14,,,1,30,,28916,14,,,1,70,,28920,14,,,1,30,,28924,14,,,1,70,,28911,14,,,1,30,,28918,14,,,1,70,,28907,14,,,1,30,,28921,14,,,1,70,,28914,14,,,1,30,,28902,14,,,1,70,,28925,14,,,1,30,,28922,14,,,1,70,,28910,14,,,1,30,,28917,14,,,1,70,,28908,14,,,1,30,,28912,14,,,1,70,,28906,14,,,1
21101,'7',1856,,28933,14,,,1,70,,28934,14,,,1,30,,28930,14,,,1,70,,28928,14,,,1,30,,28932,14,,,1,70,,28935,14,,,1,30,,28931,14,,,1,70,,28929,14,,,1,30,,28927,14,,,1
21101,'8',1856,,28940,14,,,1,70,,28937,14,,,1,30,,28941,14,,,1,70,,28943,14,,,1,30,,28939,14,,,1,70,,28938,14,,,1,30,,28944,14,,,1,70,,28936,14,,,1,30,,28942,14,,,1
21101,'9',1856,,28946,14,,,1,70,,28953,14,,,1,30,,28952,14,,,1,70,,28950,14,,,1,30,,28948,14,,,1,70,,28947,14,,,1,30,,28951,14,,,1,70,,28949,14,,,1,30,,28945,14,,,1
