10701,'1',556,,22097,3,0,5 6,1,100,,22072,3,0,5 6,1,70,,22075,3,0,5 6,1,30,,22066,3,0,5 6,1,70,,22117,3,0,5 6,1,30,,22073,3,0,5 6,1,100,,22070,3,0,5 6,1,100,,22071,3,0,5 6,1,100,,22103,3,0,5 6,1,100,,22084,3,0,5 6,1,100,,22061,3,0,5 6,1,70,,22090,3,0,5 6,1,30,,22104,3,0,5 6,1,70,,22079,3,0,5 6,1,30,,22082,3,0,5 6,1,70,,22099,3,0,5 6,1,30,,22116,3,0,5 6,1,70,,22086,3,0,5 6,1,30,,22067,3,0,5 6,1,100,,22091,3,0,5 6,1
10701,'2',556,,18058,3,0,5 6,1,100,,22172,3,0,5 6,1,70,,22168,3,0,5 6,1,30,,22158,3,0,5 6,1,70,,22173,3,0,5 6,1,30,,22121,3,0,5 6,1,100,,22136,3,0,5 6,1,100,,22141,3,0,5 6,1,100,,22165,3,0,5 6,1,100,,22118,3,0,5 6,1,100,,22171,3,0,5 6,1,70,,22124,3,0,5 6,1,30,,22167,3,0,5 6,1,70,,22139,3,0,5 6,1,30,,22126,3,0,5 6,1,70,,22162,3,0,5 6,1,30,,22152,3,0,5 6,1,70,,22155,3,0,5 6,1,30,,22170,3,0,5 6,1,100,,22135,3,0,5 6,1
10701,'3',556,,22227,3,0,5 6,1,100,,22229,3,0,5 6,1,70,,22218,3,0,5 6,1,30,,22183,3,0,5 6,1,70,,22219,3,0,5 6,1,30,,22233,3,0,5 6,1,100,,22181,3,0,5 6,1,100,,22225,3,0,5 6,1,100,,22191,3,0,5 6,1,100,,22194,3,0,5 6,1,100,,22201,3,0,5 6,1,70,,22185,3,0,5 6,1,30,,22187,3,0,5 6,1,70,,22182,3,0,5 6,1,30,,22234,3,0,5 6,1,70,,22205,3,0,5 6,1,30,,22186,3,0,5 6,1,70,,22184,3,0,5 6,1,30,,22221,3,0,5 6,1,100,,22197,3,0,5 6,1
10701,'4',556,,22256,3,0,5 6,1,100,,22292,3,0,5 6,1,70,,22246,3,0,5 6,1,30,,22263,3,0,5 6,1,70,,22259,3,0,5 6,1,30,,22267,3,0,5 6,1,100,,22239,3,0,5 6,1,100,,22278,3,0,5 6,1,100,,22241,3,0,5 6,1,100,,22238,3,0,5 6,1,100,,22255,3,0,5 6,1,70,,22281,3,0,5 6,1,30,,22254,3,0,5 6,1,70,,22274,3,0,5 6,1,30,,22266,3,0,5 6,1,70,,22268,3,0,5 6,1,30,,22271,3,0,5 6,1,70,,22248,3,0,5 6,1,30,,22240,3,0,5 6,1,100,,22250,3,0,5 6,1
10701,'5',556,,22308,3,0,5 6,1,100,,22339,3,0,5 6,1,70,,22314,3,0,5 6,1,30,,22317,3,0,5 6,1,70,,22329,3,0,5 6,1,30,,22300,3,0,5 6,1,100,,22353,3,0,5 6,1,100,,22324,3,0,5 6,1,100,,22345,3,0,5 6,1,100,,22351,3,0,5 6,1,100,,22326,3,0,5 6,1,70,,22305,3,0,5 6,1,30,,22323,3,0,5 6,1,70,,22341,3,0,5 6,1,30,,22297,3,0,5 6,1,70,,22342,3,0,5 6,1,30,,22303,3,0,5 6,1,70,,22319,3,0,5 6,1,30,,22302,3,0,5 6,1,100,,22335,3,0,5 6,1
10701,'7',556,,22383,3,0,5 6,1,100,,22385,3,0,5 6,1,70,,22397,3,0,5 6,1,30,,22376,3,0,5 6,1,70,,22390,3,0,5 6,1,30,,22401,3,0,5 6,1,100,,22367,3,0,5 6,1,100,,22410,3,0,5 6,1,100,,22394,3,0,5 6,1,100,,22409,3,0,5 6,1,100,,22392,3,0,5 6,1,70,,22388,3,0,5 6,1,30,,22414,3,0,5 6,1,70,,22361,3,0,5 6,1,30,,22386,3,0,5 6,1,70,,22381,3,0,5 6,1,30,,22415,3,0,5 6,1,70,,22395,3,0,5 6,1,30,,22398,3,0,5 6,1,100,,22391,3,0,5 6,1
10701,'8',556,,22440,3,0,5 6,1,100,,22452,3,0,5 6,1,70,,22459,3,0,5 6,1,30,,22456,3,0,5 6,1,70,,22470,3,0,5 6,1,30,,22471,3,0,5 6,1,100,,22438,3,0,5 6,1,100,,22418,3,0,5 6,1,100,,22420,3,0,5 6,1,100,,22448,3,0,5 6,1,100,,22460,3,0,5 6,1,70,,22441,3,0,5 6,1,30,,22427,3,0,5 6,1,70,,22445,3,0,5 6,1,30,,22450,3,0,5 6,1,70,,22431,3,0,5 6,1,30,,22416,3,0,5 6,1,70,,22451,3,0,5 6,1,30,,22449,3,0,5 6,1,100,,22464,3,0,5 6,1
10701,'9',556,,22530,3,0,5 6,1,100,,22490,3,0,5 6,1,70,,22481,3,0,5 6,1,30,,22515,3,0,5 6,1,70,,22517,3,0,5 6,1,30,,22494,3,0,5 6,1,100,,22486,3,0,5 6,1,100,,22482,3,0,5 6,1,100,,22534,3,0,5 6,1,100,,22524,3,0,5 6,1,100,,22506,3,0,5 6,1,70,,22518,3,0,5 6,1,30,,22514,3,0,5 6,1,70,,22476,3,0,5 6,1,30,,22519,3,0,5 6,1,70,,22478,3,0,5 6,1,30,,22489,3,0,5 6,1,70,,22523,3,0,5 6,1,30,,22480,3,0,5 6,1,100,,22535,3,0,5 6,1
21401,'1',1836,,29314,3,,,1,100,,29315,3,,,1,100,,29313,3,,,1,100,,29312,3,,,1,100,,29311,3,,,1
21401,'10',736,,29324,3,,,1,100,,29323,3,,,1,100,,29327,3,,,1,100,,29322,3,,,1,100,,29325,3,,,1,100,,29316,3,,,1,100,,29326,3,,,1,100,,29319,3,,,1,100,,29320,3,,,1,100,,17231,3,,,1,100,,29317,3,,,1,100,,29318,3,,,1,100,,29321,3,,,1
21401,'11',736,,29335,3,,,1,100,,29331,3,,,1,100,,29334,3,,,1,100,,29328,3,,,1,100,,29329,3,,,1,100,,29336,3,,,1,100,,29330,3,,,1,100,,29338,3,,,1,100,,29339,3,,,1,100,,29332,3,,,1,100,,29337,3,,,1,100,,29340,3,,,1,100,,29333,3,,,1
21401,'2',1836,,29344,3,,,1,100,,29343,3,,,1,100,,29342,3,,,1,100,,29341,3,,,1,100,,29345,3,,,1
21401,'3',1836,,29347,3,,,1,100,,29350,3,,,1,100,,29348,3,,,1,100,,29346,3,,,1,100,,29349,3,,,1
21401,'4',1836,,29354,3,,,1,100,,29352,3,,,1,100,,29355,3,,,1,100,,29353,3,,,1,100,,29351,3,,,1
21401,'5',1836,,29360,3,,,1,100,,29358,3,,,1,100,,29357,3,,,1,100,,29356,3,,,1,100,,29359,3,,,1
21401,'6',736,,29373,3,,,1,100,,29365,3,,,1,100,,29368,3,,,1,100,,29367,3,,,1,100,,29370,3,,,1,100,,29366,3,,,1,100,,29361,3,,,1,100,,29364,3,,,1,100,,29372,3,,,1,100,,29369,3,,,1,100,,29363,3,,,1,100,,29371,3,,,1,100,,29362,3,,,1
21401,'7',1836,,29377,3,,,1,100,,29374,3,,,1,100,,29375,3,,,1,100,,29378,3,,,1,100,,29376,3,,,1
21401,'8',1836,,29382,3,,,1,100,,29379,3,,,1,100,,29380,3,,,1,100,,29381,3,,,1,100,,29383,3,,,1
21401,'9',1836,,29388,3,,,1,100,,29386,3,,,1,100,,29387,3,,,1,100,,29385,3,,,1,100,,29384,3,,,1
