10100,'1',711,,19742,19,,,1,30,,19743,19,,,1,70,,19746,19,,,1,30,,19744,19,,,1,70,,19757,19,,,1,30,,19748,19,,,1,70,,19756,19,,,1,100,,19758,19,,,1,100,,19751,19,,,1,100,,19749,19,,,1,100,,19750,19,,,1,100,,19745,19,,,1,30,,19755,19,,,1,70,,19753,19,,,1,30,,19759,19,,,1,70,,19747,19,,,1,30,,19754,19,,,1,70,,19752,19,,,1
10100,'2',711,,19776,19,,,1,30,,19773,19,,,1,70,,19772,19,,,1,30,,19767,19,,,1,70,,19766,19,,,1,30,,19760,19,,,1,70,,19768,19,,,1,100,,19761,19,,,1,100,,19774,19,,,1,100,,19762,19,,,1,100,,19763,19,,,1,100,,19777,19,,,1,30,,19765,19,,,1,70,,19771,19,,,1,30,,19769,19,,,1,70,,19764,19,,,1,30,,19775,19,,,1,70,,19770,19,,,1
10100,'3',711,,19793,19,,,1,30,,19780,19,,,1,70,,19785,19,,,1,30,,19783,19,,,1,70,,19789,19,,,1,30,,19788,19,,,1,70,,19795,19,,,1,100,,19792,19,,,1,100,,19778,19,,,1,100,,19781,19,,,1,100,,19784,19,,,1,100,,19787,19,,,1,30,,19794,19,,,1,70,,19779,19,,,1,30,,19791,19,,,1,70,,19782,19,,,1,30,,19790,19,,,1,70,,19786,19,,,1
10100,'4',711,,19808,19,,,1,30,,19807,19,,,1,70,,19812,19,,,1,30,,19799,19,,,1,70,,19805,19,,,1,30,,19797,19,,,1,70,,19803,19,,,1,100,,19800,19,,,1,100,,19810,19,,,1,100,,19806,19,,,1,100,,19798,19,,,1,100,,19813,19,,,1,30,,19802,19,,,1,70,,19796,19,,,1,30,,19809,19,,,1,70,,19801,19,,,1,30,,19804,19,,,1,70,,19811,19,,,1
10100,'5',711,,19815,19,,,1,30,,19831,19,,,1,70,,19816,19,,,1,30,,19825,19,,,1,70,,19827,19,,,1,30,,19828,19,,,1,70,,19824,19,,,1,100,,19818,19,,,1,100,,19826,19,,,1,100,,19817,19,,,1,100,,19820,19,,,1,100,,19822,19,,,1,30,,19830,19,,,1,70,,19819,19,,,1,30,,19823,19,,,1,70,,19814,19,,,1,30,,19829,19,,,1,70,,19821,19,,,1
10100,'7',711,,19832,19,,,1,30,,19845,19,,,1,70,,19843,19,,,1,30,,19839,19,,,1,70,,19841,19,,,1,30,,19836,19,,,1,70,,19833,19,,,1,100,,19847,19,,,1,100,,19834,19,,,1,100,,19849,19,,,1,100,,19842,19,,,1,100,,19844,19,,,1,30,,19848,19,,,1,70,,19837,19,,,1,30,,19835,19,,,1,70,,19840,19,,,1,30,,19838,19,,,1,70,,19846,19,,,1
10100,'8',711,,19862,19,,,1,30,,19851,19,,,1,70,,19852,19,,,1,30,,19866,19,,,1,70,,19864,19,,,1,30,,19860,19,,,1,70,,19850,19,,,1,100,,19867,19,,,1,100,,19856,19,,,1,100,,19858,19,,,1,100,,19859,19,,,1,100,,19853,19,,,1,30,,19855,19,,,1,70,,19863,19,,,1,30,,19854,19,,,1,70,,19861,19,,,1,30,,19865,19,,,1,70,,19857,19,,,1
10100,'9',711,,19875,19,,,1,30,,19870,19,,,1,70,,19878,19,,,1,30,,19877,19,,,1,70,,19868,19,,,1,30,,19876,19,,,1,70,,19884,19,,,1,100,,19881,19,,,1,100,,19883,19,,,1,100,,19879,19,,,1,100,,19871,19,,,1,100,,19872,19,,,1,30,,19882,19,,,1,70,,19880,19,,,1,30,,19873,19,,,1,70,,19874,19,,,1,30,,19885,19,,,1,70,,19869,19,,,1
10101,'1',638,,19889,4,,,1,70,,19898,4,,,1,30,,19892,4,,,1,70,,19890,4,,,1,30,,19901,4,,,1,70,,19887,4,,,1,30,,19897,4,,,1,100,,19900,4,,,1,100,,19886,4,,,1,100,,19903,4,,,1,100,,19896,4,,,1,101,,19902,4,,,1,70,,19888,4,,,1,30,,19899,4,,,1,70,,19894,4,,,1,30,,19891,4,,,1,70,,19893,4,,,1,30,,19895,4,,,1
10101,'2',638,,19909,4,,,1,70,,19915,4,,,1,30,,19912,4,,,1,70,,19919,4,,,1,30,,19907,4,,,1,70,,19911,4,,,1,30,,19913,4,,,1,100,,19908,4,,,1,100,,19904,4,,,1,100,,19920,4,,,1,100,,19906,4,,,1,101,,19917,4,,,1,70,,19910,4,,,1,30,,19914,4,,,1,70,,18685,4,,,1,30,,19916,4,,,1,70,,19905,4,,,1,30,,19918,4,,,1
10101,'3',638,,19933,4,,,1,70,,19937,4,,,1,30,,19930,4,,,1,70,,19923,4,,,1,30,,19931,4,,,1,70,,19927,4,,,1,30,,19921,4,,,1,100,,19935,4,,,1,100,,19928,4,,,1,100,,19932,4,,,1,100,,19926,4,,,1,101,,19934,4,,,1,70,,19925,4,,,1,30,,19936,4,,,1,70,,19938,4,,,1,30,,19922,4,,,1,70,,19929,4,,,1,30,,19924,4,,,1
10101,'4',638,,19945,4,,,1,70,,19949,4,,,1,30,,19943,4,,,1,70,,19942,4,,,1,30,,19948,4,,,1,70,,19939,4,,,1,30,,19950,4,,,1,100,,19941,4,,,1,100,,19954,4,,,1,100,,19955,4,,,1,100,,19940,4,,,1,101,,19947,4,,,1,70,,19944,4,,,1,30,,19952,4,,,1,70,,19956,4,,,1,30,,19946,4,,,1,70,,19951,4,,,1,30,,19953,4,,,1
10101,'5',638,,19963,4,,,1,70,,19959,4,,,1,30,,19961,4,,,1,70,,19965,4,,,1,30,,19962,4,,,1,70,,19967,4,,,1,30,,19968,4,,,1,100,,19964,4,,,1,100,,19957,4,,,1,100,,19958,4,,,1,100,,19969,4,,,1,101,,19974,4,,,1,70,,19972,4,,,1,30,,19970,4,,,1,70,,19960,4,,,1,30,,19973,4,,,1,70,,19966,4,,,1,30,,19971,4,,,1
10101,'7',638,,19992,4,,,1,70,,19982,4,,,1,30,,19978,4,,,1,70,,19988,4,,,1,30,,19984,4,,,1,70,,19990,4,,,1,30,,19989,4,,,1,100,,19983,4,,,1,100,,19980,4,,,1,100,,19975,4,,,1,100,,19977,4,,,1,101,,19985,4,,,1,70,,19986,4,,,1,30,,19987,4,,,1,70,,19991,4,,,1,30,,19976,4,,,1,70,,19979,4,,,1,30,,19981,4,,,1
10101,'8',638,,20005,4,,,1,70,,19995,4,,,1,30,,20002,4,,,1,70,,20001,4,,,1,30,,20003,4,,,1,70,,20008,4,,,1,30,,19994,4,,,1,100,,19997,4,,,1,100,,20006,4,,,1,100,,19993,4,,,1,100,,19996,4,,,1,101,,19998,4,,,1,70,,20010,4,,,1,30,,20004,4,,,1,70,,20007,4,,,1,30,,19999,4,,,1,70,,20009,4,,,1,30,,20000,4,,,1
10101,'9',638,,20018,4,,,1,70,,20015,4,,,1,30,,20013,4,,,1,70,,20011,4,,,1,30,,20027,4,,,1,70,,20028,4,,,1,30,,20022,4,,,1,100,,20025,4,,,1,100,,20021,4,,,1,100,,20023,4,,,1,100,,20014,4,,,1,101,,20020,4,,,1,70,,20019,4,,,1,30,,20016,4,,,1,70,,20026,4,,,1,30,,20012,4,,,1,70,,20024,4,,,1,30,,20017,4,,,1
10300,'1',646,,20317,26,,,1,100,,20326,26,,,1,70,,20325,26,,,1,30,,20323,26,,,1,70,,20320,26,,,1,30,,20330,26,,,1,70,,20334,26,,,1,30,,20329,26,,,1,100,,20327,26,,,1,100,,20318,26,,,1,100,,20324,26,,,1,100,,20322,26,,,1,100,,20319,26,,,1,70,,20316,26,,,1,30,,20321,26,,,1,70,,20332,26,,,1,30,,20328,26,,,1,70,,20333,26,,,1,30,,20331,26,,,1
10300,'2',646,,20347,26,,,1,100,,20349,26,,,1,70,,20345,26,,,1,30,,20338,26,,,1,70,,20351,26,,,1,30,,20335,26,,,1,70,,20340,26,,,1,30,,20339,26,,,1,100,,18114,26,,,1,100,,20336,26,,,1,100,,20342,26,,,1,100,,20337,26,,,1,100,,20343,26,,,1,70,,20346,26,,,1,30,,20350,26,,,1,70,,20348,26,,,1,30,,20352,26,,,1,70,,20344,26,,,1,30,,20341,26,,,1
10300,'3',646,,20353,26,,,1,100,,20362,26,,,1,70,,20369,26,,,1,30,,20358,26,,,1,70,,20363,26,,,1,30,,20354,26,,,1,70,,20364,26,,,1,30,,20367,26,,,1,100,,20370,26,,,1,100,,20371,26,,,1,100,,20355,26,,,1,100,,20356,26,,,1,100,,20359,26,,,1,70,,20365,26,,,1,30,,20361,26,,,1,70,,20357,26,,,1,30,,20366,26,,,1,70,,20360,26,,,1,30,,20368,26,,,1
10300,'4',646,,20390,26,,,1,100,,20388,26,,,1,70,,20376,26,,,1,30,,20377,26,,,1,70,,20389,26,,,1,30,,20387,26,,,1,70,,20382,26,,,1,30,,20378,26,,,1,100,,20374,26,,,1,100,,20372,26,,,1,100,,20375,26,,,1,100,,20383,26,,,1,100,,20381,26,,,1,70,,20373,26,,,1,30,,20386,26,,,1,70,,20385,26,,,1,30,,20380,26,,,1,70,,20379,26,,,1,30,,20384,26,,,1
10300,'5',646,,20400,26,,,1,100,,20403,26,,,1,70,,20395,26,,,1,30,,20397,26,,,1,70,,20405,26,,,1,30,,20407,26,,,1,70,,20409,26,,,1,30,,20394,26,,,1,100,,20404,26,,,1,100,,20401,26,,,1,100,,20396,26,,,1,100,,20398,26,,,1,100,,20406,26,,,1,70,,20399,26,,,1,30,,20393,26,,,1,70,,20402,26,,,1,30,,20392,26,,,1,70,,20408,26,,,1,30,,20391,26,,,1
10300,'7',646,,20423,26,,,1,100,,20419,26,,,1,70,,20417,26,,,1,30,,20428,26,,,1,70,,20427,26,,,1,30,,20421,26,,,1,70,,20422,26,,,1,30,,20413,26,,,1,100,,20411,26,,,1,100,,20414,26,,,1,100,,20426,26,,,1,100,,20412,26,,,1,100,,20420,26,,,1,70,,20415,26,,,1,30,,20424,26,,,1,70,,20425,26,,,1,30,,20418,26,,,1,70,,20410,26,,,1,30,,20416,26,,,1
10300,'8',646,,20442,26,,,1,100,,20439,26,,,1,70,,20432,26,,,1,30,,20444,26,,,1,70,,20433,26,,,1,30,,20435,26,,,1,70,,20441,26,,,1,30,,20434,26,,,1,100,,20429,26,,,1,100,,20436,26,,,1,100,,20447,26,,,1,100,,20438,26,,,1,100,,20445,26,,,1,70,,20437,26,,,1,30,,20443,26,,,1,70,,20446,26,,,1,30,,20430,26,,,1,70,,20431,26,,,1,30,,20440,26,,,1
10300,'9',646,,20448,26,,,1,100,,20458,26,,,1,70,,20457,26,,,1,30,,20464,26,,,1,70,,20452,26,,,1,30,,20462,26,,,1,70,,20453,26,,,1,30,,20461,26,,,1,100,,20460,26,,,1,100,,20449,26,,,1,100,,20450,26,,,1,100,,20459,26,,,1,100,,20465,26,,,1,70,,20463,26,,,1,30,,20454,26,,,1,70,,20455,26,,,1,30,,20451,26,,,1,70,,20466,26,,,1,30,,20456,26,,,1
10301,'1',605,,20467,3,,,1,100,,20476,3,,,1,30,,20474,3,,,1,70,,20481,3,,,1,30,,20479,3,,,1,70,,20483,3,,,1,30,,20471,3,,,1,70,,20478,3,,,1,100,,20473,3,,,1,100,,20469,3,,,1,100,,20480,3,,,1,100,,20470,3,,,1,100,,20485,3,,,1,30,,17632,3,,,1,70,,20477,3,,,1,30,,20475,3,,,1,70,,20484,3,,,1,30,,20472,3,,,1,70,,20482,3,,,1,30,,20468,3,,,1
10301,'2',605,,20487,3,,,1,100,,20493,3,,,1,30,,20491,3,,,1,70,,20488,3,,,1,30,,20486,3,,,1,70,,20498,3,,,1,30,,20503,3,,,1,70,,20495,3,,,1,100,,20504,3,,,1,100,,20499,3,,,1,100,,20494,3,,,1,100,,20490,3,,,1,100,,20505,3,,,1,30,,20489,3,,,1,70,,20497,3,,,1,30,,20496,3,,,1,70,,20500,3,,,1,30,,20492,3,,,1,70,,20501,3,,,1,30,,20502,3,,,1
10301,'3',605,,20511,3,,,1,100,,20521,3,,,1,30,,20509,3,,,1,70,,20515,3,,,1,30,,20512,3,,,1,70,,20507,3,,,1,30,,20506,3,,,1,70,,20518,3,,,1,100,,20508,3,,,1,100,,20522,3,,,1,100,,20516,3,,,1,100,,20523,3,,,1,100,,20513,3,,,1,30,,20510,3,,,1,70,,20524,3,,,1,30,,20517,3,,,1,70,,20520,3,,,1,30,,20514,3,,,1,70,,20519,3,,,1,30,,20525,3,,,1
10301,'4',605,,20534,3,,,1,100,,20531,3,,,1,30,,20529,3,,,1,70,,20533,3,,,1,30,,20537,3,,,1,70,,20532,3,,,1,30,,20538,3,,,1,70,,20527,3,,,1,100,,20535,3,,,1,100,,20528,3,,,1,100,,20543,3,,,1,100,,20540,3,,,1,100,,20530,3,,,1,30,,20542,3,,,1,70,,20536,3,,,1,30,,20539,3,,,1,70,,20544,3,,,1,30,,20545,3,,,1,70,,20541,3,,,1,30,,20526,3,,,1
10301,'5',605,,20562,3,,,1,100,,20547,3,,,1,30,,20550,3,,,1,70,,20558,3,,,1,30,,20549,3,,,1,70,,20560,3,,,1,30,,20565,3,,,1,70,,20564,3,,,1,100,,20554,3,,,1,100,,20548,3,,,1,100,,20546,3,,,1,100,,20561,3,,,1,100,,20559,3,,,1,30,,20556,3,,,1,70,,20555,3,,,1,30,,20551,3,,,1,70,,20563,3,,,1,30,,20557,3,,,1,70,,20553,3,,,1,30,,20552,3,,,1
10301,'7',605,,20583,3,,,1,100,,20579,3,,,1,30,,20568,3,,,1,70,,20570,3,,,1,30,,20574,3,,,1,70,,20580,3,,,1,30,,20566,3,,,1,70,,20576,3,,,1,100,,20585,3,,,1,100,,20573,3,,,1,100,,20571,3,,,1,100,,20575,3,,,1,100,,20578,3,,,1,30,,20567,3,,,1,70,,20577,3,,,1,30,,20584,3,,,1,70,,20582,3,,,1,30,,20581,3,,,1,70,,20569,3,,,1,30,,20572,3,,,1
10301,'8',605,,20594,3,,,1,100,,20588,3,,,1,30,,20596,3,,,1,70,,20602,3,,,1,30,,20598,3,,,1,70,,20600,3,,,1,30,,20592,3,,,1,70,,20593,3,,,1,100,,20595,3,,,1,100,,20591,3,,,1,100,,20586,3,,,1,100,,20590,3,,,1,100,,20605,3,,,1,30,,20597,3,,,1,70,,20603,3,,,1,30,,20601,3,,,1,70,,20604,3,,,1,30,,20599,3,,,1,70,,20587,3,,,1,30,,20589,3,,,1
10301,'9',605,,20611,3,,,1,100,,20607,3,,,1,30,,20610,3,,,1,70,,20612,3,,,1,30,,20614,3,,,1,70,,20625,3,,,1,30,,20618,3,,,1,70,,20623,3,,,1,100,,20609,3,,,1,100,,20622,3,,,1,100,,20621,3,,,1,100,,20615,3,,,1,100,,20613,3,,,1,30,,20620,3,,,1,70,,20617,3,,,1,30,,20619,3,,,1,70,,20608,3,,,1,30,,20616,3,,,1,70,,20624,3,,,1,30,,20606,3,,,1
11200,'1',649,,24244,3,,,1,100,,24237,3,,,1,100,,24236,3,,,1,100,,24235,3,,,1,100,,24238,3,,,1,100,,24239,3,,,1,100,,24243,3,,,1,100,,24234,3,,,1,100,,24240,3,,,1,100,,24242,3,,,1,100,,24241,3,,,1
11200,'2',649,,24254,3,,,1,100,,24252,3,,,1,100,,24245,3,,,1,100,,24248,3,,,1,100,,24250,3,,,1,100,,24255,3,,,1,100,,24253,3,,,1,100,,24247,3,,,1,100,,24249,3,,,1,100,,24251,3,,,1,100,,24246,3,,,1
11200,'3',649,,24258,3,,,1,100,,24266,3,,,1,100,,24264,3,,,1,100,,24260,3,,,1,100,,24259,3,,,1,100,,24257,3,,,1,100,,24265,3,,,1,100,,24261,3,,,1,100,,24262,3,,,1,100,,24256,3,,,1,100,,24263,3,,,1
11200,'4',649,,24274,3,,,1,100,,24272,3,,,1,100,,24273,3,,,1,100,,24275,3,,,1,100,,24277,3,,,1,100,,24267,3,,,1,100,,24276,3,,,1,100,,24268,3,,,1,100,,24270,3,,,1,100,,24271,3,,,1,100,,24269,3,,,1
11200,'5',649,,24281,3,,,1,100,,24282,3,,,1,100,,24287,3,,,1,100,,24278,3,,,1,100,,24279,3,,,1,100,,24280,3,,,1,100,,24286,3,,,1,100,,24288,3,,,1,100,,24284,3,,,1,100,,24285,3,,,1,100,,24283,3,,,1
11200,'7',649,,24290,3,,,1,100,,24294,3,,,1,100,,24295,3,,,1,100,,24296,3,,,1,100,,24291,3,,,1,100,,24299,3,,,1,100,,24293,3,,,1,100,,24297,3,,,1,100,,24289,3,,,1,100,,24298,3,,,1,100,,24292,3,,,1
11200,'8',649,,24308,3,,,1,100,,24301,3,,,1,100,,24304,3,,,1,100,,24307,3,,,1,100,,24305,3,,,1,100,,24310,3,,,1,100,,24300,3,,,1,100,,24302,3,,,1,100,,24303,3,,,1,100,,24306,3,,,1,100,,24309,3,,,1
11200,'9',649,,24320,3,,,1,100,,24311,3,,,1,100,,24315,3,,,1,100,,24319,3,,,1,100,,24317,3,,,1,100,,24316,3,,,1,100,,24312,3,,,1,100,,24314,3,,,1,100,,24321,3,,,1,100,,24318,3,,,1,100,,24313,3,,,1
11201,'1',729,,24323,30,,,1,100,,24322,30,,,1,100,,24337,30,,,1,100,,24324,30,,,1,100,,24333,30,,,1,100,,24334,30,,,1,100,,24336,30,,,1,100,,24339,30,,,1,100,,24331,30,,,1,100,,24330,30,,,1,100,,24341,30,,,1
11201,'2',729,,24359,30,,,1,100,,24348,30,,,1,100,,24356,30,,,1,100,,24347,30,,,1,100,,19525,30,,,1,100,,24352,30,,,1,100,,24360,30,,,1,100,,24346,30,,,1,100,,24353,30,,,1,100,,24345,30,,,1,100,,24354,30,,,1
11201,'3',729,,24385,30,,,1,100,,24367,30,,,1,100,,24365,30,,,1,100,,24383,30,,,1,100,,24380,30,,,1,100,,24374,30,,,1,100,,24382,30,,,1,100,,24366,30,,,1,100,,24371,30,,,1,100,,24378,30,,,1,100,,24364,30,,,1
11201,'4',729,,24394,30,,,1,100,,24387,30,,,1,100,,24406,30,,,1,100,,24393,30,,,1,100,,24404,30,,,1,100,,24403,30,,,1,100,,24401,30,,,1,100,,24405,30,,,1,100,,24391,30,,,1,100,,24407,30,,,1,100,,24392,30,,,1
11201,'5',729,,24413,30,,,1,100,,24408,30,,,1,100,,24426,30,,,1,100,,24429,30,,,1,100,,24412,30,,,1,100,,24417,30,,,1,100,,24419,30,,,1,100,,24423,30,,,1,100,,24427,30,,,1,100,,24428,30,,,1,100,,24418,30,,,1
11201,'7',729,,24440,30,,,1,100,,24438,30,,,1,100,,24451,30,,,1,100,,24431,30,,,1,100,,24448,30,,,1,100,,24435,30,,,1,100,,24447,30,,,1,100,,24442,30,,,1,100,,24441,30,,,1,100,,24449,30,,,1,100,,24432,30,,,1
11201,'8',729,,24473,30,,,1,100,,24467,30,,,1,100,,24459,30,,,1,100,,24472,30,,,1,100,,24456,30,,,1,100,,24469,30,,,1,100,,24468,30,,,1,100,,24454,30,,,1,100,,24466,30,,,1,100,,24461,30,,,1,100,,24452,30,,,1
11201,'9',729,,24484,30,,,1,100,,24485,30,,,1,100,,24479,30,,,1,100,,24474,30,,,1,100,,24481,30,,,1,100,,24478,30,,,1,100,,24487,30,,,1,100,,24494,30,,,1,100,,24482,30,,,1,100,,24488,30,,,1,100,,24477,30,,,1
20300,'1',1914,,26519,27,,,1,30,,26514,27,,,1,70,,26516,27,,,1,30,,19313,27,,,1,70,,26513,27,,,1,30,,26517,27,,,1,70,,26515,27,,,1,30,,26512,27,,,1,70,,26518,27,,,1
20300,'10',744,,26525,27,,,1,70,,26536,27,,,1,30,,26521,27,,,1,70,,26546,27,,,1,30,,26545,27,,,1,70,,26529,27,,,1,30,,26544,27,,,1,70,,26526,27,,,1,30,,26530,27,,,1,70,,26531,27,,,1,30,,26528,27,,,1,70,,26537,27,,,1,30,,26523,27,,,1,70,,26527,27,,,1,30,,26520,27,,,1,70,,26542,27,,,1,30,,26524,27,,,1,70,,26533,27,,,1,30,,26540,27,,,1,70,,26522,27,,,1,30,,26538,27,,,1,70,,26532,27,,,1,30,,26543,27,,,1,70,,26534,27,,,1,30,,26535,27,,,1,70,,26541,27,,,1,30,,26539,27,,,1
20300,'11',744,,26571,27,,,1,70,,26558,27,,,1,30,,26572,27,,,1,70,,26553,27,,,1,30,,26573,27,,,1,70,,26547,27,,,1,30,,26561,27,,,1,70,,26560,27,,,1,30,,26569,27,,,1,70,,26549,27,,,1,30,,26566,27,,,1,70,,26554,27,,,1,30,,26550,27,,,1,70,,26551,27,,,1,30,,26556,27,,,1,70,,26548,27,,,1,30,,26564,27,,,1,70,,26563,27,,,1,30,,26559,27,,,1,70,,26555,27,,,1,30,,26562,27,,,1,70,,26552,27,,,1,30,,26557,27,,,1,70,,26567,27,,,1,30,,26565,27,,,1,70,,26570,27,,,1,30,,26568,27,,,1
20300,'2',1914,,26581,27,,,1,30,,26575,27,,,1,70,,26580,27,,,1,30,,26578,27,,,1,70,,26582,27,,,1,30,,26579,27,,,1,70,,26576,27,,,1,30,,26574,27,,,1,70,,26577,27,,,1
20300,'3',1914,,26585,27,,,1,30,,26589,27,,,1,70,,26586,27,,,1,30,,26590,27,,,1,70,,26583,27,,,1,30,,26591,27,,,1,70,,26584,27,,,1,30,,26587,27,,,1,70,,26588,27,,,1
20300,'4',1914,,26598,27,,,1,30,,26592,27,,,1,70,,26594,27,,,1,30,,26595,27,,,1,70,,26599,27,,,1,30,,26597,27,,,1,70,,26600,27,,,1,30,,26596,27,,,1,70,,26593,27,,,1
20300,'5',1914,,26607,27,,,1,30,,26601,27,,,1,70,,26606,27,,,1,30,,26604,27,,,1,70,,26609,27,,,1,30,,26605,27,,,1,70,,26602,27,,,1,30,,26603,27,,,1,70,,26608,27,,,1
20300,'6',744,,26622,27,,,1,70,,26636,27,,,1,30,,26628,27,,,1,70,,26621,27,,,1,30,,26616,27,,,1,70,,26618,27,,,1,30,,26619,27,,,1,70,,26624,27,,,1,30,,26611,27,,,1,70,,26625,27,,,1,30,,26617,27,,,1,70,,26633,27,,,1,30,,26614,27,,,1,70,,26610,27,,,1,30,,26630,27,,,1,70,,26612,27,,,1,30,,26634,27,,,1,70,,26623,27,,,1,30,,26627,27,,,1,70,,26615,27,,,1,30,,26631,27,,,1,70,,26635,27,,,1,30,,26620,27,,,1,70,,26626,27,,,1,30,,26632,27,,,1,70,,26629,27,,,1,30,,26613,27,,,1
20300,'7',1914,,26637,27,,,1,30,,26643,27,,,1,70,,26638,27,,,1,30,,26644,27,,,1,70,,26640,27,,,1,30,,26641,27,,,1,70,,26645,27,,,1,30,,26642,27,,,1,70,,26639,27,,,1
20300,'8',1914,,26650,27,,,1,30,,26652,27,,,1,70,,26649,27,,,1,30,,26654,27,,,1,70,,26646,27,,,1,30,,26648,27,,,1,70,,26651,27,,,1,30,,26647,27,,,1,70,,26653,27,,,1
20300,'9',1914,,26656,27,,,1,30,,26657,27,,,1,70,,26658,27,,,1,30,,26663,27,,,1,70,,26661,27,,,1,30,,26655,27,,,1,70,,26659,27,,,1,30,,26662,27,,,1,70,,26660,27,,,1
20301,'1',1906,,26667,3,0,9 3 10,1,30,,26666,3,0,9 3 10,1,70,,26669,3,0,9 3 10,1,30,,26671,3,0,9 3 10,1,70,,26674,3,0,9 3 10,1,30,,26670,3,0,9 3 10,1,70,,26665,3,0,9 3 10,1,30,,26668,3,0,9 3 10,1,70,,26672,3,0,9 3 10,1,30,,26664,3,0,9 3 10,1
20301,'10',704,,26695,3,0,9 3 10,1,30,,26689,3,0,9 3 10,1,70,,26690,3,0,9 3 10,1,30,,26684,3,0,9 3 10,1,70,,26677,3,0,9 3 10,1,30,,26694,3,0,9 3 10,1,70,,26682,3,0,9 3 10,1,30,,26693,3,0,9 3 10,1,70,,26699,3,0,9 3 10,1,30,,26676,3,0,9 3 10,1,70,,26675,3,0,9 3 10,1,30,,26683,3,0,9 3 10,1,70,,26680,3,0,9 3 10,1,30,,26691,3,0,9 3 10,1,70,,26700,3,0,9 3 10,1,30,,26696,3,0,9 3 10,1,70,,26678,3,0,9 3 10,1,30,,26685,3,0,9 3 10,1,70,,26701,3,0,9 3 10,1,30,,26686,3,0,9 3 10,1,70,,26698,3,0,9 3 10,1,30,,26687,3,0,9 3 10,1,70,,26692,3,0,9 3 10,1,30,,26688,3,0,9 3 10,1,70,,26702,3,0,9 3 10,1,30,,26679,3,0,9 3 10,1,70,,26681,3,0,9 3 10,1,30,,26697,3,0,9 3 10,1
20301,'11',704,,26730,3,0,9 3 10,1,30,,26718,3,0,9 3 10,1,70,,26711,3,0,9 3 10,1,30,,26722,3,0,9 3 10,1,70,,26714,3,0,9 3 10,1,30,,26725,3,0,9 3 10,1,70,,26706,3,0,9 3 10,1,30,,26709,3,0,9 3 10,1,70,,26705,3,0,9 3 10,1,30,,26726,3,0,9 3 10,1,70,,26719,3,0,9 3 10,1,30,,26703,3,0,9 3 10,1,70,,26704,3,0,9 3 10,1,30,,26729,3,0,9 3 10,1,70,,26717,3,0,9 3 10,1,30,,26710,3,0,9 3 10,1,70,,26708,3,0,9 3 10,1,30,,26724,3,0,9 3 10,1,70,,26715,3,0,9 3 10,1,30,,26721,3,0,9 3 10,1,70,,26728,3,0,9 3 10,1,30,,26707,3,0,9 3 10,1,70,,26723,3,0,9 3 10,1,30,,26720,3,0,9 3 10,1,70,,26716,3,0,9 3 10,1,30,,26727,3,0,9 3 10,1,70,,26713,3,0,9 3 10,1,30,,26712,3,0,9 3 10,1
20301,'2',1906,,26740,3,0,9 3 10,1,30,,26735,3,0,9 3 10,1,70,,26732,3,0,9 3 10,1,30,,26734,3,0,9 3 10,1,70,,26739,3,0,9 3 10,1,30,,26731,3,0,9 3 10,1,70,,26741,3,0,9 3 10,1,30,,26733,3,0,9 3 10,1,70,,26738,3,0,9 3 10,1,30,,26737,3,0,9 3 10,1
20301,'3',1906,,26752,3,0,9 3 10,1,30,,26748,3,0,9 3 10,1,70,,26750,3,0,9 3 10,1,30,,26745,3,0,9 3 10,1,70,,26746,3,0,9 3 10,1,30,,26749,3,0,9 3 10,1,70,,26744,3,0,9 3 10,1,30,,26743,3,0,9 3 10,1,70,,26751,3,0,9 3 10,1,30,,26742,3,0,9 3 10,1
20301,'4',1906,,26753,3,0,9 3 10,1,30,,26762,3,0,9 3 10,1,70,,26759,3,0,9 3 10,1,30,,26760,3,0,9 3 10,1,70,,26761,3,0,9 3 10,1,30,,26754,3,0,9 3 10,1,70,,26757,3,0,9 3 10,1,30,,26763,3,0,9 3 10,1,70,,26756,3,0,9 3 10,1,30,,26758,3,0,9 3 10,1
20301,'5',1906,,26770,3,0,9 3 10,1,30,,26766,3,0,9 3 10,1,70,,26772,3,0,9 3 10,1,30,,26773,3,0,9 3 10,1,70,,26765,3,0,9 3 10,1,30,,26767,3,0,9 3 10,1,70,,26774,3,0,9 3 10,1,30,,26771,3,0,9 3 10,1,70,,26769,3,0,9 3 10,1,30,,26768,3,0,9 3 10,1
20301,'6',704,,26786,3,0,9 3 10,1,30,,26798,3,0,9 3 10,1,70,,26794,3,0,9 3 10,1,30,,26801,3,0,9 3 10,1,70,,26785,3,0,9 3 10,1,30,,26782,3,0,9 3 10,1,70,,26797,3,0,9 3 10,1,30,,26775,3,0,9 3 10,1,70,,26781,3,0,9 3 10,1,30,,26788,3,0,9 3 10,1,70,,26796,3,0,9 3 10,1,30,,26790,3,0,9 3 10,1,70,,26778,3,0,9 3 10,1,30,,26799,3,0,9 3 10,1,70,,26791,3,0,9 3 10,1,30,,26776,3,0,9 3 10,1,70,,26783,3,0,9 3 10,1,30,,26777,3,0,9 3 10,1,70,,26793,3,0,9 3 10,1,30,,26802,3,0,9 3 10,1,70,,26784,3,0,9 3 10,1,30,,26787,3,0,9 3 10,1,70,,26779,3,0,9 3 10,1,30,,26800,3,0,9 3 10,1,70,,26780,3,0,9 3 10,1,30,,26792,3,0,9 3 10,1,70,,26795,3,0,9 3 10,1,30,,26789,3,0,9 3 10,1
20301,'7',1906,,26808,3,0,9 3 10,1,30,,26809,3,0,9 3 10,1,70,,26803,3,0,9 3 10,1,30,,26810,3,0,9 3 10,1,70,,26805,3,0,9 3 10,1,30,,26804,3,0,9 3 10,1,70,,26811,3,0,9 3 10,1,30,,26806,3,0,9 3 10,1,70,,26812,3,0,9 3 10,1,30,,26807,3,0,9 3 10,1
20301,'8',1906,,26816,3,0,9 3 10,1,30,,26821,3,0,9 3 10,1,70,,26815,3,0,9 3 10,1,30,,26817,3,0,9 3 10,1,70,,26820,3,0,9 3 10,1,30,,26824,3,0,9 3 10,1,70,,26823,3,0,9 3 10,1,30,,26819,3,0,9 3 10,1,70,,26814,3,0,9 3 10,1,30,,26818,3,0,9 3 10,1
20301,'9',1906,,26825,3,0,9 3 10,1,30,,26828,3,0,9 3 10,1,70,,26834,3,0,9 3 10,1,30,,26831,3,0,9 3 10,1,70,,26832,3,0,9 3 10,1,30,,26835,3,0,9 3 10,1,70,,26830,3,0,9 3 10,1,30,,26829,3,0,9 3 10,1,70,,26827,3,0,9 3 10,1,30,,26833,3,0,9 3 10,1
