10601,'1',559,,21756,8,,,1,100,,21766,8,,,1,70,,21752,8,,,1,30,,21767,8,,,1,70,,21760,8,,,1,30,,21758,8,,,1,70,,21754,8,0,17,1,30,,21755,8,,,1,100,,21757,8,,,1,100,,21764,8,,,1,100,,18489,8,,,1,100,,21759,8,,,1,70,,21765,8,,,1,30,,21763,8,,,1,70,,21753,8,,,1,30,,21770,8,,,1,70,,21769,8,,,1,30,,21761,8,,,1,70,,21762,8,,,1,30,,21768,8,,,1
10601,'2',559,,21775,8,,,1,100,,21776,8,,,1,70,,21790,8,,,1,30,,21780,8,,,1,70,,21788,8,,,1,30,,21784,8,,,1,70,,21778,8,0,17,1,30,,21782,8,,,1,100,,21787,8,,,1,100,,21786,8,,,1,100,,21771,8,,,1,100,,21779,8,,,1,70,,21773,8,,,1,30,,21772,8,,,1,70,,21785,8,,,1,30,,21777,8,,,1,70,,21781,8,,,1,30,,21783,8,,,1,70,,21789,8,,,1,30,,21774,8,,,1
10601,'3',559,,21802,8,,,1,100,,21803,8,,,1,70,,21799,8,,,1,30,,21797,8,,,1,70,,21795,8,,,1,30,,21798,8,,,1,70,,21804,8,0,17,1,30,,21793,8,,,1,100,,21808,8,,,1,100,,21805,8,,,1,100,,21810,8,,,1,100,,21792,8,,,1,70,,21807,8,,,1,30,,21800,8,,,1,70,,21791,8,,,1,30,,21794,8,,,1,70,,21806,8,,,1,30,,21796,8,,,1,70,,21809,8,,,1,30,,21801,8,,,1
10601,'4',559,,21812,8,,,1,100,,21818,8,,,1,70,,21822,8,,,1,30,,21820,8,,,1,70,,21828,8,,,1,30,,21830,8,,,1,70,,21819,8,0,17,1,30,,21815,8,,,1,100,,21821,8,,,1,100,,21814,8,,,1,100,,21816,8,,,1,100,,21826,8,,,1,70,,21825,8,,,1,30,,21823,8,,,1,70,,21813,8,,,1,30,,21829,8,,,1,70,,21824,8,,,1,30,,21811,8,,,1,70,,21817,8,,,1,30,,21827,8,,,1
10601,'5',559,,21840,8,,,1,100,,21834,8,,,1,70,,21835,8,,,1,30,,21833,8,,,1,70,,21838,8,,,1,30,,21843,8,,,1,70,,21849,8,0,17,1,30,,21845,8,,,1,100,,21839,8,,,1,100,,21848,8,,,1,100,,21842,8,,,1,100,,21832,8,,,1,70,,21846,8,,,1,30,,21844,8,,,1,70,,21837,8,,,1,30,,21841,8,,,1,70,,21850,8,,,1,30,,21831,8,,,1,70,,21836,8,,,1,30,,21847,8,,,1
10601,'7',559,,21851,8,,,1,100,,21868,8,,,1,70,,21853,8,,,1,30,,21865,8,,,1,70,,21863,8,,,1,30,,21857,8,,,1,70,,21864,8,0,17,1,30,,21867,8,,,1,100,,21861,8,,,1,100,,21866,8,,,1,100,,21860,8,,,1,100,,21856,8,,,1,70,,21854,8,,,1,30,,21859,8,,,1,70,,21862,8,,,1,30,,21855,8,,,1,70,,21870,8,,,1,30,,21858,8,,,1,70,,21869,8,,,1,30,,21852,8,,,1
10601,'8',559,,21882,8,,,1,100,,21875,8,,,1,70,,21888,8,,,1,30,,21877,8,,,1,70,,21879,8,,,1,30,,21881,8,,,1,70,,21890,8,0,17,1,30,,21886,8,,,1,100,,21885,8,,,1,100,,21874,8,,,1,100,,21889,8,,,1,100,,21880,8,,,1,70,,21872,8,,,1,30,,21883,8,,,1,70,,21878,8,,,1,30,,21884,8,,,1,70,,21887,8,,,1,30,,21876,8,,,1,70,,21873,8,,,1,30,,21871,8,,,1
10601,'9',559,,21902,8,,,1,100,,21895,8,,,1,70,,21903,8,,,1,30,,21893,8,,,1,70,,21904,8,,,1,30,,21910,8,,,1,70,,21901,8,0,17,1,30,,21900,8,,,1,100,,21897,8,,,1,100,,21898,8,,,1,100,,21909,8,,,1,100,,21896,8,,,1,70,,21899,8,,,1,30,,21907,8,,,1,70,,21908,8,,,1,30,,21905,8,,,1,70,,21894,8,,,1,30,,21891,8,,,1,70,,21892,8,,,1,30,,21906,8,,,1
11201,'1',713,,24332,10,,,1,100,,24338,10,,,1,100,,24328,10,,,1,100,,24335,10,,,1,100,,24329,10,,,1,100,,24325,10,,,1,100,,24326,10,,,1,100,,24340,10,,,1,100,,17429,10,,,1,100,,24327,10,,,1,100,,24342,10,,,1
11201,'2',713,,24350,10,,,1,100,,24361,10,,,1,100,,24344,10,,,1,100,,24349,10,,,1,100,,24343,10,,,1,100,,24357,10,,,1,100,,24363,10,,,1,100,,24362,10,,,1,100,,24355,10,,,1,100,,24358,10,,,1,100,,24351,10,,,1
11201,'3',713,,24376,10,,,1,100,,24381,10,,,1,100,,24379,10,,,1,100,,24370,10,,,1,100,,24369,10,,,1,100,,24384,10,,,1,100,,24373,10,,,1,100,,24372,10,,,1,100,,24377,10,,,1,100,,24368,10,,,1,100,,24375,10,,,1
11201,'4',713,,24388,10,,,1,100,,24400,10,,,1,100,,24398,10,,,1,100,,24389,10,,,1,100,,24386,10,,,1,100,,24397,10,,,1,100,,24395,10,,,1,100,,24399,10,,,1,100,,24396,10,,,1,100,,24390,10,,,1,100,,24402,10,,,1
11201,'5',713,,24416,10,,,1,100,,24410,10,,,1,100,,24409,10,,,1,100,,24420,10,,,1,100,,24411,10,,,1,100,,24425,10,,,1,100,,24424,10,,,1,100,,24422,10,,,1,100,,24414,10,,,1,100,,24415,10,,,1,100,,24421,10,,,1
11201,'7',713,,24434,10,,,1,100,,24436,10,,,1,100,,24445,10,,,1,100,,24433,10,,,1,100,,24439,10,,,1,100,,24443,10,,,1,100,,24446,10,,,1,100,,24444,10,,,1,100,,24450,10,,,1,100,,24437,10,,,1,100,,24430,10,,,1
11201,'8',713,,24455,10,,,1,100,,24462,10,,,1,100,,24453,10,,,1,100,,24457,10,,,1,100,,24458,10,,,1,100,,24465,10,,,1,100,,24464,10,,,1,100,,24463,10,,,1,100,,24471,10,,,1,100,,24460,10,,,1,100,,24470,10,,,1
11201,'9',713,,24475,10,,,1,100,,24489,10,,,1,100,,24492,10,,,1,100,,24483,10,,,1,100,,24495,10,,,1,100,,24493,10,,,1,100,,24486,10,,,1,100,,24476,10,,,1,100,,24490,10,,,1,100,,24491,10,,,1,100,,24480,10,,,1
20601,'1',1833,,27629,8,,,1,70,,27630,8,,,1,30,,27615,8,,,1,70,,27624,8,,,1,30,,27625,8,,,1,70,,27633,8,,,1,30,,27623,8,,,1,70,,27626,8,,,1,30,,27628,8,,,1,70,,27631,8,,,1
20601,'10',700,,27668,8,,,1,30,,27673,8,,,1,70,,27638,8,,,1,30,,27680,8,,,1,70,,27657,8,,,1,30,,27635,8,,,1,70,,27672,8,,,1,30,,27642,8,,,1,70,,27650,8,,,1,30,,27653,8,,,1,70,,27656,8,,,1,30,,27675,8,,,1,70,,27682,8,,,1,30,,27647,8,,,1,70,,27665,8,,,1,30,,27688,8,,,1,70,,27640,8,,,1,30,,27684,8,,,1,70,,27636,8,,,1,30,,27644,8,,,1,70,,27681,8,,,1,30,,27671,8,,,1,70,,19502,8,,,1,30,,27679,8,,,1,70,,27639,8,,,1,30,,27646,8,,,1,70,,27651,8,,,1,30,,27661,8,,,1
20601,'11',700,,27723,8,,,1,30,,27699,8,,,1,70,,27707,8,,,1,30,,27727,8,,,1,70,,27744,8,,,1,30,,27736,8,,,1,70,,27717,8,,,1,30,,27742,8,,,1,70,,27712,8,,,1,30,,27701,8,,,1,70,,27719,8,,,1,30,,27713,8,,,1,70,,27694,8,,,1,30,,27725,8,,,1,70,,27709,8,,,1,30,,27704,8,,,1,70,,27695,8,,,1,30,,27690,8,,,1,70,,27692,8,,,1,30,,27739,8,,,1,70,,27737,8,,,1,30,,27735,8,,,1,70,,27711,8,,,1,30,,27729,8,,,1,70,,27705,8,,,1,30,,27743,8,,,1,70,,27698,8,,,1,30,,27741,8,,,1
20601,'2',1833,,27754,8,,,1,70,,27751,8,,,1,30,,18171,8,,,1,70,,27760,8,,,1,30,,27756,8,,,1,70,,27762,8,,,1,30,,27759,8,,,1,70,,27747,8,,,1,30,,27757,8,,,1,70,,27749,8,,,1
20601,'3',1833,,27774,8,,,1,70,,27769,8,,,1,30,,27767,8,,,1,70,,27764,8,,,1,30,,27777,8,,,1,70,,27782,8,,,1,30,,27781,8,,,1,70,,27772,8,,,1,30,,27780,8,,,1,70,,27775,8,,,1
20601,'4',1833,,27787,8,,,1,70,,27798,8,,,1,30,,27800,8,,,1,70,,27797,8,,,1,30,,27792,8,,,1,70,,27786,8,,,1,30,,27801,8,,,1,70,,27784,8,,,1,30,,27790,8,,,1,70,,27802,8,,,1
20601,'5',1833,,27805,8,,,1,70,,27823,8,,,1,30,,27811,8,,,1,70,,27809,8,,,1,30,,27806,8,,,1,70,,27818,8,,,1,30,,27817,8,,,1,70,,27821,8,,,1,30,,27807,8,,,1,70,,27813,8,,,1
20601,'6',700,,27869,8,,,1,30,,27865,8,,,1,70,,27863,8,,,1,30,,27827,8,,,1,70,,27844,8,,,1,30,,27842,8,,,1,70,,27873,8,,,1,30,,27828,8,,,1,70,,27874,8,,,1,30,,27829,8,,,1,70,,27868,8,,,1,30,,27847,8,,,1,70,,27839,8,,,1,30,,27879,8,,,1,70,,27867,8,,,1,30,,27825,8,,,1,70,,27862,8,,,1,30,,27860,8,,,1,70,,27871,8,,,1,30,,27831,8,,,1,70,,27857,8,,,1,30,,27872,8,,,1,70,,27856,8,,,1,30,,27878,8,,,1,70,,27834,8,,,1,30,,27835,8,,,1,70,,27837,8,,,1,30,,27876,8,,,1
20601,'7',1833,,27888,8,,,1,70,,27885,8,,,1,30,,27897,8,,,1,70,,27890,8,,,1,30,,27896,8,,,1,70,,27886,8,,,1,30,,27882,8,,,1,70,,27895,8,,,1,30,,27893,8,,,1,70,,27898,8,,,1
20601,'8',1833,,27901,8,,,1,70,,27909,8,,,1,30,,27905,8,,,1,70,,27913,8,,,1,30,,27906,8,,,1,70,,27917,8,,,1,30,,27918,8,,,1,70,,27902,8,,,1,30,,27900,8,,,1,70,,27907,8,,,1
20601,'9',1833,,27920,8,,,1,70,,27936,8,,,1,30,,27928,8,,,1,70,,27939,8,,,1,30,,27937,8,,,1,70,,27923,8,,,1,30,,27925,8,,,1,70,,27935,8,,,1,30,,27931,8,,,1,70,,27930,8,,,1
