10200,'1',645,,20030,1,,,1,70,,20042,1,,,1,30,,20040,1,,,1,70,,20039,1,,,1,30,,20031,1,,,1,70,,20035,1,,,1,30,,20041,1,,,1,100,,20029,1,,,1,100,,20038,1,,,1,100,,20044,1,,,1,100,,20046,1,,,1,100,,20036,1,,,1,70,,20034,1,,,1,30,,20043,1,,,1,70,,20037,1,,,1,30,,20032,1,,,1,70,,20033,1,,,1,30,,20045,1,,,1
10200,'2',645,,20063,1,,,1,70,,20064,1,,,1,30,,20059,1,,,1,70,,20048,1,,,1,30,,20054,1,,,1,70,,20053,1,,,1,30,,20057,1,,,1,100,,20058,1,,,1,100,,20051,1,,,1,100,,20056,1,,,1,100,,20047,1,,,1,100,,20049,1,,,1,70,,20060,1,,,1,30,,20052,1,,,1,70,,20062,1,,,1,30,,20050,1,,,1,70,,20055,1,,,1,30,,20061,1,,,1
10200,'3',645,,20071,1,,,1,70,,20073,1,,,1,30,,20065,1,,,1,70,,20078,1,,,1,30,,20067,1,,,1,70,,20077,1,,,1,30,,20066,1,,,1,100,,20079,1,,,1,100,,20072,1,,,1,100,,20069,1,,,1,100,,20068,1,,,1,100,,20080,1,,,1,70,,20076,1,,,1,30,,20081,1,,,1,70,,20082,1,,,1,30,,20074,1,,,1,70,,20070,1,,,1,30,,20075,1,,,1
10200,'4',645,,20097,1,,,1,70,,20086,1,,,1,30,,20085,1,,,1,70,,20083,1,,,1,30,,20088,1,,,1,70,,20094,1,,,1,30,,20099,1,,,1,100,,20095,1,,,1,100,,20093,1,,,1,100,,20089,1,,,1,100,,20091,1,,,1,100,,20092,1,,,1,70,,20087,1,,,1,30,,20100,1,,,1,70,,20096,1,,,1,30,,20098,1,,,1,70,,20090,1,,,1,30,,20084,1,,,1
10200,'5',645,,20118,1,,,1,70,,20109,1,,,1,30,,20108,1,,,1,70,,20111,1,,,1,30,,20104,1,,,1,70,,20106,1,,,1,30,,20105,1,,,1,100,,20103,1,,,1,100,,20114,1,,,1,100,,20112,1,,,1,100,,20110,1,,,1,100,,20115,1,,,1,70,,20101,1,,,1,30,,20113,1,,,1,70,,20102,1,,,1,30,,20107,1,,,1,70,,20117,1,,,1,30,,20116,1,,,1
10200,'7',645,,20119,1,,,1,70,,20131,1,,,1,30,,20133,1,,,1,70,,20125,1,,,1,30,,20130,1,,,1,70,,20134,1,,,1,30,,20129,1,,,1,100,,20120,1,,,1,100,,20128,1,,,1,100,,20132,1,,,1,100,,20136,1,,,1,100,,20122,1,,,1,70,,20126,1,,,1,30,,20121,1,,,1,70,,20124,1,,,1,30,,20135,1,,,1,70,,20127,1,,,1,30,,20123,1,,,1
10200,'8',645,,20139,1,,,1,70,,20137,1,,,1,30,,20148,1,,,1,70,,20153,1,,,1,30,,20138,1,,,1,70,,20150,1,,,1,30,,20145,1,,,1,100,,20142,1,,,1,100,,20152,1,,,1,100,,20154,1,,,1,100,,20144,1,,,1,100,,20143,1,,,1,70,,20147,1,,,1,30,,20149,1,,,1,70,,20140,1,,,1,30,,20146,1,,,1,70,,20151,1,,,1,30,,20141,1,,,1
10200,'9',645,,20165,1,,,1,70,,20164,1,,,1,30,,20166,1,,,1,70,,20163,1,,,1,30,,20171,1,,,1,70,,20168,1,,,1,30,,20156,1,,,1,100,,20169,1,,,1,100,,20160,1,,,1,100,,20159,1,,,1,100,,20161,1,,,1,100,,20157,1,,,1,70,,20158,1,,,1,30,,20162,1,,,1,70,,20170,1,,,1,30,,20172,1,,,1,70,,20155,1,,,1,30,,20167,1,,,1
10201,'1',644,,20174,18,4,,1,70,,20184,18,4,,1,30,,20178,18,4,,1,70,,20176,18,4,,1,30,,20177,18,4,,1,70,,20188,18,4,,1,30,,20189,18,4,,1,100,,20179,18,4,,1,100,,20182,18,4,,1,100,,20185,18,4,,1,100,,20180,18,4,,1,100,,20173,18,4,,1,70,,20186,18,4,,1,30,,20187,18,4,,1,70,,20175,18,4,,1,30,,20190,18,4,,1,70,,20181,18,4,,1,30,,20183,18,4,,1
10201,'2',644,,20197,18,4,,1,70,,18261,18,4,,1,30,,20199,18,4,,1,70,,20195,18,4,,1,30,,20202,18,4,,1,70,,20203,18,4,,1,30,,20201,18,4,,1,100,,20205,18,4,,1,100,,20196,18,4,,1,100,,20194,18,4,,1,100,,20191,18,4,,1,100,,20204,18,4,,1,70,,20206,18,4,,1,30,,20200,18,4,,1,70,,20198,18,4,,1,30,,20207,18,4,,1,70,,20193,18,4,,1,30,,20192,18,4,,1
10201,'3',644,,20213,18,4,,1,70,,20209,18,4,,1,30,,20223,18,4,,1,70,,20217,18,4,,1,30,,20224,18,4,,1,70,,20219,18,4,,1,30,,20220,18,4,,1,100,,20225,18,4,,1,100,,20222,18,4,,1,100,,20214,18,4,,1,100,,20221,18,4,,1,100,,20216,18,4,,1,70,,20211,18,4,,1,30,,20212,18,4,,1,70,,20210,18,4,,1,30,,20215,18,4,,1,70,,20208,18,4,,1,30,,20218,18,4,,1
10201,'4',644,,20229,18,4,,1,70,,20226,18,4,,1,30,,20241,18,4,,1,70,,20243,18,4,,1,30,,20228,18,4,,1,70,,20236,18,4,,1,30,,20238,18,4,,1,100,,20231,18,4,,1,100,,20232,18,4,,1,100,,20239,18,4,,1,100,,20227,18,4,,1,100,,20240,18,4,,1,70,,20242,18,4,,1,30,,20235,18,4,,1,70,,20237,18,4,,1,30,,20230,18,4,,1,70,,20233,18,4,,1,30,,20234,18,4,,1
10201,'5',644,,20248,18,4,,1,70,,20258,18,4,,1,30,,20245,18,4,,1,70,,20247,18,4,,1,30,,20256,18,4,,1,70,,20249,18,4,,1,30,,20254,18,4,,1,100,,20255,18,4,,1,100,,20261,18,4,,1,100,,20257,18,4,,1,100,,20244,18,4,,1,100,,20252,18,4,,1,70,,20259,18,4,,1,30,,20253,18,4,,1,70,,20251,18,4,,1,30,,20246,18,4,,1,70,,20250,18,4,,1,30,,20260,18,4,,1
10201,'7',644,,20273,18,4,,1,70,,20279,18,4,,1,30,,20262,18,4,,1,70,,20274,18,4,,1,30,,20264,18,4,,1,70,,20265,18,4,,1,30,,20277,18,4,,1,100,,20275,18,4,,1,100,,20269,18,4,,1,100,,20268,18,4,,1,100,,20270,18,4,,1,100,,20278,18,4,,1,70,,20263,18,4,,1,30,,20266,18,4,,1,70,,20272,18,4,,1,30,,20267,18,4,,1,70,,20271,18,4,,1,30,,20276,18,4,,1
10201,'8',644,,20295,18,4,,1,70,,20283,18,4,,1,30,,20286,18,4,,1,70,,20293,18,4,,1,30,,20288,18,4,,1,70,,20280,18,4,,1,30,,20291,18,4,,1,100,,20284,18,4,,1,100,,20292,18,4,,1,100,,20282,18,4,,1,100,,20294,18,4,,1,100,,20285,18,4,,1,70,,20287,18,4,,1,30,,20290,18,4,,1,70,,20296,18,4,,1,30,,20281,18,4,,1,70,,20289,18,4,,1,30,,20297,18,4,,1
10201,'9',644,,20311,18,4,,1,70,,20298,18,4,,1,30,,20314,18,4,,1,70,,20305,18,4,,1,30,,20301,18,4,,1,70,,20308,18,4,,1,30,,20309,18,4,,1,100,,20300,18,4,,1,100,,20303,18,4,,1,100,,20310,18,4,,1,100,,20312,18,4,,1,100,,20302,18,4,,1,70,,20299,18,4,,1,30,,20313,18,4,,1,70,,20307,18,4,,1,30,,20315,18,4,,1,70,,20304,18,4,,1,30,,20306,18,4,,1
10800,'1',700,,22568,1,,,1,30,,22559,1,,,1,70,,22555,1,,,1,30,,17782,1,,,1,70,,22563,1,,,1,30,,22545,1,,,1,100,,22540,1,,,1,100,,22561,1,,,1,100,,22566,1,,,1,100,,22565,1,,,1,100,,22552,1,,,1,70,,22549,1,,,1,30,,22550,1,,,1,70,,22562,1,,,1,30,,22542,1,,,1,70,,22564,1,,,1,30,,22557,1,,,1
10800,'2',700,,22587,1,,,1,30,,22583,1,,,1,70,,22579,1,,,1,30,,22573,1,,,1,70,,22572,1,,,1,30,,22584,1,,,1,100,,22570,1,,,1,100,,22601,1,,,1,100,,22590,1,,,1,100,,22586,1,,,1,100,,22588,1,,,1,70,,22598,1,,,1,30,,22571,1,,,1,70,,22578,1,,,1,30,,22575,1,,,1,70,,22574,1,,,1,30,,22589,1,,,1
10800,'3',700,,22630,1,,,1,30,,22629,1,,,1,70,,22608,1,,,1,30,,22612,1,,,1,70,,22623,1,,,1,30,,22634,1,,,1,100,,22624,1,,,1,100,,22633,1,,,1,100,,22606,1,,,1,100,,22609,1,,,1,100,,22621,1,,,1,70,,22619,1,,,1,30,,22631,1,,,1,70,,22615,1,,,1,30,,22617,1,,,1,70,,22622,1,,,1,30,,22610,1,,,1
10800,'4',700,,22656,1,,,1,30,,22644,1,,,1,70,,22665,1,,,1,30,,22658,1,,,1,70,,22668,1,,,1,30,,22652,1,,,1,100,,22663,1,,,1,100,,22637,1,,,1,100,,22661,1,,,1,100,,22642,1,,,1,100,,22641,1,,,1,70,,22651,1,,,1,30,,22660,1,,,1,70,,22655,1,,,1,30,,22646,1,,,1,70,,22654,1,,,1,30,,22645,1,,,1
10800,'5',700,,22681,1,,,1,30,,22700,1,,,1,70,,22698,1,,,1,30,,22676,1,,,1,70,,22703,1,,,1,30,,22694,1,,,1,100,,22702,1,,,1,100,,22693,1,,,1,100,,22682,1,,,1,100,,22689,1,,,1,100,,22699,1,,,1,70,,22685,1,,,1,30,,22686,1,,,1,70,,22704,1,,,1,30,,22690,1,,,1,70,,22675,1,,,1,30,,22678,1,,,1
10800,'7',700,,22729,1,,,1,30,,22715,1,,,1,70,,22725,1,,,1,30,,22719,1,,,1,70,,22730,1,,,1,30,,22733,1,,,1,100,,22738,1,,,1,100,,22721,1,,,1,100,,22736,1,,,1,100,,22722,1,,,1,100,,22720,1,,,1,70,,22734,1,,,1,30,,22706,1,,,1,70,,22712,1,,,1,30,,22705,1,,,1,70,,22710,1,,,1,30,,22728,1,,,1
10800,'8',700,,22740,1,,,1,30,,22772,1,,,1,70,,22752,1,,,1,30,,22756,1,,,1,70,,22739,1,,,1,30,,22764,1,,,1,100,,22744,1,,,1,100,,22758,1,,,1,100,,22751,1,,,1,100,,22768,1,,,1,100,,22762,1,,,1,70,,22745,1,,,1,30,,22747,1,,,1,70,,22761,1,,,1,30,,22755,1,,,1,70,,22759,1,,,1,30,,22748,1,,,1
10800,'9',700,,22773,1,,,1,30,,22782,1,,,1,70,,22786,1,,,1,30,,22780,1,,,1,70,,22796,1,,,1,30,,22799,1,,,1,100,,22800,1,,,1,100,,22783,1,,,1,100,,22806,1,,,1,100,,22804,1,,,1,100,,22792,1,,,1,70,,22793,1,,,1,30,,22777,1,,,1,70,,22788,1,,,1,30,,22784,1,,,1,70,,22778,1,,,1,30,,22791,1,,,1
10801,'1',652,,22808,35,4,,1,70,,22821,35,4,,1,30,,22819,35,4,,1,70,,22814,35,4,,1,30,,22823,35,4,,1,70,,22809,35,4,,1,100,,22820,35,4,,1,100,,22811,35,4,,1,100,,22815,35,4,,1,100,,22825,35,4,,1,100,,22817,35,4,,1,30,,22807,35,4,,1,70,,22810,35,4,,1,30,,22822,35,4,,1,70,,22813,35,4,,1,30,,22816,35,4,,1,70,,22812,35,4,,1
10801,'2',652,,22837,35,4,,1,70,,22840,35,4,,1,30,,22831,35,4,,1,70,,22835,35,4,,1,30,,22843,35,4,,1,70,,22838,35,4,,1,100,,22833,35,4,,1,100,,22842,35,4,,1,100,,22836,35,4,,1,100,,22839,35,4,,1,100,,22844,35,4,,1,30,,22834,35,4,,1,70,,22826,35,4,,1,30,,22830,35,4,,1,70,,22841,35,4,,1,30,,22827,35,4,,1,70,,22829,35,4,,1
10801,'3',652,,22854,35,4,,1,70,,22851,35,4,,1,30,,22849,35,4,,1,70,,22848,35,4,,1,30,,22852,35,4,,1,70,,22861,35,4,,1,100,,22859,35,4,,1,100,,22858,35,4,,1,100,,22846,35,4,,1,100,,22863,35,4,,1,100,,22853,35,4,,1,30,,22845,35,4,,1,70,,22857,35,4,,1,30,,22850,35,4,,1,70,,22860,35,4,,1,30,,22856,35,4,,1,70,,22862,35,4,,1
10801,'4',652,,22869,35,4,,1,70,,22879,35,4,,1,30,,22864,35,4,,1,70,,22866,35,4,,1,30,,22877,35,4,,1,70,,22871,35,4,,1,100,,22881,35,4,,1,100,,22867,35,4,,1,100,,22865,35,4,,1,100,,22876,35,4,,1,100,,22875,35,4,,1,30,,22868,35,4,,1,70,,22873,35,4,,1,30,,22882,35,4,,1,70,,22874,35,4,,1,30,,22880,35,4,,1,70,,22878,35,4,,1
10801,'5',652,,22891,35,4,,1,70,,22899,35,4,,1,30,,22892,35,4,,1,70,,22896,35,4,,1,30,,22884,35,4,,1,70,,22901,35,4,,1,100,,22886,35,4,,1,100,,22897,35,4,,1,100,,22887,35,4,,1,100,,22894,35,4,,1,100,,22885,35,4,,1,30,,22890,35,4,,1,70,,22898,35,4,,1,30,,22900,35,4,,1,70,,22893,35,4,,1,30,,22888,35,4,,1,70,,22883,35,4,,1
10801,'7',652,,22919,35,4,,1,70,,22909,35,4,,1,30,,22903,35,4,,1,70,,22918,35,4,,1,30,,22904,35,4,,1,70,,22915,35,4,,1,100,,22902,35,4,,1,100,,22920,35,4,,1,100,,22905,35,4,,1,100,,22916,35,4,,1,100,,22906,35,4,,1,30,,22917,35,4,,1,70,,22914,35,4,,1,30,,22910,35,4,,1,70,,22907,35,4,,1,30,,22911,35,4,,1,70,,22912,35,4,,1
10801,'8',652,,22938,35,4,,1,70,,22927,35,4,,1,30,,22924,35,4,,1,70,,22939,35,4,,1,30,,22930,35,4,,1,70,,22935,35,4,,1,100,,22931,35,4,,1,100,,22934,35,4,,1,100,,22933,35,4,,1,100,,22923,35,4,,1,100,,22932,35,4,,1,30,,22922,35,4,,1,70,,22936,35,4,,1,30,,22921,35,4,,1,70,,22928,35,4,,1,30,,22937,35,4,,1,70,,22929,35,4,,1
10801,'9',652,,22952,35,4,,1,70,,22946,35,4,,1,30,,22958,35,4,,1,70,,22957,35,4,,1,30,,22951,35,4,,1,70,,22953,35,4,,1,100,,22944,35,4,,1,100,,22955,35,4,,1,100,,22943,35,4,,1,100,,22954,35,4,,1,100,,22956,35,4,,1,30,,22949,35,4,,1,70,,22940,35,4,,1,30,,22947,35,4,,1,70,,22945,35,4,,1,30,,22941,35,4,,1,70,,22942,35,4,,1
10900,'1',700,,22988,1,,,1,100,,22992,1,,,1,100,,22970,1,,,1,100,,22972,1,,,1,100,,19081,1,,,1,100,,22981,1,,,1,100,,22962,1,,,1,100,,22980,1,,,1,100,,22964,1,,,1,100,,22967,1,,,1,100,,22959,1,,,1,100,,22976,1,,,1
10900,'2',700,,23002,1,,,1,100,,23019,1,,,1,100,,23017,1,,,1,100,,23008,1,,,1,100,,23016,1,,,1,100,,23024,1,,,1,100,,23027,1,,,1,100,,23004,1,,,1,100,,23013,1,,,1,100,,23021,1,,,1,100,,23023,1,,,1,100,,22998,1,,,1
10900,'3',700,,23044,1,,,1,100,,23059,1,,,1,100,,23033,1,,,1,100,,23041,1,,,1,100,,23064,1,,,1,100,,23053,1,,,1,100,,23038,1,,,1,100,,23050,1,,,1,100,,23061,1,,,1,100,,23045,1,,,1,100,,23030,1,,,1,100,,23031,1,,,1
10900,'4',700,,23083,1,,,1,100,,23087,1,,,1,100,,23071,1,,,1,100,,23079,1,,,1,100,,23069,1,,,1,100,,23086,1,,,1,100,,23093,1,,,1,100,,23075,1,,,1,100,,23084,1,,,1,100,,23076,1,,,1,100,,23073,1,,,1,100,,23081,1,,,1
10900,'5',700,,23122,1,,,1,100,,23126,1,,,1,100,,23121,1,,,1,100,,23131,1,,,1,100,,23101,1,,,1,100,,23133,1,,,1,100,,23114,1,,,1,100,,23109,1,,,1,100,,23106,1,,,1,100,,23119,1,,,1,100,,23129,1,,,1,100,,23107,1,,,1
10900,'7',700,,23155,1,,,1,100,,23142,1,,,1,100,,23140,1,,,1,100,,23139,1,,,1,100,,23156,1,,,1,100,,23157,1,,,1,100,,23161,1,,,1,100,,23169,1,,,1,100,,23137,1,,,1,100,,23146,1,,,1,100,,23154,1,,,1,100,,23143,1,,,1
10900,'8',700,,23205,1,,,1,100,,23194,1,,,1,100,,23201,1,,,1,100,,23204,1,,,1,100,,23173,1,,,1,100,,23197,1,,,1,100,,23198,1,,,1,100,,23185,1,,,1,100,,23183,1,,,1,100,,23187,1,,,1,100,,23199,1,,,1,100,,23208,1,,,1
10900,'9',700,,23211,1,,,1,100,,23212,1,,,1,100,,23217,1,,,1,100,,23213,1,,,1,100,,23236,1,,,1,100,,23244,1,,,1,100,,23241,1,,,1,100,,23229,1,,,1,100,,23239,1,,,1,100,,23218,1,,,1,100,,23220,1,,,1,100,,23215,1,,,1
10901,'1',622,,23246,10,4,,1,100,,23253,10,4,,1,100,,23254,10,4,,1,100,,23251,10,4,,1,100,,23249,10,4,,1,100,,23250,10,4,,1,100,,23248,10,4,,1,100,,23261,10,4,,1,100,,23259,10,4,,1,100,,17453,10,4,,1,100,,23262,10,4,,1,100,,23256,10,4,,1
10901,'2',622,,23267,10,4,,1,100,,23273,10,4,,1,100,,23270,10,4,,1,100,,23287,10,4,,1,100,,23277,10,4,,1,100,,23276,10,4,,1,100,,23278,10,4,,1,100,,23281,10,4,,1,100,,23283,10,4,,1,100,,23266,10,4,,1,100,,23284,10,4,,1,100,,23280,10,4,,1
10901,'3',622,,23292,10,4,,1,100,,23297,10,4,,1,100,,23311,10,4,,1,100,,23301,10,4,,1,100,,23307,10,4,,1,100,,23300,10,4,,1,100,,23291,10,4,,1,100,,23305,10,4,,1,100,,23295,10,4,,1,100,,23293,10,4,,1,100,,23309,10,4,,1,100,,23312,10,4,,1
10901,'4',622,,23322,10,4,,1,100,,23331,10,4,,1,100,,23317,10,4,,1,100,,23327,10,4,,1,100,,23314,10,4,,1,100,,23333,10,4,,1,100,,23325,10,4,,1,100,,23319,10,4,,1,100,,23328,10,4,,1,100,,23329,10,4,,1,100,,23326,10,4,,1,100,,23324,10,4,,1
10901,'5',622,,23359,10,4,,1,100,,23344,10,4,,1,100,,23358,10,4,,1,100,,23355,10,4,,1,100,,23339,10,4,,1,100,,23351,10,4,,1,100,,23345,10,4,,1,100,,23356,10,4,,1,100,,23342,10,4,,1,100,,23340,10,4,,1,100,,23357,10,4,,1,100,,23346,10,4,,1
10901,'7',622,,23369,10,4,,1,100,,23368,10,4,,1,100,,23380,10,4,,1,100,,23364,10,4,,1,100,,23366,10,4,,1,100,,23378,10,4,,1,100,,23376,10,4,,1,100,,23371,10,4,,1,100,,23384,10,4,,1,100,,23374,10,4,,1,100,,23365,10,4,,1,100,,23372,10,4,,1
10901,'8',622,,23404,10,4,,1,100,,23389,10,4,,1,100,,23403,10,4,,1,100,,23407,10,4,,1,100,,23399,10,4,,1,100,,23387,10,4,,1,100,,23400,10,4,,1,100,,23405,10,4,,1,100,,23396,10,4,,1,100,,23393,10,4,,1,100,,23386,10,4,,1,100,,23395,10,4,,1
10901,'9',622,,23420,10,4,,1,100,,23410,10,4,,1,100,,23414,10,4,,1,100,,23412,10,4,,1,100,,23426,10,4,,1,100,,23413,10,4,,1,100,,23411,10,4,,1,100,,23430,10,4,,1,100,,23428,10,4,,1,100,,23422,10,4,,1,100,,23409,10,4,,1,100,,23419,10,4,,1
11000,'1',639,,23450,13,4,,1,70,,23438,13,4,,1,30,,23440,13,4,,1,70,,23453,13,4,,1,30,,23441,13,4,,1,70,,23446,13,4,,1,30,,23448,13,4,,1,70,,23437,13,4,,1,30,,23447,13,4,,1,70,,23434,13,4,,1,30,,23436,13,4,,1,70,,23445,13,4,,1,30,,23457,13,4,,1,70,,23451,13,4,,1,30,,23452,13,4,,1,70,,23439,13,4,,1,30,,23435,13,4,,1,70,,23433,13,4,,1,30,,23443,13,4,,1,70,,23455,13,4,,1,30,,23449,13,4,,1,70,,23444,13,4,,1,30,,23456,13,4,,1,70,,23442,13,4,,1,30,,23454,13,4,,1
11000,'2',639,,23470,13,4,,1,70,,23459,13,4,,1,30,,23463,13,4,,1,70,,23475,13,4,,1,30,,23478,13,4,,1,70,,23476,13,4,,1,30,,23466,13,4,,1,70,,23467,13,4,,1,30,,23458,13,4,,1,70,,23461,13,4,,1,30,,23477,13,4,,1,70,,23479,13,4,,1,30,,23471,13,4,,1,70,,23473,13,4,,1,30,,17518,13,4,,1,70,,23480,13,4,,1,30,,23474,13,4,,1,70,,23460,13,4,,1,30,,23472,13,4,,1,70,,23465,13,4,,1,30,,23481,13,4,,1,70,,23469,13,4,,1,30,,23468,13,4,,1,70,,23462,13,4,,1,30,,23464,13,4,,1
11000,'3',639,,23483,13,4,,1,70,,23502,13,4,,1,30,,23482,13,4,,1,70,,23503,13,4,,1,30,,23485,13,4,,1,70,,23496,13,4,,1,30,,23484,13,4,,1,70,,23493,13,4,,1,30,,23495,13,4,,1,70,,23494,13,4,,1,30,,23501,13,4,,1,70,,23492,13,4,,1,30,,23488,13,4,,1,70,,23498,13,4,,1,30,,23490,13,4,,1,70,,23499,13,4,,1,30,,23486,13,4,,1,70,,23500,13,4,,1,30,,23489,13,4,,1,70,,23497,13,4,,1,30,,23491,13,4,,1,70,,23504,13,4,,1,30,,23505,13,4,,1,70,,23487,13,4,,1,30,,23506,13,4,,1
11000,'4',639,,23530,13,4,,1,70,,23529,13,4,,1,30,,23527,13,4,,1,70,,23508,13,4,,1,30,,23521,13,4,,1,70,,23520,13,4,,1,30,,23509,13,4,,1,70,,23522,13,4,,1,30,,23507,13,4,,1,70,,23510,13,4,,1,30,,23514,13,4,,1,70,,23517,13,4,,1,30,,23516,13,4,,1,70,,23531,13,4,,1,30,,23512,13,4,,1,70,,23525,13,4,,1,30,,23526,13,4,,1,70,,23524,13,4,,1,30,,23511,13,4,,1,70,,23518,13,4,,1,30,,23513,13,4,,1,70,,23515,13,4,,1,30,,23519,13,4,,1,70,,23528,13,4,,1,30,,23523,13,4,,1
11000,'5',639,,23550,13,4,,1,70,,23546,13,4,,1,30,,23551,13,4,,1,70,,23535,13,4,,1,30,,23547,13,4,,1,70,,23537,13,4,,1,30,,23539,13,4,,1,70,,23534,13,4,,1,30,,23543,13,4,,1,70,,23536,13,4,,1,30,,23533,13,4,,1,70,,23532,13,4,,1,30,,23541,13,4,,1,70,,23538,13,4,,1,30,,23555,13,4,,1,70,,23542,13,4,,1,30,,23554,13,4,,1,70,,23556,13,4,,1,30,,23540,13,4,,1,70,,23548,13,4,,1,30,,23553,13,4,,1,70,,23552,13,4,,1,30,,23544,13,4,,1,70,,23549,13,4,,1,30,,23545,13,4,,1
11000,'7',639,,23559,13,4,,1,70,,23578,13,4,,1,30,,23565,13,4,,1,70,,23576,13,4,,1,30,,23573,13,4,,1,70,,23579,13,4,,1,30,,23569,13,4,,1,70,,23574,13,4,,1,30,,23572,13,4,,1,70,,23568,13,4,,1,30,,23570,13,4,,1,70,,23580,13,4,,1,30,,23558,13,4,,1,70,,23561,13,4,,1,30,,23577,13,4,,1,70,,23575,13,4,,1,30,,23562,13,4,,1,70,,23563,13,4,,1,30,,23566,13,4,,1,70,,23581,13,4,,1,30,,23557,13,4,,1,70,,23567,13,4,,1,30,,23560,13,4,,1,70,,23571,13,4,,1,30,,23564,13,4,,1
11000,'8',639,,23586,13,4,,1,70,,23595,13,4,,1,30,,23593,13,4,,1,70,,23603,13,4,,1,30,,23602,13,4,,1,70,,23589,13,4,,1,30,,23596,13,4,,1,70,,23599,13,4,,1,30,,23582,13,4,,1,70,,23606,13,4,,1,30,,23590,13,4,,1,70,,23600,13,4,,1,30,,23584,13,4,,1,70,,23587,13,4,,1,30,,23601,13,4,,1,70,,23598,13,4,,1,30,,23588,13,4,,1,70,,23592,13,4,,1,30,,23594,13,4,,1,70,,23605,13,4,,1,30,,23591,13,4,,1,70,,23583,13,4,,1,30,,23585,13,4,,1,70,,23604,13,4,,1,30,,23597,13,4,,1
11000,'9',639,,23620,13,4,,1,70,,23613,13,4,,1,30,,23631,13,4,,1,70,,23615,13,4,,1,30,,23612,13,4,,1,70,,23626,13,4,,1,30,,23628,13,4,,1,70,,23608,13,4,,1,30,,23629,13,4,,1,70,,23611,13,4,,1,30,,23609,13,4,,1,70,,23610,13,4,,1,30,,23630,13,4,,1,70,,23621,13,4,,1,30,,23616,13,4,,1,70,,23627,13,4,,1,30,,23623,13,4,,1,70,,23614,13,4,,1,30,,23622,13,4,,1,70,,23607,13,4,,1,30,,23625,13,4,,1,70,,23618,13,4,,1,30,,23624,13,4,,1,70,,23619,13,4,,1,30,,23617,13,4,,1
11001,'1',615,,23642,1,,,1,30,,23654,1,,,1,70,,23643,1,,,1,30,,23650,1,,,1,70,,23633,1,,,1,30,,23638,1,,,1,70,,23640,1,,,1,30,,23632,1,,,1,70,,23637,1,,,1,30,,23653,1,,,1,70,,23652,1,,,1,30,,23645,1,,,1,70,,23656,1,,,1,30,,23647,1,,,1,70,,23646,1,,,1,30,,23634,1,,,1,70,,23636,1,,,1,30,,23639,1,,,1,70,,23648,1,,,1,30,,23644,1,,,1,70,,23649,1,,,1,30,,23641,1,,,1,70,,23655,1,,,1,30,,23651,1,,,1,70,,23635,1,,,1
11001,'2',615,,23671,1,,,1,30,,23670,1,,,1,70,,23673,1,,,1,30,,23667,1,,,1,70,,23675,1,,,1,30,,23665,1,,,1,70,,23678,1,,,1,30,,23657,1,,,1,70,,23674,1,,,1,30,,23669,1,,,1,70,,23659,1,,,1,30,,23661,1,,,1,70,,23672,1,,,1,30,,18124,1,,,1,70,,23664,1,,,1,30,,23660,1,,,1,70,,23666,1,,,1,30,,18251,1,,,1,70,,23677,1,,,1,30,,23676,1,,,1,70,,23679,1,,,1,30,,23668,1,,,1,70,,23662,1,,,1,30,,23663,1,,,1,70,,23658,1,,,1
11001,'3',615,,23696,1,,,1,30,,23701,1,,,1,70,,23693,1,,,1,30,,23702,1,,,1,70,,23681,1,,,1,30,,23695,1,,,1,70,,23704,1,,,1,30,,23682,1,,,1,70,,23698,1,,,1,30,,23692,1,,,1,70,,23688,1,,,1,30,,23689,1,,,1,70,,23683,1,,,1,30,,23687,1,,,1,70,,23691,1,,,1,30,,23680,1,,,1,70,,23699,1,,,1,30,,23690,1,,,1,70,,23694,1,,,1,30,,23700,1,,,1,70,,23685,1,,,1,30,,23686,1,,,1,70,,23703,1,,,1,30,,23684,1,,,1,70,,23697,1,,,1
11001,'4',615,,23708,1,,,1,30,,23706,1,,,1,70,,23712,1,,,1,30,,23724,1,,,1,70,,23718,1,,,1,30,,23728,1,,,1,70,,23719,1,,,1,30,,23723,1,,,1,70,,23729,1,,,1,30,,23725,1,,,1,70,,23705,1,,,1,30,,23720,1,,,1,70,,23709,1,,,1,30,,23714,1,,,1,70,,23711,1,,,1,30,,23727,1,,,1,70,,23721,1,,,1,30,,23722,1,,,1,70,,23707,1,,,1,30,,23713,1,,,1,70,,23726,1,,,1,30,,23716,1,,,1,70,,23715,1,,,1,30,,23710,1,,,1,70,,23717,1,,,1
11001,'5',615,,23730,1,,,1,30,,23748,1,,,1,70,,23741,1,,,1,30,,23740,1,,,1,70,,23745,1,,,1,30,,23750,1,,,1,70,,23737,1,,,1,30,,23731,1,,,1,70,,23752,1,,,1,30,,23746,1,,,1,70,,23744,1,,,1,30,,23742,1,,,1,70,,23738,1,,,1,30,,23732,1,,,1,70,,23747,1,,,1,30,,23743,1,,,1,70,,23739,1,,,1,30,,23733,1,,,1,70,,23736,1,,,1,30,,23749,1,,,1,70,,23753,1,,,1,30,,23735,1,,,1,70,,23734,1,,,1,30,,23751,1,,,1,70,,23754,1,,,1
11001,'7',615,,23763,1,,,1,30,,23777,1,,,1,70,,23776,1,,,1,30,,23768,1,,,1,70,,23767,1,,,1,30,,23769,1,,,1,70,,23775,1,,,1,30,,23766,1,,,1,70,,23765,1,,,1,30,,23774,1,,,1,70,,23779,1,,,1,30,,23773,1,,,1,70,,23764,1,,,1,30,,23761,1,,,1,70,,23771,1,,,1,30,,23758,1,,,1,70,,23770,1,,,1,30,,23755,1,,,1,70,,23772,1,,,1,30,,23757,1,,,1,70,,23778,1,,,1,30,,23759,1,,,1,70,,23756,1,,,1,30,,23762,1,,,1,70,,23760,1,,,1
11001,'8',615,,23789,1,,,1,30,,23790,1,,,1,70,,23792,1,,,1,30,,23794,1,,,1,70,,23801,1,,,1,30,,23788,1,,,1,70,,23781,1,,,1,30,,23797,1,,,1,70,,23795,1,,,1,30,,23787,1,,,1,70,,23804,1,,,1,30,,23784,1,,,1,70,,23800,1,,,1,30,,23783,1,,,1,70,,23786,1,,,1,30,,23803,1,,,1,70,,23799,1,,,1,30,,23796,1,,,1,70,,23802,1,,,1,30,,23793,1,,,1,70,,23782,1,,,1,30,,23798,1,,,1,70,,23780,1,,,1,30,,23791,1,,,1,70,,23785,1,,,1
11001,'9',615,,23827,1,,,1,30,,23829,1,,,1,70,,23808,1,,,1,30,,23819,1,,,1,70,,23811,1,,,1,30,,23813,1,,,1,70,,23805,1,,,1,30,,23814,1,,,1,70,,23826,1,,,1,30,,23820,1,,,1,70,,23817,1,,,1,30,,23810,1,,,1,70,,23828,1,,,1,30,,23807,1,,,1,70,,23825,1,,,1,30,,23809,1,,,1,70,,23812,1,,,1,30,,23815,1,,,1,70,,23816,1,,,1,30,,23821,1,,,1,70,,23806,1,,,1,30,,23818,1,,,1,70,,23822,1,,,1,30,,23823,1,,,1,70,,23824,1,,,1
11100,'1',600,,23841,1,,,1,30,,23848,1,,,1,70,,23853,1,,,1,30,,23835,1,,,1,70,,23840,1,,,1,30,,23845,1,,,1,70,,23843,1,,,1,30,,23838,1,,,1,70,,23831,1,,,1,30,,23839,1,,,1,70,,23850,1,,,1,30,,23851,1,,,1,70,,23844,1,,,1,30,,23834,1,,,1,70,,23847,1,,,1,30,,23832,1,,,1,70,,23836,1,,,1,30,,18733,1,,,1,70,,23852,1,,,1,30,,23837,1,,,1,70,,18504,1,,,1,30,,23849,1,,,1,70,,23842,1,,,1,30,,23833,1,,,1,70,,23830,1,,,1,30,,23846,1,,,1
11100,'2',600,,16031,1,,,1,30,,23858,1,,,1,70,,23873,1,,,1,30,,23856,1,,,1,70,,23862,1,,,1,30,,23877,1,,,1,70,,23874,1,,,1,30,,23864,1,,,1,70,,23875,1,,,1,30,,23870,1,,,1,70,,23868,1,,,1,30,,23865,1,,,1,70,,23869,1,,,1,30,,23857,1,,,1,70,,23860,1,,,1,30,,23855,1,,,1,70,,23872,1,,,1,30,,23867,1,,,1,70,,23854,1,,,1,30,,23859,1,,,1,70,,23863,1,,,1,30,,23876,1,,,1,70,,18688,1,,,1,30,,23866,1,,,1,70,,23871,1,,,1,30,,23861,1,,,1
11100,'3',600,,23903,1,,,1,30,,23881,1,,,1,70,,23899,1,,,1,30,,23879,1,,,1,70,,23900,1,,,1,30,,23902,1,,,1,70,,23901,1,,,1,30,,23896,1,,,1,70,,23887,1,,,1,30,,23897,1,,,1,70,,23891,1,,,1,30,,23885,1,,,1,70,,23878,1,,,1,30,,23888,1,,,1,70,,23893,1,,,1,30,,23882,1,,,1,70,,23892,1,,,1,30,,23889,1,,,1,70,,23880,1,,,1,30,,23884,1,,,1,70,,23883,1,,,1,30,,23895,1,,,1,70,,23890,1,,,1,30,,23894,1,,,1,70,,23898,1,,,1,30,,23886,1,,,1
11100,'4',600,,23918,1,,,1,30,,23911,1,,,1,70,,23915,1,,,1,30,,23906,1,,,1,70,,23929,1,,,1,30,,23919,1,,,1,70,,23912,1,,,1,30,,23917,1,,,1,70,,23910,1,,,1,30,,23925,1,,,1,70,,23907,1,,,1,30,,23924,1,,,1,70,,23909,1,,,1,30,,23927,1,,,1,70,,23926,1,,,1,30,,23908,1,,,1,70,,23905,1,,,1,30,,23904,1,,,1,70,,23913,1,,,1,30,,23916,1,,,1,70,,23923,1,,,1,30,,23920,1,,,1,70,,23921,1,,,1,30,,23914,1,,,1,70,,23928,1,,,1,30,,23922,1,,,1
11100,'5',600,,23945,1,,,1,30,,23950,1,,,1,70,,23931,1,,,1,30,,23938,1,,,1,70,,23939,1,,,1,30,,23953,1,,,1,70,,23951,1,,,1,30,,23946,1,,,1,70,,23948,1,,,1,30,,23935,1,,,1,70,,23942,1,,,1,30,,23940,1,,,1,70,,23954,1,,,1,30,,23944,1,,,1,70,,23934,1,,,1,30,,23947,1,,,1,70,,23943,1,,,1,30,,23952,1,,,1,70,,23949,1,,,1,30,,23955,1,,,1,70,,23930,1,,,1,30,,23932,1,,,1,70,,23936,1,,,1,30,,23941,1,,,1,70,,23937,1,,,1,30,,23933,1,,,1
11100,'7',600,,23964,1,,,1,30,,23981,1,,,1,70,,23965,1,,,1,30,,23971,1,,,1,70,,23960,1,,,1,30,,23967,1,,,1,70,,23961,1,,,1,30,,23958,1,,,1,70,,23956,1,,,1,30,,23969,1,,,1,70,,23962,1,,,1,30,,23980,1,,,1,70,,23977,1,,,1,30,,23959,1,,,1,70,,23974,1,,,1,30,,23973,1,,,1,70,,23979,1,,,1,30,,23978,1,,,1,70,,23966,1,,,1,30,,23970,1,,,1,70,,23972,1,,,1,30,,23975,1,,,1,70,,23968,1,,,1,30,,23976,1,,,1,70,,23963,1,,,1,30,,23957,1,,,1
11100,'8',600,,23997,1,,,1,30,,23996,1,,,1,70,,23995,1,,,1,30,,23988,1,,,1,70,,23993,1,,,1,30,,23983,1,,,1,70,,23992,1,,,1,30,,24004,1,,,1,70,,24003,1,,,1,30,,23984,1,,,1,70,,24006,1,,,1,30,,23994,1,,,1,70,,24007,1,,,1,30,,24002,1,,,1,70,,24005,1,,,1,30,,23998,1,,,1,70,,23985,1,,,1,30,,24001,1,,,1,70,,23990,1,,,1,30,,23987,1,,,1,70,,23999,1,,,1,30,,24000,1,,,1,70,,23982,1,,,1,30,,23989,1,,,1,70,,23991,1,,,1,30,,23986,1,,,1
11100,'9',600,,24019,1,,,1,30,,24018,1,,,1,70,,24014,1,,,1,30,,24022,1,,,1,70,,24027,1,,,1,30,,24033,1,,,1,70,,24016,1,,,1,30,,24020,1,,,1,70,,24015,1,,,1,30,,24017,1,,,1,70,,24013,1,,,1,30,,24026,1,,,1,70,,24023,1,,,1,30,,24011,1,,,1,70,,24021,1,,,1,30,,24012,1,,,1,70,,24030,1,,,1,30,,24008,1,,,1,70,,24009,1,,,1,30,,24024,1,,,1,70,,24032,1,,,1,30,,24029,1,,,1,70,,24031,1,,,1,30,,24010,1,,,1,70,,24028,1,,,1,30,,24025,1,,,1
11101,'1',628,,24046,15,4,,1,30,,24048,15,4,,1,70,,24058,15,4,,1,30,,24040,15,4,,1,70,,24052,15,4,,1,30,,24047,15,4,,1,70,,24049,15,4,,1,30,,24057,15,4,,1,70,,24055,15,4,,1,30,,24034,15,4,,1,70,,24043,15,4,,1,30,,24050,15,4,,1,70,,24051,15,4,,1,30,,24041,15,4,,1,70,,24036,15,4,,1,30,,24037,15,4,,1,71,,24056,15,4,,1,30,,24045,15,4,,1,70,,24042,15,4,,1,30,,24035,15,4,,1,70,,24044,15,4,,1,30,,24054,15,4,,1,70,,24053,15,4,,1,30,,24038,15,4,,1,70,,24039,15,4,,1
11101,'2',628,,24081,15,4,,1,30,,24070,15,4,,1,70,,24083,15,4,,1,30,,24073,15,4,,1,70,,24076,15,4,,1,30,,24079,15,4,,1,70,,24066,15,4,,1,30,,24063,15,4,,1,70,,24082,15,4,,1,30,,24059,15,4,,1,70,,24064,15,4,,1,30,,24069,15,4,,1,70,,24071,15,4,,1,30,,24067,15,4,,1,70,,24061,15,4,,1,30,,24060,15,4,,1,71,,24072,15,4,,1,30,,24077,15,4,,1,70,,24080,15,4,,1,30,,24065,15,4,,1,70,,24062,15,4,,1,30,,24074,15,4,,1,70,,24075,15,4,,1,30,,24078,15,4,,1,70,,24068,15,4,,1
11101,'3',628,,24108,15,4,,1,30,,24096,15,4,,1,70,,24094,15,4,,1,30,,24095,15,4,,1,70,,24087,15,4,,1,30,,24091,15,4,,1,70,,24106,15,4,,1,30,,24100,15,4,,1,70,,24102,15,4,,1,30,,24105,15,4,,1,70,,24099,15,4,,1,30,,24088,15,4,,1,70,,24098,15,4,,1,30,,24092,15,4,,1,70,,24089,15,4,,1,30,,24097,15,4,,1,71,,24104,15,4,,1,30,,24103,15,4,,1,70,,24101,15,4,,1,30,,24093,15,4,,1,70,,24085,15,4,,1,30,,24107,15,4,,1,70,,24084,15,4,,1,30,,24086,15,4,,1,70,,24090,15,4,,1
11101,'4',628,,24111,15,4,,1,30,,24122,15,4,,1,70,,24132,15,4,,1,30,,24116,15,4,,1,70,,24123,15,4,,1,30,,24128,15,4,,1,70,,24119,15,4,,1,30,,24125,15,4,,1,70,,24133,15,4,,1,30,,24127,15,4,,1,70,,24113,15,4,,1,30,,24121,15,4,,1,70,,24124,15,4,,1,30,,24130,15,4,,1,70,,24129,15,4,,1,30,,24114,15,4,,1,71,,24118,15,4,,1,30,,24112,15,4,,1,70,,24115,15,4,,1,30,,24126,15,4,,1,70,,24109,15,4,,1,30,,24120,15,4,,1,70,,24110,15,4,,1,30,,24117,15,4,,1,70,,24131,15,4,,1
11101,'5',628,,24134,15,4,,1,30,,24140,15,4,,1,70,,24141,15,4,,1,30,,24137,15,4,,1,70,,24155,15,4,,1,30,,24142,15,4,,1,70,,24138,15,4,,1,30,,24154,15,4,,1,70,,24151,15,4,,1,30,,24156,15,4,,1,70,,24149,15,4,,1,30,,24143,15,4,,1,70,,24146,15,4,,1,30,,24158,15,4,,1,70,,24153,15,4,,1,30,,24145,15,4,,1,71,,24147,15,4,,1,30,,24135,15,4,,1,70,,24148,15,4,,1,30,,24136,15,4,,1,70,,24139,15,4,,1,30,,24152,15,4,,1,70,,24157,15,4,,1,30,,24150,15,4,,1,70,,24144,15,4,,1
11101,'7',628,,24182,15,4,,1,30,,24176,15,4,,1,70,,24161,15,4,,1,30,,24171,15,4,,1,70,,24165,15,4,,1,30,,24180,15,4,,1,70,,24172,15,4,,1,30,,24175,15,4,,1,70,,24179,15,4,,1,30,,24160,15,4,,1,70,,24181,15,4,,1,30,,24164,15,4,,1,70,,24173,15,4,,1,30,,24170,15,4,,1,70,,24178,15,4,,1,30,,24177,15,4,,1,71,,24166,15,4,,1,30,,24163,15,4,,1,70,,24174,15,4,,1,30,,24162,15,4,,1,70,,24159,15,4,,1,30,,24169,15,4,,1,70,,24168,15,4,,1,30,,24167,15,4,,1,70,,24183,15,4,,1
11101,'8',628,,24203,15,4,,1,30,,24197,15,4,,1,70,,24185,15,4,,1,30,,24201,15,4,,1,70,,24190,15,4,,1,30,,24188,15,4,,1,70,,24192,15,4,,1,30,,24198,15,4,,1,70,,24202,15,4,,1,30,,24193,15,4,,1,70,,24184,15,4,,1,30,,24196,15,4,,1,70,,24208,15,4,,1,30,,24207,15,4,,1,70,,24205,15,4,,1,30,,24206,15,4,,1,71,,24187,15,4,,1,30,,24200,15,4,,1,70,,24194,15,4,,1,30,,24186,15,4,,1,70,,24195,15,4,,1,30,,24204,15,4,,1,70,,24191,15,4,,1,30,,24189,15,4,,1,70,,24199,15,4,,1
11101,'9',628,,24209,15,4,,1,30,,24223,15,4,,1,70,,24225,15,4,,1,30,,24224,15,4,,1,70,,24230,15,4,,1,30,,24210,15,4,,1,70,,24212,15,4,,1,30,,24218,15,4,,1,70,,24215,15,4,,1,30,,24221,15,4,,1,70,,24231,15,4,,1,30,,24227,15,4,,1,70,,24226,15,4,,1,30,,24211,15,4,,1,70,,24220,15,4,,1,30,,24216,15,4,,1,71,,24219,15,4,,1,30,,24213,15,4,,1,70,,24222,15,4,,1,30,,24217,15,4,,1,70,,24233,15,4,,1,30,,24228,15,4,,1,70,,24232,15,4,,1,30,,24229,15,4,,1,70,,24214,15,4,,1
11400,'1',630,,25131,1,,,1,100,,25128,1,,,1,100,,25135,1,,,1,100,,25134,1,,,1,100,,25132,1,,,1,100,,25125,1,,,1,100,,25127,1,,,1,100,,25133,1,,,1,100,,25126,1,,,1,100,,25129,1,,,1,100,,25130,1,,,1,100,,17882,1,,,1
11400,'2',630,,25139,1,,,1,100,,25138,1,,,1,100,,25140,1,,,1,100,,25142,1,,,1,100,,18115,1,,,1,100,,25144,1,,,1,100,,25137,1,,,1,100,,25136,1,,,1,100,,25146,1,,,1,100,,25141,1,,,1,100,,25143,1,,,1,100,,25145,1,,,1
11400,'3',630,,25147,1,,,1,100,,25154,1,,,1,100,,25158,1,,,1,100,,25149,1,,,1,100,,25153,1,,,1,100,,25152,1,,,1,100,,25157,1,,,1,100,,25156,1,,,1,100,,25148,1,,,1,100,,25155,1,,,1,100,,25151,1,,,1,100,,25150,1,,,1
11400,'4',630,,25165,1,,,1,100,,25160,1,,,1,100,,25166,1,,,1,100,,25169,1,,,1,100,,25168,1,,,1,100,,25161,1,,,1,100,,25162,1,,,1,100,,25159,1,,,1,100,,25167,1,,,1,100,,25164,1,,,1,100,,25170,1,,,1,100,,25163,1,,,1
11400,'5',630,,25174,1,,,1,100,,25175,1,,,1,100,,25180,1,,,1,100,,25172,1,,,1,100,,25176,1,,,1,100,,25177,1,,,1,100,,25182,1,,,1,100,,25179,1,,,1,100,,25171,1,,,1,100,,25173,1,,,1,100,,25178,1,,,1,100,,25181,1,,,1
11400,'7',630,,25193,1,,,1,100,,25190,1,,,1,100,,25189,1,,,1,100,,25184,1,,,1,100,,25183,1,,,1,100,,25188,1,,,1,100,,25192,1,,,1,100,,25186,1,,,1,100,,25185,1,,,1,100,,25194,1,,,1,100,,25187,1,,,1,100,,25191,1,,,1
11400,'8',630,,25202,1,,,1,100,,25201,1,,,1,100,,25199,1,,,1,100,,25206,1,,,1,100,,25197,1,,,1,100,,25196,1,,,1,100,,25205,1,,,1,100,,25203,1,,,1,100,,25195,1,,,1,100,,25198,1,,,1,100,,25200,1,,,1,100,,25204,1,,,1
11400,'9',630,,25213,1,,,1,100,,25218,1,,,1,100,,25208,1,,,1,100,,25217,1,,,1,100,,25211,1,,,1,100,,25214,1,,,1,100,,25215,1,,,1,100,,25212,1,,,1,100,,25207,1,,,1,100,,25216,1,,,1,100,,25210,1,,,1,100,,25209,1,,,1
11401,'1',656,,25223,34,4,,1,100,,25228,34,4,,1,100,,25220,34,4,,1,100,,25219,34,4,,1,100,,25230,34,4,,1,100,,25227,34,4,,1,100,,25226,34,4,,1,100,,25225,34,4,,1,100,,25229,34,4,,1,100,,25222,34,4,,1,100,,25224,34,4,,1,100,,25221,34,4,,1
11401,'2',656,,25242,34,4,,1,100,,25234,34,4,,1,100,,25240,34,4,,1,100,,25232,34,4,,1,100,,25238,34,4,,1,100,,25239,34,4,,1,100,,25233,34,4,,1,100,,25236,34,4,,1,100,,25231,34,4,,1,100,,25235,34,4,,1,100,,25237,34,4,,1,100,,25241,34,4,,1
11401,'3',656,,25245,34,4,,1,100,,25247,34,4,,1,100,,25243,34,4,,1,100,,25248,34,4,,1,100,,25251,34,4,,1,100,,25254,34,4,,1,100,,25250,34,4,,1,100,,25252,34,4,,1,100,,25253,34,4,,1,100,,25244,34,4,,1,100,,25246,34,4,,1,100,,25249,34,4,,1
11401,'4',656,,25256,34,4,,1,100,,25257,34,4,,1,100,,25261,34,4,,1,100,,25258,34,4,,1,100,,25255,34,4,,1,100,,25263,34,4,,1,100,,25264,34,4,,1,100,,25262,34,4,,1,100,,25260,34,4,,1,100,,25265,34,4,,1,100,,25259,34,4,,1,100,,25266,34,4,,1
11401,'5',656,,25270,34,4,,1,100,,25273,34,4,,1,100,,25271,34,4,,1,100,,25275,34,4,,1,100,,25277,34,4,,1,100,,25272,34,4,,1,100,,25274,34,4,,1,100,,25268,34,4,,1,100,,25278,34,4,,1,100,,25267,34,4,,1,100,,25276,34,4,,1,100,,25269,34,4,,1
11401,'7',656,,25280,34,4,,1,100,,25283,34,4,,1,100,,25286,34,4,,1,100,,25290,34,4,,1,100,,25289,34,4,,1,100,,25287,34,4,,1,100,,25282,34,4,,1,100,,25285,34,4,,1,100,,25281,34,4,,1,100,,25279,34,4,,1,100,,25288,34,4,,1,100,,25284,34,4,,1
11401,'8',656,,25299,34,4,,1,100,,25298,34,4,,1,100,,25301,34,4,,1,100,,25292,34,4,,1,100,,25295,34,4,,1,100,,25294,34,4,,1,100,,25302,34,4,,1,100,,25300,34,4,,1,100,,25291,34,4,,1,100,,25296,34,4,,1,100,,25297,34,4,,1,100,,25293,34,4,,1
11401,'9',656,,25312,34,4,,1,100,,25308,34,4,,1,100,,25305,34,4,,1,100,,25314,34,4,,1,100,,25310,34,4,,1,100,,25307,34,4,,1,100,,25304,34,4,,1,100,,25306,34,4,,1,100,,25309,34,4,,1,100,,25311,34,4,,1,100,,25303,34,4,,1,100,,25313,34,4,,1
11500,'1',708,,25320,11,4,,1,30,,25326,11,4,,1,70,,25315,11,4,,1,30,,25316,11,4,,1,70,,25325,11,4,,1,30,,25332,11,4,,1,70,,25328,11,4,,1,100,,25327,11,4,,1,100,,25319,11,4,,1,100,,25323,11,4,,1,100,,25322,11,4,,1,100,,25330,11,4,,1,30,,25331,11,4,,1,70,,25318,11,4,,1,30,,25321,11,4,,1,70,,25324,11,4,,1,30,,25317,11,4,,1,70,,25329,11,4,,1
11500,'2',708,,25349,11,4,,1,30,,25334,11,4,,1,70,,25338,11,4,,1,30,,25347,11,4,,1,70,,25335,11,4,,1,30,,25336,11,4,,1,70,,25339,11,4,,1,100,,25333,11,4,,1,100,,25343,11,4,,1,100,,25341,11,4,,1,100,,25337,11,4,,1,100,,25344,11,4,,1,30,,25346,11,4,,1,70,,25348,11,4,,1,30,,25340,11,4,,1,70,,25342,11,4,,1,30,,25345,11,4,,1,70,,25350,11,4,,1
11500,'3',708,,25367,11,4,,1,30,,25365,11,4,,1,70,,25357,11,4,,1,30,,25362,11,4,,1,70,,25352,11,4,,1,30,,25354,11,4,,1,70,,25366,11,4,,1,100,,25359,11,4,,1,100,,25368,11,4,,1,100,,25360,11,4,,1,100,,25364,11,4,,1,100,,25358,11,4,,1,30,,25363,11,4,,1,70,,25355,11,4,,1,30,,25353,11,4,,1,70,,25351,11,4,,1,30,,25361,11,4,,1,70,,25356,11,4,,1
11500,'4',708,,25373,11,4,,1,30,,25369,11,4,,1,70,,25384,11,4,,1,30,,25383,11,4,,1,70,,25374,11,4,,1,30,,25380,11,4,,1,70,,25386,11,4,,1,100,,25376,11,4,,1,100,,25372,11,4,,1,100,,25378,11,4,,1,100,,25385,11,4,,1,100,,25375,11,4,,1,30,,25371,11,4,,1,70,,25379,11,4,,1,30,,25370,11,4,,1,70,,25381,11,4,,1,30,,25382,11,4,,1,70,,25377,11,4,,1
11500,'5',708,,25393,11,4,,1,30,,25402,11,4,,1,70,,25394,11,4,,1,30,,25392,11,4,,1,70,,25400,11,4,,1,30,,25390,11,4,,1,70,,25391,11,4,,1,100,,25389,11,4,,1,100,,25404,11,4,,1,100,,25395,11,4,,1,100,,25397,11,4,,1,100,,25387,11,4,,1,30,,25399,11,4,,1,70,,25403,11,4,,1,30,,25401,11,4,,1,70,,25396,11,4,,1,30,,25388,11,4,,1,70,,25398,11,4,,1
11500,'7',708,,25418,11,4,,1,30,,25420,11,4,,1,70,,25408,11,4,,1,30,,25419,11,4,,1,70,,25421,11,4,,1,30,,25412,11,4,,1,70,,25422,11,4,,1,100,,25414,11,4,,1,100,,25405,11,4,,1,100,,25411,11,4,,1,100,,25410,11,4,,1,100,,25406,11,4,,1,30,,25413,11,4,,1,70,,25415,11,4,,1,30,,25416,11,4,,1,70,,25417,11,4,,1,30,,25409,11,4,,1,70,,25407,11,4,,1
11500,'8',708,,25427,11,4,,1,30,,25438,11,4,,1,70,,25425,11,4,,1,30,,25434,11,4,,1,70,,25429,11,4,,1,30,,25433,11,4,,1,70,,25440,11,4,,1,100,,25435,11,4,,1,100,,25437,11,4,,1,100,,25432,11,4,,1,100,,25436,11,4,,1,100,,25424,11,4,,1,30,,25426,11,4,,1,70,,25431,11,4,,1,30,,25428,11,4,,1,70,,25430,11,4,,1,30,,25439,11,4,,1,70,,25423,11,4,,1
11500,'9',708,,25456,11,4,,1,30,,25454,11,4,,1,70,,25441,11,4,,1,30,,25445,11,4,,1,70,,25458,11,4,,1,30,,25449,11,4,,1,70,,25446,11,4,,1,100,,25452,11,4,,1,100,,25443,11,4,,1,100,,25447,11,4,,1,100,,25451,11,4,,1,100,,25450,11,4,,1,30,,25444,11,4,,1,70,,25457,11,4,,1,30,,25453,11,4,,1,70,,25455,11,4,,1,30,,25442,11,4,,1,70,,25448,11,4,,1
11501,'1',715,,25465,1,,,1,30,,25492,1,,,1,70,,18790,1,,,1,30,,25476,1,,,1,70,,25460,1,,,1,30,,25483,1,,,1,70,,25473,1,,,1,100,,25487,1,,,1,100,,25466,1,,,1,100,,25488,1,,,1,100,,25475,1,,,1,100,,25478,1,,,1,30,,25489,1,,,1,70,,25480,1,,,1,30,,25463,1,,,1,70,,25472,1,,,1,30,,25495,1,,,1,70,,25482,1,,,1
11501,'2',715,,25515,1,,,1,30,,25528,1,,,1,70,,16761,1,,,1,30,,25532,1,,,1,70,,25526,1,,,1,30,,25503,1,,,1,70,,25512,1,,,1,100,,25521,1,,,1,100,,25529,1,,,1,100,,18354,1,,,1,100,,25505,1,,,1,100,,25498,1,,,1,30,,25497,1,,,1,70,,25525,1,,,1,30,,25507,1,,,1,70,,25517,1,,,1,30,,25520,1,,,1,70,,25506,1,,,1
11501,'3',715,,25548,1,,,1,30,,25536,1,,,1,70,,25542,1,,,1,30,,25549,1,,,1,70,,25571,1,,,1,30,,25535,1,,,1,70,,25555,1,,,1,100,,25538,1,,,1,100,,25550,1,,,1,100,,25554,1,,,1,100,,25566,1,,,1,100,,25539,1,,,1,30,,25559,1,,,1,70,,25540,1,,,1,30,,25561,1,,,1,70,,25551,1,,,1,30,,25543,1,,,1,70,,25537,1,,,1
11501,'4',715,,25604,1,,,1,30,,25611,1,,,1,70,,25582,1,,,1,30,,25578,1,,,1,70,,25596,1,,,1,30,,25580,1,,,1,70,,25591,1,,,1,100,,25585,1,,,1,100,,25601,1,,,1,100,,25593,1,,,1,100,,25586,1,,,1,100,,25605,1,,,1,30,,25603,1,,,1,70,,25589,1,,,1,30,,25576,1,,,1,70,,25606,1,,,1,30,,25583,1,,,1,70,,25581,1,,,1
11501,'5',715,,25623,1,,,1,30,,25614,1,,,1,70,,25616,1,,,1,30,,25632,1,,,1,70,,25631,1,,,1,30,,25627,1,,,1,70,,25621,1,,,1,100,,25641,1,,,1,100,,25620,1,,,1,100,,25635,1,,,1,100,,25650,1,,,1,100,,25626,1,,,1,30,,25642,1,,,1,70,,25648,1,,,1,30,,25640,1,,,1,70,,25617,1,,,1,30,,25646,1,,,1,70,,25639,1,,,1
11501,'7',715,,25656,1,,,1,30,,25672,1,,,1,70,,25683,1,,,1,30,,25665,1,,,1,70,,25668,1,,,1,30,,25669,1,,,1,70,,25651,1,,,1,100,,25686,1,,,1,100,,25653,1,,,1,100,,25688,1,,,1,100,,25657,1,,,1,100,,25685,1,,,1,30,,25684,1,,,1,70,,25662,1,,,1,30,,25687,1,,,1,70,,25673,1,,,1,30,,25664,1,,,1,70,,25655,1,,,1
11501,'8',715,,25712,1,,,1,30,,25716,1,,,1,70,,25708,1,,,1,30,,25698,1,,,1,70,,25694,1,,,1,30,,25728,1,,,1,70,,25693,1,,,1,100,,25720,1,,,1,100,,25722,1,,,1,100,,25703,1,,,1,100,,25714,1,,,1,100,,25707,1,,,1,30,,25697,1,,,1,70,,25699,1,,,1,30,,25727,1,,,1,70,,25719,1,,,1,30,,25724,1,,,1,70,,25691,1,,,1
11501,'9',715,,25736,1,,,1,30,,25732,1,,,1,70,,25752,1,,,1,30,,25748,1,,,1,70,,25746,1,,,1,30,,25737,1,,,1,70,,25733,1,,,1,100,,25767,1,,,1,100,,25747,1,,,1,100,,25750,1,,,1,100,,25743,1,,,1,100,,25734,1,,,1,30,,25744,1,,,1,70,,25739,1,,,1,30,,25763,1,,,1,70,,25757,1,,,1,30,,25754,1,,,1,70,,25766,1,,,1
20900,'1',1900,,27952,1,,,1,100,,27946,1,,,1,100,,27942,1,,,1,100,,27944,1,,,1
20900,'10',800,,27970,1,,,1,100,,27962,1,,,1,100,,27961,1,,,1,100,,27963,1,,,1,100,,27983,1,,,1,100,,27988,1,,,1,100,,27973,1,,,1,100,,27969,1,,,1,100,,27954,1,,,1,100,,27984,1,,,1,100,,27989,1,,,1,100,,27966,1,,,1,100,,27991,1,,,1
20900,'11',800,,28026,1,,,1,100,,28030,1,,,1,100,,28001,1,,,1,100,,28034,1,,,1,100,,28019,1,,,1,100,,27995,1,,,1,100,,28005,1,,,1,100,,27998,1,,,1,100,,28003,1,,,1,100,,28014,1,,,1,100,,28025,1,,,1,100,,28010,1,,,1,100,,28023,1,,,1
20900,'2',1900,,28040,1,,,1,100,,28048,1,,,1,100,,28035,1,,,1,100,,28038,1,,,1
20900,'3',1900,,28053,1,,,1,100,,28051,1,,,1,100,,28052,1,,,1,100,,28049,1,,,1
20900,'4',1900,,28071,1,,,1,100,,28074,1,,,1,100,,28065,1,,,1,100,,28070,1,,,1
20900,'5',1900,,28085,1,,,1,100,,28087,1,,,1,100,,28083,1,,,1,100,,28090,1,,,1
20900,'6',800,,28118,1,,,1,100,,28099,1,,,1,100,,28131,1,,,1,100,,28092,1,,,1,100,,28113,1,,,1,100,,28119,1,,,1,100,,28105,1,,,1,100,,28100,1,,,1,100,,28130,1,,,1,100,,28098,1,,,1,100,,28106,1,,,1,100,,28120,1,,,1,100,,28121,1,,,1
20900,'7',1900,,28132,1,,,1,100,,28135,1,,,1,100,,28145,1,,,1,100,,28137,1,,,1
20900,'8',1900,,28147,1,,,1,100,,28151,1,,,1,100,,28157,1,,,1,100,,28154,1,,,1
20900,'9',1900,,28173,1,,,1,100,,28163,1,,,1,100,,28168,1,,,1,100,,28165,1,,,1
20901,'1',1822,,28175,10,4,,1,100,,28178,10,4,,1,100,,28182,10,4,,1,100,,28179,10,4,,1,100,,28180,10,4,,1
20901,'10',722,,28191,10,4,,1,100,,28208,10,4,,1,100,,28198,10,4,,1,100,,28187,10,4,,1,100,,28184,10,4,,1,100,,28205,10,4,,1,100,,28185,10,4,,1,100,,28210,10,4,,1,100,,28197,10,4,,1,100,,28194,10,4,,1,100,,28193,10,4,,1,100,,28209,10,4,,1,100,,28188,10,4,,1,100,,28195,10,4,,1
20901,'11',722,,28213,10,4,,1,100,,28237,10,4,,1,100,,28223,10,4,,1,100,,28217,10,4,,1,100,,28235,10,4,,1,100,,28227,10,4,,1,100,,28214,10,4,,1,100,,28212,10,4,,1,100,,28233,10,4,,1,100,,28221,10,4,,1,100,,28238,10,4,,1,100,,28228,10,4,,1,100,,28230,10,4,,1,100,,28220,10,4,,1
20901,'2',1822,,28246,10,4,,1,100,,28241,10,4,,1,100,,28245,10,4,,1,100,,28240,10,4,,1,100,,28248,10,4,,1
20901,'3',1822,,28258,10,4,,1,100,,28253,10,4,,1,100,,28254,10,4,,1,100,,28252,10,4,,1,100,,28251,10,4,,1
20901,'4',1822,,28266,10,4,,1,100,,28267,10,4,,1,100,,28260,10,4,,1,100,,28268,10,4,,1,100,,28261,10,4,,1
20901,'5',1822,,28274,10,4,,1,100,,28277,10,4,,1,100,,28271,10,4,,1,100,,28269,10,4,,1,100,,28270,10,4,,1
20901,'6',722,,28300,10,4,,1,100,,28293,10,4,,1,100,,28291,10,4,,1,100,,28279,10,4,,1,100,,28306,10,4,,1,100,,28303,10,4,,1,100,,28288,10,4,,1,100,,28298,10,4,,1,100,,28285,10,4,,1,100,,28294,10,4,,1,100,,28287,10,4,,1,100,,28304,10,4,,1,100,,28289,10,4,,1,100,,28281,10,4,,1
20901,'7',1822,,28311,10,4,,1,100,,28314,10,4,,1,100,,28307,10,4,,1,100,,28312,10,4,,1,100,,28309,10,4,,1
20901,'8',1822,,28318,10,4,,1,100,,28325,10,4,,1,100,,28320,10,4,,1,100,,28319,10,4,,1,100,,28324,10,4,,1
20901,'9',1822,,28330,10,4,,1,100,,28333,10,4,,1,100,,28331,10,4,,1,100,,28336,10,4,,1,100,,28334,10,4,,1
21000,'1',1912,,28340,11,4,,1,30,,28339,11,4,,1,70,,28344,11,4,,1,30,,28341,11,4,,1,70,,28342,11,4,,1,30,,28343,11,4,,1,70,,28338,11,4,,1,30,,28337,11,4,,1,70,,18348,11,4,,1
21000,'10',742,,28364,11,4,,1,70,,28349,11,4,,1,30,,28351,11,4,,1,70,,28370,11,4,,1,30,,28354,11,4,,1,70,,28353,11,4,,1,30,,28371,11,4,,1,70,,28368,11,4,,1,30,,28360,11,4,,1,70,,28365,11,4,,1,30,,28347,11,4,,1,70,,28352,11,4,,1,30,,28345,11,4,,1,70,,28361,11,4,,1,30,,28362,11,4,,1,70,,28357,11,4,,1,30,,28359,11,4,,1,70,,28356,11,4,,1,30,,28350,11,4,,1,70,,28346,11,4,,1,30,,28358,11,4,,1,70,,28367,11,4,,1,30,,28369,11,4,,1,70,,28366,11,4,,1,30,,28363,11,4,,1,70,,28355,11,4,,1,30,,28348,11,4,,1
21000,'11',742,,28374,11,4,,1,70,,28395,11,4,,1,30,,28397,11,4,,1,70,,28388,11,4,,1,30,,28389,11,4,,1,70,,28372,11,4,,1,30,,28387,11,4,,1,70,,28396,11,4,,1,30,,28375,11,4,,1,70,,28392,11,4,,1,30,,28391,11,4,,1,70,,28385,11,4,,1,30,,28398,11,4,,1,70,,28384,11,4,,1,30,,28394,11,4,,1,70,,28383,11,4,,1,30,,28377,11,4,,1,70,,28380,11,4,,1,30,,28373,11,4,,1,70,,28376,11,4,,1,30,,28386,11,4,,1,70,,28379,11,4,,1,30,,28378,11,4,,1,70,,28382,11,4,,1,30,,28381,11,4,,1,70,,28393,11,4,,1,30,,28390,11,4,,1
21000,'2',1912,,18174,11,4,,1,30,,28401,11,4,,1,70,,28399,11,4,,1,30,,28402,11,4,,1,70,,28405,11,4,,1,30,,28400,11,4,,1,70,,28403,11,4,,1,30,,28404,11,4,,1,70,,28406,11,4,,1
21000,'3',1912,,28411,11,4,,1,30,,28408,11,4,,1,70,,28410,11,4,,1,30,,28412,11,4,,1,70,,28414,11,4,,1,30,,28415,11,4,,1,70,,28407,11,4,,1,30,,28413,11,4,,1,70,,28409,11,4,,1
21000,'4',1912,,28422,11,4,,1,30,,28420,11,4,,1,70,,28421,11,4,,1,30,,28416,11,4,,1,70,,28417,11,4,,1,30,,28424,11,4,,1,70,,28418,11,4,,1,30,,28419,11,4,,1,70,,28423,11,4,,1
21000,'5',1912,,28431,11,4,,1,30,,28433,11,4,,1,70,,28428,11,4,,1,30,,28427,11,4,,1,70,,28425,11,4,,1,30,,28430,11,4,,1,70,,28426,11,4,,1,30,,28429,11,4,,1,70,,28432,11,4,,1
21000,'6',742,,28446,11,4,,1,70,,28437,11,4,,1,30,,28458,11,4,,1,70,,28443,11,4,,1,30,,28457,11,4,,1,70,,28435,11,4,,1,30,,28434,11,4,,1,70,,28440,11,4,,1,30,,28444,11,4,,1,70,,28438,11,4,,1,30,,28455,11,4,,1,70,,28436,11,4,,1,30,,28450,11,4,,1,70,,28453,11,4,,1,30,,28451,11,4,,1,70,,28456,11,4,,1,30,,28448,11,4,,1,70,,28447,11,4,,1,30,,28441,11,4,,1,70,,28454,11,4,,1,30,,28449,11,4,,1,70,,28445,11,4,,1,30,,28442,11,4,,1,70,,28439,11,4,,1,30,,28460,11,4,,1,70,,28452,11,4,,1,30,,28459,11,4,,1
21000,'7',1912,,28462,11,4,,1,30,,28463,11,4,,1,70,,28467,11,4,,1,30,,28465,11,4,,1,70,,28461,11,4,,1,30,,28468,11,4,,1,70,,28464,11,4,,1,30,,28469,11,4,,1,70,,28466,11,4,,1
21000,'8',1912,,28478,11,4,,1,30,,28470,11,4,,1,70,,28476,11,4,,1,30,,28471,11,4,,1,70,,28475,11,4,,1,30,,28477,11,4,,1,70,,28473,11,4,,1,30,,28472,11,4,,1,70,,28474,11,4,,1
21000,'9',1912,,28486,11,4,,1,30,,28483,11,4,,1,70,,28479,11,4,,1,30,,28485,11,4,,1,70,,28484,11,4,,1,30,,28480,11,4,,1,70,,28481,11,4,,1,30,,28482,11,4,,1,70,,28487,11,4,,1
21001,'1',1845,,28496,1,,,1,70,,28488,1,,,1,30,,28495,1,,,1,70,,28490,1,,,1,30,,28491,1,,,1,70,,28489,1,,,1,30,,28497,1,,,1,70,,28493,1,,,1,30,,28492,1,,,1,70,,28494,1,,,1
21001,'10',715,,28506,1,,,1,30,,28522,1,,,1,70,,28503,1,,,1,30,,28518,1,,,1,70,,28514,1,,,1,30,,28507,1,,,1,70,,28510,1,,,1,30,,28512,1,,,1,70,,28498,1,,,1,30,,28521,1,,,1,70,,28523,1,,,1,30,,28513,1,,,1,70,,28517,1,,,1,30,,28500,1,,,1,70,,28515,1,,,1,30,,28516,1,,,1,70,,28520,1,,,1,30,,28505,1,,,1,70,,28501,1,,,1,30,,28508,1,,,1,70,,28504,1,,,1,30,,28519,1,,,1,70,,28524,1,,,1,30,,28499,1,,,1,70,,28511,1,,,1,30,,28509,1,,,1,70,,28502,1,,,1,30,,19132,1,,,1
21001,'11',715,,28539,1,,,1,30,,28530,1,,,1,70,,28537,1,,,1,30,,28540,1,,,1,70,,28527,1,,,1,30,,28532,1,,,1,70,,28552,1,,,1,30,,28542,1,,,1,70,,28546,1,,,1,30,,28534,1,,,1,70,,28525,1,,,1,30,,28549,1,,,1,70,,28538,1,,,1,30,,28544,1,,,1,70,,28541,1,,,1,30,,28551,1,,,1,70,,28543,1,,,1,30,,28550,1,,,1,70,,28547,1,,,1,30,,28533,1,,,1,70,,28529,1,,,1,30,,28526,1,,,1,70,,28545,1,,,1,30,,28536,1,,,1,70,,28528,1,,,1,30,,28535,1,,,1,70,,28548,1,,,1,30,,28531,1,,,1
21001,'2',1845,,28557,1,,,1,70,,28553,1,,,1,30,,28559,1,,,1,70,,28562,1,,,1,30,,28556,1,,,1,70,,28555,1,,,1,30,,28560,1,,,1,70,,28558,1,,,1,30,,28554,1,,,1,70,,28561,1,,,1
21001,'3',1845,,28563,1,,,1,70,,28566,1,,,1,30,,28571,1,,,1,70,,28569,1,,,1,30,,28567,1,,,1,70,,28565,1,,,1,30,,28572,1,,,1,70,,28570,1,,,1,30,,28564,1,,,1,70,,28568,1,,,1
21001,'4',1845,,28577,1,,,1,70,,28574,1,,,1,30,,28573,1,,,1,70,,28581,1,,,1,30,,28576,1,,,1,70,,28579,1,,,1,30,,28582,1,,,1,70,,28578,1,,,1,30,,28575,1,,,1,70,,28580,1,,,1
21001,'5',1845,,28590,1,,,1,70,,28584,1,,,1,30,,28591,1,,,1,70,,28583,1,,,1,30,,28587,1,,,1,70,,28586,1,,,1,30,,28589,1,,,1,70,,28588,1,,,1,30,,28592,1,,,1,70,,28585,1,,,1
21001,'6',715,,28596,1,,,1,30,,28620,1,,,1,70,,28594,1,,,1,30,,28595,1,,,1,70,,28614,1,,,1,30,,28603,1,,,1,70,,28605,1,,,1,30,,28598,1,,,1,70,,28609,1,,,1,30,,28617,1,,,1,70,,28613,1,,,1,30,,28597,1,,,1,70,,28612,1,,,1,30,,28607,1,,,1,70,,28606,1,,,1,30,,28602,1,,,1,70,,28610,1,,,1,30,,28608,1,,,1,70,,28616,1,,,1,30,,28599,1,,,1,70,,28593,1,,,1,30,,28600,1,,,1,70,,28618,1,,,1,30,,28611,1,,,1,70,,28601,1,,,1,30,,28615,1,,,1,70,,28619,1,,,1,30,,28604,1,,,1
21001,'7',1845,,28623,1,,,1,70,,28628,1,,,1,30,,28625,1,,,1,70,,28629,1,,,1,30,,28630,1,,,1,70,,28621,1,,,1,30,,28627,1,,,1,70,,28622,1,,,1,30,,28626,1,,,1,70,,28624,1,,,1
21001,'8',1845,,28640,1,,,1,70,,28631,1,,,1,30,,28639,1,,,1,70,,28632,1,,,1,30,,28635,1,,,1,70,,28633,1,,,1,30,,28637,1,,,1,70,,28634,1,,,1,30,,28638,1,,,1,70,,28636,1,,,1
21001,'9',1845,,28648,1,,,1,70,,28645,1,,,1,30,,28643,1,,,1,70,,28646,1,,,1,30,,28641,1,,,1,70,,28650,1,,,1,30,,28644,1,,,1,70,,28647,1,,,1,30,,28642,1,,,1,70,,28649,1,,,1
21100,'1',1900,,28653,1,,,1,30,,28657,1,,,1,70,,28658,1,,,1,30,,18236,1,,,1,70,,28652,1,,,1,30,,28651,1,,,1,70,,28656,1,,,1,30,,28655,1,,,1,70,,28654,1,,,1
21100,'10',730,,28668,1,,,1,70,,28660,1,,,1,30,,28665,1,,,1,70,,28680,1,,,1,30,,28671,1,,,1,70,,28669,1,,,1,30,,28672,1,,,1,70,,19674,1,,,1,30,,28679,1,,,1,70,,28682,1,,,1,30,,28664,1,,,1,70,,28674,1,,,1,30,,28661,1,,,1,70,,28662,1,,,1,30,,28676,1,,,1,70,,28675,1,,,1,30,,28681,1,,,1,70,,28673,1,,,1,30,,28670,1,,,1,70,,28667,1,,,1,30,,28677,1,,,1,70,,28683,1,,,1,30,,19537,1,,,1,70,,28659,1,,,1,30,,28663,1,,,1,70,,28666,1,,,1,30,,28678,1,,,1
21100,'11',730,,28685,1,,,1,70,,28698,1,,,1,30,,28696,1,,,1,70,,28703,1,,,1,30,,28707,1,,,1,70,,28693,1,,,1,30,,28697,1,,,1,70,,28686,1,,,1,30,,28691,1,,,1,70,,28709,1,,,1,30,,28702,1,,,1,70,,28689,1,,,1,30,,28694,1,,,1,70,,28688,1,,,1,30,,28700,1,,,1,70,,28684,1,,,1,30,,28687,1,,,1,70,,28701,1,,,1,30,,28695,1,,,1,70,,28690,1,,,1,30,,28710,1,,,1,70,,28699,1,,,1,30,,28706,1,,,1,70,,28704,1,,,1,30,,28705,1,,,1,70,,28708,1,,,1,30,,28692,1,,,1
21100,'2',1900,,28716,1,,,1,30,,28718,1,,,1,70,,28719,1,,,1,30,,28711,1,,,1,70,,28712,1,,,1,30,,28715,1,,,1,70,,28717,1,,,1,30,,28714,1,,,1,70,,28713,1,,,1
21100,'3',1900,,28727,1,,,1,30,,28728,1,,,1,70,,28721,1,,,1,30,,28724,1,,,1,70,,28723,1,,,1,30,,28725,1,,,1,70,,28720,1,,,1,30,,28726,1,,,1,70,,28722,1,,,1
21100,'4',1900,,28729,1,,,1,30,,28731,1,,,1,70,,28732,1,,,1,30,,28734,1,,,1,70,,28730,1,,,1,30,,28733,1,,,1,70,,28736,1,,,1,30,,28735,1,,,1,70,,28737,1,,,1
21100,'5',1900,,28742,1,,,1,30,,28739,1,,,1,70,,28745,1,,,1,30,,28740,1,,,1,70,,28744,1,,,1,30,,28738,1,,,1,70,,28741,1,,,1,30,,28743,1,,,1,70,,28746,1,,,1
21100,'6',730,,28772,1,,,1,70,,28760,1,,,1,30,,28753,1,,,1,70,,28769,1,,,1,30,,28762,1,,,1,70,,28767,1,,,1,30,,28757,1,,,1,70,,28768,1,,,1,30,,28750,1,,,1,70,,28765,1,,,1,30,,28761,1,,,1,70,,28771,1,,,1,30,,28763,1,,,1,70,,28770,1,,,1,30,,28756,1,,,1,70,,28755,1,,,1,30,,28749,1,,,1,70,,28752,1,,,1,30,,28759,1,,,1,70,,28764,1,,,1,30,,28766,1,,,1,70,,28773,1,,,1,30,,28758,1,,,1,70,,28748,1,,,1,30,,28754,1,,,1,70,,28751,1,,,1,30,,28747,1,,,1
21100,'7',1900,,28777,1,,,1,30,,28782,1,,,1,70,,28780,1,,,1,30,,28779,1,,,1,70,,28775,1,,,1,30,,28774,1,,,1,70,,28778,1,,,1,30,,28776,1,,,1,70,,28781,1,,,1
21100,'8',1900,,28786,1,,,1,30,,28787,1,,,1,70,,28790,1,,,1,30,,28789,1,,,1,70,,28788,1,,,1,30,,28791,1,,,1,70,,28784,1,,,1,30,,28783,1,,,1,70,,28785,1,,,1
21100,'9',1900,,28792,1,,,1,30,,28796,1,,,1,70,,28795,1,,,1,30,,28798,1,,,1,70,,28799,1,,,1,30,,28794,1,,,1,70,,28800,1,,,1,30,,28797,1,,,1,70,,28793,1,,,1
21101,'1',1858,,28806,15,4,,1,70,,28803,15,4,,1,30,,28805,15,4,,1,70,,28804,15,4,,1,30,,28808,15,4,,1,70,,28802,15,4,,1,30,,28801,15,4,,1,70,,28809,15,4,,1,30,,28807,15,4,,1
21101,'10',728,,28819,15,4,,1,30,,28825,15,4,,1,70,,28829,15,4,,1,30,,28828,15,4,,1,70,,28826,15,4,,1,30,,28817,15,4,,1,70,,28836,15,4,,1,30,,28813,15,4,,1,70,,28822,15,4,,1,30,,28823,15,4,,1,70,,28827,15,4,,1,30,,28833,15,4,,1,70,,28811,15,4,,1,30,,28815,15,4,,1,70,,28824,15,4,,1,30,,28835,15,4,,1,70,,28816,15,4,,1,30,,28810,15,4,,1,70,,28812,15,4,,1,30,,28814,15,4,,1,70,,28832,15,4,,1,30,,28821,15,4,,1,70,,28831,15,4,,1,30,,28818,15,4,,1,70,,28830,15,4,,1,30,,28834,15,4,,1,70,,28820,15,4,,1
21101,'11',728,,28853,15,4,,1,30,,28854,15,4,,1,70,,28845,15,4,,1,30,,28838,15,4,,1,70,,28837,15,4,,1,30,,28861,15,4,,1,70,,28841,15,4,,1,30,,28843,15,4,,1,70,,28860,15,4,,1,30,,28863,15,4,,1,70,,28840,15,4,,1,30,,28852,15,4,,1,70,,28848,15,4,,1,30,,28839,15,4,,1,70,,28858,15,4,,1,30,,28857,15,4,,1,70,,28850,15,4,,1,30,,28846,15,4,,1,70,,28851,15,4,,1,30,,28842,15,4,,1,70,,28859,15,4,,1,30,,28856,15,4,,1,70,,28844,15,4,,1,30,,28855,15,4,,1,70,,28862,15,4,,1,30,,28847,15,4,,1,70,,28849,15,4,,1
21101,'2',1858,,28870,15,4,,1,70,,28866,15,4,,1,30,,28868,15,4,,1,70,,28871,15,4,,1,30,,28864,15,4,,1,70,,28865,15,4,,1,30,,28867,15,4,,1,70,,28869,15,4,,1,30,,28872,15,4,,1
21101,'3',1858,,28880,15,4,,1,70,,28873,15,4,,1,30,,28881,15,4,,1,70,,28877,15,4,,1,30,,28878,15,4,,1,70,,28874,15,4,,1,30,,28875,15,4,,1,70,,28876,15,4,,1,30,,28879,15,4,,1
21101,'4',1858,,28885,15,4,,1,70,,28886,15,4,,1,30,,28884,15,4,,1,70,,28887,15,4,,1,30,,28883,15,4,,1,70,,28882,15,4,,1,30,,28888,15,4,,1,70,,28889,15,4,,1,30,,28890,15,4,,1
21101,'5',1858,,28893,15,4,,1,70,,28891,15,4,,1,30,,28894,15,4,,1,70,,28896,15,4,,1,30,,28892,15,4,,1,70,,28899,15,4,,1,30,,28895,15,4,,1,70,,28898,15,4,,1,30,,28897,15,4,,1
21101,'6',728,,28919,15,4,,1,30,,28913,15,4,,1,70,,28903,15,4,,1,30,,28909,15,4,,1,70,,28900,15,4,,1,30,,28905,15,4,,1,70,,28926,15,4,,1,30,,28904,15,4,,1,70,,28901,15,4,,1,30,,28915,15,4,,1,70,,28923,15,4,,1,30,,28916,15,4,,1,70,,28920,15,4,,1,30,,28924,15,4,,1,70,,28911,15,4,,1,30,,28918,15,4,,1,70,,28907,15,4,,1,30,,28921,15,4,,1,70,,28914,15,4,,1,30,,28902,15,4,,1,70,,28925,15,4,,1,30,,28922,15,4,,1,70,,28910,15,4,,1,30,,28917,15,4,,1,70,,28908,15,4,,1,30,,28912,15,4,,1,70,,28906,15,4,,1
21101,'7',1858,,28933,15,4,,1,70,,28934,15,4,,1,30,,28930,15,4,,1,70,,28928,15,4,,1,30,,28932,15,4,,1,70,,28935,15,4,,1,30,,28931,15,4,,1,70,,28929,15,4,,1,30,,28927,15,4,,1
21101,'8',1858,,28940,15,4,,1,70,,28937,15,4,,1,30,,28941,15,4,,1,70,,28943,15,4,,1,30,,28939,15,4,,1,70,,28938,15,4,,1,30,,28944,15,4,,1,70,,28936,15,4,,1,30,,28942,15,4,,1
21101,'9',1858,,28946,15,4,,1,70,,28953,15,4,,1,30,,28952,15,4,,1,70,,28950,15,4,,1,30,,28948,15,4,,1,70,,28947,15,4,,1,30,,28951,15,4,,1,70,,28949,15,4,,1,30,,28945,15,4,,1
21400,'1',1830,,29235,1,,,1,100,,29236,1,,,1,100,,29234,1,,,1,100,,29232,1,,,1,100,,29233,1,,,1
21400,'10',730,,29238,1,,,1,100,,29244,1,,,1,100,,29245,1,,,1,100,,29240,1,,,1,100,,29246,1,,,1,100,,29243,1,,,1,100,,29241,1,,,1,100,,29249,1,,,1,100,,29237,1,,,1,100,,29239,1,,,1,100,,29242,1,,,1,100,,29248,1,,,1,100,,29247,1,,,1
21400,'11',730,,29262,1,,,1,100,,29251,1,,,1,100,,29259,1,,,1,100,,29252,1,,,1,100,,29256,1,,,1,100,,29254,1,,,1,100,,29260,1,,,1,100,,29253,1,,,1,100,,29261,1,,,1,100,,29255,1,,,1,100,,29258,1,,,1,100,,29257,1,,,1,100,,29250,1,,,1
21400,'2',1830,,29263,1,,,1,100,,29264,1,,,1,100,,29266,1,,,1,100,,29267,1,,,1,100,,29265,1,,,1
21400,'3',1830,,29268,1,,,1,100,,29272,1,,,1,100,,29269,1,,,1,100,,29271,1,,,1,100,,29270,1,,,1
21400,'4',1830,,29277,1,,,1,100,,29273,1,,,1,100,,29276,1,,,1,100,,29274,1,,,1,100,,29275,1,,,1
21400,'5',1830,,29280,1,,,1,100,,29282,1,,,1,100,,29278,1,,,1,100,,29279,1,,,1,100,,29281,1,,,1
21400,'6',730,,29294,1,,,1,100,,29288,1,,,1,100,,29292,1,,,1,100,,29287,1,,,1,100,,29295,1,,,1,100,,29283,1,,,1,100,,29293,1,,,1,100,,29289,1,,,1,100,,29285,1,,,1,100,,29291,1,,,1,100,,29284,1,,,1,100,,29286,1,,,1,100,,29290,1,,,1
21400,'7',1830,,29296,1,,,1,100,,29297,1,,,1,100,,29300,1,,,1,100,,29298,1,,,1,100,,29299,1,,,1
21400,'8',1830,,29305,1,,,1,100,,29304,1,,,1,100,,29301,1,,,1,100,,29302,1,,,1,100,,29303,1,,,1
21400,'9',1830,,29308,1,,,1,100,,29309,1,,,1,100,,29310,1,,,1,100,,29307,1,,,1,100,,29306,1,,,1
21401,'1',1855,,29314,40,4,,1,100,,29315,40,4,,1,100,,29313,40,4,,1,100,,29312,40,4,,1,100,,29311,40,4,,1
21401,'10',755,,29324,40,4,,1,100,,29323,40,4,,1,100,,29327,40,4,,1,100,,29322,40,4,,1,100,,29325,40,4,,1,100,,29316,40,4,,1,100,,29326,40,4,,1,100,,29319,40,4,,1,100,,29320,40,4,,1,100,,17231,40,4,,1,100,,29317,40,4,,1,100,,29318,40,4,,1,100,,29321,40,4,,1
21401,'11',755,,29335,40,4,,1,100,,29331,40,4,,1,100,,29334,40,4,,1,100,,29328,40,4,,1,100,,29329,40,4,,1,100,,29336,40,4,,1,100,,29330,40,4,,1,100,,29338,40,4,,1,100,,29339,40,4,,1,100,,29332,40,4,,1,100,,29337,40,4,,1,100,,29340,40,4,,1,100,,29333,40,4,,1
21401,'2',1855,,29344,40,4,,1,100,,29343,40,4,,1,100,,29342,40,4,,1,100,,29341,40,4,,1,100,,29345,40,4,,1
21401,'3',1855,,29347,40,4,,1,100,,29350,40,4,,1,100,,29348,40,4,,1,100,,29346,40,4,,1,100,,29349,40,4,,1
21401,'4',1855,,29354,40,4,,1,100,,29352,40,4,,1,100,,29355,40,4,,1,100,,29353,40,4,,1,100,,29351,40,4,,1
21401,'5',1855,,29360,40,4,,1,100,,29358,40,4,,1,100,,29357,40,4,,1,100,,29356,40,4,,1,100,,29359,40,4,,1
21401,'6',755,,29373,40,4,,1,100,,29365,40,4,,1,100,,29368,40,4,,1,100,,29367,40,4,,1,100,,29370,40,4,,1,100,,29366,40,4,,1,100,,29361,40,4,,1,100,,29364,40,4,,1,100,,29372,40,4,,1,100,,29369,40,4,,1,100,,29363,40,4,,1,100,,29371,40,4,,1,100,,29362,40,4,,1
21401,'7',1855,,29377,40,4,,1,100,,29374,40,4,,1,100,,29375,40,4,,1,100,,29378,40,4,,1,100,,29376,40,4,,1
21401,'8',1855,,29382,40,4,,1,100,,29379,40,4,,1,100,,29380,40,4,,1,100,,29381,40,4,,1,100,,29383,40,4,,1
21401,'9',1855,,29388,40,4,,1,100,,29386,40,4,,1,100,,29387,40,4,,1,100,,29385,40,4,,1,100,,29384,40,4,,1
