10201,'1',631,,20174,2,0,7 1 8,1,70,,20184,2,0,7 1 8,1,30,,20178,2,0,7 1 8,1,70,,20176,2,0,7 1 8,1,30,,20177,2,0,7 1 8,1,70,,20188,2,0,7 1 8,1,30,,20189,2,0,7 1 8,1,100,,20179,2,0,7 1 8,1,100,,20182,2,0,7 1 8,1,100,,20185,2,0,7 1 8,1,100,,20180,2,0,7 1 8,1,100,,20173,2,0,7 1 8,1,70,,20186,2,0,7 1 8,1,30,,20187,2,0,7 1 8,1,70,,20175,2,0,7 1 8,1,30,,20190,2,0,7 1 8,1,70,,20181,2,0,7 1 8,1,30,,20183,2,0,7 1 8,1
10201,'2',631,,20197,2,0,7 1 8,1,70,,18261,2,0,7 1 8,1,30,,20199,2,0,7 1 8,1,70,,20195,2,0,7 1 8,1,30,,20202,2,0,7 1 8,1,70,,20203,2,0,7 1 8,1,30,,20201,2,0,7 1 8,1,100,,20205,2,0,7 1 8,1,100,,20196,2,0,7 1 8,1,100,,20194,2,0,7 1 8,1,100,,20191,2,0,7 1 8,1,100,,20204,2,0,7 1 8,1,70,,20206,2,0,7 1 8,1,30,,20200,2,0,7 1 8,1,70,,20198,2,0,7 1 8,1,30,,20207,2,0,7 1 8,1,70,,20193,2,0,7 1 8,1,30,,20192,2,0,7 1 8,1
10201,'3',631,,20213,2,0,7 1 8,1,70,,20209,2,0,7 1 8,1,30,,20223,2,0,7 1 8,1,70,,20217,2,0,7 1 8,1,30,,20224,2,0,7 1 8,1,70,,20219,2,0,7 1 8,1,30,,20220,2,0,7 1 8,1,100,,20225,2,0,7 1 8,1,100,,20222,2,0,7 1 8,1,100,,20214,2,0,7 1 8,1,100,,20221,2,0,7 1 8,1,100,,20216,2,0,7 1 8,1,70,,20211,2,0,7 1 8,1,30,,20212,2,0,7 1 8,1,70,,20210,2,0,7 1 8,1,30,,20215,2,0,7 1 8,1,70,,20208,2,0,7 1 8,1,30,,20218,2,0,7 1 8,1
10201,'4',631,,20229,2,0,7 1 8,1,70,,20226,2,0,7 1 8,1,30,,20241,2,0,7 1 8,1,70,,20243,2,0,7 1 8,1,30,,20228,2,0,7 1 8,1,70,,20236,2,0,7 1 8,1,30,,20238,2,0,7 1 8,1,100,,20231,2,0,7 1 8,1,100,,20232,2,0,7 1 8,1,100,,20239,2,0,7 1 8,1,100,,20227,2,0,7 1 8,1,100,,20240,2,0,7 1 8,1,70,,20242,2,0,7 1 8,1,30,,20235,2,0,7 1 8,1,70,,20237,2,0,7 1 8,1,30,,20230,2,0,7 1 8,1,70,,20233,2,0,7 1 8,1,30,,20234,2,0,7 1 8,1
10201,'5',631,,20248,2,0,7 1 8,1,70,,20258,2,0,7 1 8,1,30,,20245,2,0,7 1 8,1,70,,20247,2,0,7 1 8,1,30,,20256,2,0,7 1 8,1,70,,20249,2,0,7 1 8,1,30,,20254,2,0,7 1 8,1,100,,20255,2,0,7 1 8,1,100,,20261,2,0,7 1 8,1,100,,20257,2,0,7 1 8,1,100,,20244,2,0,7 1 8,1,100,,20252,2,0,7 1 8,1,70,,20259,2,0,7 1 8,1,30,,20253,2,0,7 1 8,1,70,,20251,2,0,7 1 8,1,30,,20246,2,0,7 1 8,1,70,,20250,2,0,7 1 8,1,30,,20260,2,0,7 1 8,1
10201,'7',631,,20273,2,0,7 1 8,1,70,,20279,2,0,7 1 8,1,30,,20262,2,0,7 1 8,1,70,,20274,2,0,7 1 8,1,30,,20264,2,0,7 1 8,1,70,,20265,2,0,7 1 8,1,30,,20277,2,0,7 1 8,1,100,,20275,2,0,7 1 8,1,100,,20269,2,0,7 1 8,1,100,,20268,2,0,7 1 8,1,100,,20270,2,0,7 1 8,1,100,,20278,2,0,7 1 8,1,70,,20263,2,0,7 1 8,1,30,,20266,2,0,7 1 8,1,70,,20272,2,0,7 1 8,1,30,,20267,2,0,7 1 8,1,70,,20271,2,0,7 1 8,1,30,,20276,2,0,7 1 8,1
10201,'8',631,,20295,2,0,7 1 8,1,70,,20283,2,0,7 1 8,1,30,,20286,2,0,7 1 8,1,70,,20293,2,0,7 1 8,1,30,,20288,2,0,7 1 8,1,70,,20280,2,0,7 1 8,1,30,,20291,2,0,7 1 8,1,100,,20284,2,0,7 1 8,1,100,,20292,2,0,7 1 8,1,100,,20282,2,0,7 1 8,1,100,,20294,2,0,7 1 8,1,100,,20285,2,0,7 1 8,1,70,,20287,2,0,7 1 8,1,30,,20290,2,0,7 1 8,1,70,,20296,2,0,7 1 8,1,30,,20281,2,0,7 1 8,1,70,,20289,2,0,7 1 8,1,30,,20297,2,0,7 1 8,1
10201,'9',631,,20311,2,0,7 1 8,1,70,,20298,2,0,7 1 8,1,30,,20314,2,0,7 1 8,1,70,,20305,2,0,7 1 8,1,30,,20301,2,0,7 1 8,1,70,,20308,2,0,7 1 8,1,30,,20309,2,0,7 1 8,1,100,,20300,2,0,7 1 8,1,100,,20303,2,0,7 1 8,1,100,,20310,2,0,7 1 8,1,100,,20312,2,0,7 1 8,1,100,,20302,2,0,7 1 8,1,70,,20299,2,0,7 1 8,1,30,,20313,2,0,7 1 8,1,70,,20307,2,0,7 1 8,1,30,,20315,2,0,7 1 8,1,70,,20304,2,0,7 1 8,1,30,,20306,2,0,7 1 8,1
10401,'1',616,,20825,2,,,1,30,,20841,2,,,1,70,,20834,2,,,1,30,,20828,2,,,1,70,,20836,2,,,1,30,,20829,2,,,1,70,,20840,2,,,1,30,,20843,2,,,1,70,,20831,2,,,1,30,,16078,2,,,1,70,,20835,2,,,1,30,,20837,2,,,1,70,,20830,2,,,1,30,,20832,2,,,1,70,,20845,2,,,1,30,,20839,2,,,1,70,,20826,2,,,1,30,,17593,2,,,1,70,,20844,2,,,1,30,,20838,2,,,1,70,,20842,2,,,1,30,,20846,2,,,1,70,,20827,2,,,1,30,,20833,2,,,1,70,,18471,2,,,1
10401,'2',616,,20855,2,,,1,30,,20864,2,,,1,70,,20857,2,,,1,30,,20863,2,,,1,70,,20859,2,,,1,30,,20853,2,,,1,70,,17840,2,,,1,30,,20847,2,,,1,70,,20869,2,,,1,30,,20848,2,,,1,70,,20868,2,,,1,30,,20865,2,,,1,70,,20852,2,,,1,30,,15225,2,,,1,70,,20850,2,,,1,30,,20862,2,,,1,70,,20866,2,,,1,30,,20858,2,,,1,70,,20867,2,,,1,30,,20861,2,,,1,70,,20856,2,,,1,30,,20860,2,,,1,70,,20849,2,,,1,30,,20854,2,,,1,70,,20851,2,,,1
10401,'3',616,,20884,2,,,1,30,,20870,2,,,1,70,,20892,2,,,1,30,,20885,2,,,1,70,,20881,2,,,1,30,,20872,2,,,1,70,,20891,2,,,1,30,,20875,2,,,1,70,,20871,2,,,1,30,,20894,2,,,1,70,,20879,2,,,1,30,,20889,2,,,1,70,,20882,2,,,1,30,,20883,2,,,1,70,,20886,2,,,1,30,,20888,2,,,1,70,,20877,2,,,1,30,,20890,2,,,1,70,,20878,2,,,1,30,,20873,2,,,1,70,,20887,2,,,1,30,,20893,2,,,1,70,,20876,2,,,1,30,,20874,2,,,1,70,,20880,2,,,1
10401,'4',616,,20906,2,,,1,30,,20918,2,,,1,70,,20916,2,,,1,30,,20912,2,,,1,70,,20911,2,,,1,30,,20907,2,,,1,70,,20913,2,,,1,30,,20909,2,,,1,70,,20902,2,,,1,30,,20903,2,,,1,70,,20900,2,,,1,30,,20895,2,,,1,70,,20915,2,,,1,30,,20914,2,,,1,70,,20910,2,,,1,30,,20897,2,,,1,70,,20904,2,,,1,30,,20908,2,,,1,70,,20919,2,,,1,30,,20901,2,,,1,70,,20905,2,,,1,30,,20898,2,,,1,70,,20899,2,,,1,30,,20896,2,,,1,70,,20917,2,,,1
10401,'5',616,,20942,2,,,1,30,,20943,2,,,1,70,,20938,2,,,1,30,,20936,2,,,1,70,,20934,2,,,1,30,,20928,2,,,1,70,,20922,2,,,1,30,,20940,2,,,1,70,,20926,2,,,1,30,,20935,2,,,1,70,,20921,2,,,1,30,,20933,2,,,1,70,,20944,2,,,1,30,,20939,2,,,1,70,,20920,2,,,1,30,,20941,2,,,1,70,,20930,2,,,1,30,,20931,2,,,1,70,,20927,2,,,1,30,,20923,2,,,1,70,,20932,2,,,1,30,,20929,2,,,1,70,,20925,2,,,1,30,,20937,2,,,1,70,,20924,2,,,1
10401,'7',616,,20963,2,,,1,30,,20965,2,,,1,70,,20949,2,,,1,30,,20950,2,,,1,70,,20967,2,,,1,30,,20953,2,,,1,70,,20956,2,,,1,30,,20952,2,,,1,70,,20951,2,,,1,30,,20958,2,,,1,70,,20962,2,,,1,30,,20960,2,,,1,70,,20945,2,,,1,30,,20948,2,,,1,70,,20969,2,,,1,30,,20959,2,,,1,70,,20955,2,,,1,30,,20954,2,,,1,70,,20957,2,,,1,30,,20964,2,,,1,70,,20946,2,,,1,30,,20966,2,,,1,70,,20947,2,,,1,30,,20961,2,,,1,70,,20968,2,,,1
10401,'8',616,,20989,2,,,1,30,,20971,2,,,1,70,,20986,2,,,1,30,,20984,2,,,1,70,,20970,2,,,1,30,,20975,2,,,1,70,,20981,2,,,1,30,,20978,2,,,1,70,,20992,2,,,1,30,,20985,2,,,1,70,,20991,2,,,1,30,,20977,2,,,1,70,,20976,2,,,1,30,,20972,2,,,1,70,,20974,2,,,1,30,,20987,2,,,1,70,,20982,2,,,1,30,,20994,2,,,1,70,,20993,2,,,1,30,,20973,2,,,1,70,,20983,2,,,1,30,,20980,2,,,1,70,,20988,2,,,1,30,,20979,2,,,1,70,,20990,2,,,1
10401,'9',616,,20997,2,,,1,30,,20998,2,,,1,70,,21005,2,,,1,30,,21011,2,,,1,70,,21008,2,,,1,30,,21001,2,,,1,70,,21009,2,,,1,30,,21018,2,,,1,70,,20995,2,,,1,30,,21004,2,,,1,70,,21014,2,,,1,30,,21000,2,,,1,70,,21010,2,,,1,30,,20996,2,,,1,70,,21012,2,,,1,30,,21017,2,,,1,70,,21019,2,,,1,30,,21002,2,,,1,70,,21015,2,,,1,30,,20999,2,,,1,70,,21006,2,,,1,30,,21013,2,,,1,70,,21016,2,,,1,30,,21003,2,,,1,70,,21007,2,,,1
20401,'1',1846,,27005,2,,,1,70,,27003,2,,,1,30,,27008,2,,,1,70,,27009,2,,,1,30,,27002,2,,,1,70,,27001,2,,,1,30,,27007,2,,,1,70,,27006,2,,,1,30,,27000,2,,,1,70,,27004,2,,,1
20401,'10',716,,27019,2,,,1,30,,27011,2,,,1,70,,27035,2,,,1,30,,27010,2,,,1,70,,27012,2,,,1,30,,27027,2,,,1,70,,27020,2,,,1,30,,27037,2,,,1,70,,27021,2,,,1,30,,27017,2,,,1,70,,27022,2,,,1,30,,27034,2,,,1,70,,27018,2,,,1,30,,27028,2,,,1,70,,27036,2,,,1,30,,27025,2,,,1,70,,27023,2,,,1,30,,27033,2,,,1,70,,27030,2,,,1,30,,27024,2,,,1,70,,27013,2,,,1,30,,27029,2,,,1,70,,27031,2,,,1,30,,27032,2,,,1,70,,27026,2,,,1,30,,27015,2,,,1,70,,27014,2,,,1,30,,27016,2,,,1
20401,'11',716,,27051,2,,,1,30,,27053,2,,,1,70,,27057,2,,,1,30,,27061,2,,,1,70,,27058,2,,,1,30,,27046,2,,,1,70,,27062,2,,,1,30,,27063,2,,,1,70,,27045,2,,,1,30,,27038,2,,,1,70,,27043,2,,,1,30,,27056,2,,,1,70,,27042,2,,,1,30,,27064,2,,,1,70,,27041,2,,,1,30,,27059,2,,,1,70,,27049,2,,,1,30,,27047,2,,,1,70,,27048,2,,,1,30,,27055,2,,,1,70,,27060,2,,,1,30,,27065,2,,,1,70,,27052,2,,,1,30,,27054,2,,,1,70,,27040,2,,,1,30,,27039,2,,,1,70,,27050,2,,,1,30,,27044,2,,,1
20401,'2',1846,,27067,2,,,1,70,,27072,2,,,1,30,,27073,2,,,1,70,,27071,2,,,1,30,,27075,2,,,1,70,,27068,2,,,1,30,,27066,2,,,1,70,,27069,2,,,1,30,,27070,2,,,1,70,,27074,2,,,1
20401,'3',1846,,27082,2,,,1,70,,27078,2,,,1,30,,27083,2,,,1,70,,27085,2,,,1,30,,27076,2,,,1,70,,27079,2,,,1,30,,27084,2,,,1,70,,27081,2,,,1,30,,27080,2,,,1,70,,27077,2,,,1
20401,'4',1846,,27093,2,,,1,70,,27090,2,,,1,30,,27095,2,,,1,70,,27089,2,,,1,30,,27087,2,,,1,70,,27088,2,,,1,30,,27091,2,,,1,70,,27092,2,,,1,30,,27094,2,,,1,70,,27086,2,,,1
20401,'5',1846,,27096,2,,,1,70,,27099,2,,,1,30,,27103,2,,,1,70,,27105,2,,,1,30,,27100,2,,,1,70,,27101,2,,,1,30,,27104,2,,,1,70,,27097,2,,,1,30,,27102,2,,,1,70,,27098,2,,,1
20401,'6',716,,27111,2,,,1,30,,27130,2,,,1,70,,27115,2,,,1,30,,27127,2,,,1,70,,27123,2,,,1,30,,27120,2,,,1,70,,27116,2,,,1,30,,27124,2,,,1,70,,27126,2,,,1,30,,27114,2,,,1,70,,27107,2,,,1,30,,27110,2,,,1,70,,27122,2,,,1,30,,27113,2,,,1,70,,27112,2,,,1,30,,27108,2,,,1,70,,27106,2,,,1,30,,27129,2,,,1,70,,27128,2,,,1,30,,27133,2,,,1,70,,27131,2,,,1,30,,27119,2,,,1,70,,27118,2,,,1,30,,27121,2,,,1,70,,27109,2,,,1,30,,27132,2,,,1,70,,27117,2,,,1,30,,27125,2,,,1
20401,'7',1846,,27135,2,,,1,70,,27139,2,,,1,30,,27141,2,,,1,70,,27136,2,,,1,30,,27143,2,,,1,70,,27134,2,,,1,30,,27142,2,,,1,70,,27138,2,,,1,30,,27137,2,,,1,70,,27140,2,,,1
20401,'8',1846,,27153,2,,,1,70,,27151,2,,,1,30,,27148,2,,,1,70,,27149,2,,,1,30,,27145,2,,,1,70,,27150,2,,,1,30,,27152,2,,,1,70,,27144,2,,,1,30,,27146,2,,,1,70,,27147,2,,,1
20401,'9',1846,,27156,2,,,1,70,,27163,2,,,1,30,,27160,2,,,1,70,,27159,2,,,1,30,,27158,2,,,1,70,,27162,2,,,1,30,,27154,2,,,1,70,,27157,2,,,1,30,,27155,2,,,1,70,,27161,2,,,1
