10300,'1',638,,20317,13,,,1,100,,20326,13,,,1,70,,20325,13,,,1,30,,20323,13,,,1,70,,20320,13,,,1,30,,20330,13,,,1,70,,20334,13,,,1,30,,20329,13,,,1,100,,20327,13,,,1,100,,20318,13,,,1,100,,20324,13,,,1,100,,20322,13,,,1,100,,20319,13,,,1,70,,20316,13,,,1,30,,20321,13,,,1,70,,20332,13,,,1,30,,20328,13,,,1,70,,20333,13,,,1,30,,20331,13,,,1
10300,'2',638,,20347,13,,,1,100,,20349,13,,,1,70,,20345,13,,,1,30,,20338,13,,,1,70,,20351,13,,,1,30,,20335,13,,,1,70,,20340,13,,,1,30,,20339,13,,,1,100,,18114,13,,,1,100,,20336,13,,,1,100,,20342,13,,,1,100,,20337,13,,,1,100,,20343,13,,,1,70,,20346,13,,,1,30,,20350,13,,,1,70,,20348,13,,,1,30,,20352,13,,,1,70,,20344,13,,,1,30,,20341,13,,,1
10300,'3',638,,20353,13,,,1,100,,20362,13,,,1,70,,20369,13,,,1,30,,20358,13,,,1,70,,20363,13,,,1,30,,20354,13,,,1,70,,20364,13,,,1,30,,20367,13,,,1,100,,20370,13,,,1,100,,20371,13,,,1,100,,20355,13,,,1,100,,20356,13,,,1,100,,20359,13,,,1,70,,20365,13,,,1,30,,20361,13,,,1,70,,20357,13,,,1,30,,20366,13,,,1,70,,20360,13,,,1,30,,20368,13,,,1
10300,'4',638,,20390,13,,,1,100,,20388,13,,,1,70,,20376,13,,,1,30,,20377,13,,,1,70,,20389,13,,,1,30,,20387,13,,,1,70,,20382,13,,,1,30,,20378,13,,,1,100,,20374,13,,,1,100,,20372,13,,,1,100,,20375,13,,,1,100,,20383,13,,,1,100,,20381,13,,,1,70,,20373,13,,,1,30,,20386,13,,,1,70,,20385,13,,,1,30,,20380,13,,,1,70,,20379,13,,,1,30,,20384,13,,,1
10300,'5',638,,20400,13,,,1,100,,20403,13,,,1,70,,20395,13,,,1,30,,20397,13,,,1,70,,20405,13,,,1,30,,20407,13,,,1,70,,20409,13,,,1,30,,20394,13,,,1,100,,20404,13,,,1,100,,20401,13,,,1,100,,20396,13,,,1,100,,20398,13,,,1,100,,20406,13,,,1,70,,20399,13,,,1,30,,20393,13,,,1,70,,20402,13,,,1,30,,20392,13,,,1,70,,20408,13,,,1,30,,20391,13,,,1
10300,'7',638,,20423,13,,,1,100,,20419,13,,,1,70,,20417,13,,,1,30,,20428,13,,,1,70,,20427,13,,,1,30,,20421,13,,,1,70,,20422,13,,,1,30,,20413,13,,,1,100,,20411,13,,,1,100,,20414,13,,,1,100,,20426,13,,,1,100,,20412,13,,,1,100,,20420,13,,,1,70,,20415,13,,,1,30,,20424,13,,,1,70,,20425,13,,,1,30,,20418,13,,,1,70,,20410,13,,,1,30,,20416,13,,,1
10300,'8',638,,20442,13,,,1,100,,20439,13,,,1,70,,20432,13,,,1,30,,20444,13,,,1,70,,20433,13,,,1,30,,20435,13,,,1,70,,20441,13,,,1,30,,20434,13,,,1,100,,20429,13,,,1,100,,20436,13,,,1,100,,20447,13,,,1,100,,20438,13,,,1,100,,20445,13,,,1,70,,20437,13,,,1,30,,20443,13,,,1,70,,20446,13,,,1,30,,20430,13,,,1,70,,20431,13,,,1,30,,20440,13,,,1
10300,'9',638,,20448,13,,,1,100,,20458,13,,,1,70,,20457,13,,,1,30,,20464,13,,,1,70,,20452,13,,,1,30,,20462,13,,,1,70,,20453,13,,,1,30,,20461,13,,,1,100,,20460,13,,,1,100,,20449,13,,,1,100,,20450,13,,,1,100,,20459,13,,,1,100,,20465,13,,,1,70,,20463,13,,,1,30,,20454,13,,,1,70,,20455,13,,,1,30,,20451,13,,,1,70,,20466,13,,,1,30,,20456,13,,,1
20300,'1',1910,,26519,21,,,1,30,,26514,21,,,1,70,,26516,21,,,1,30,,19313,21,,,1,70,,26513,21,,,1,30,,26517,21,,,1,70,,26515,21,,,1,30,,26512,21,,,1,70,,26518,21,,,1
20300,'10',740,,26525,21,,,1,70,,26536,21,,,1,30,,26521,21,,,1,70,,26546,21,,,1,30,,26545,21,,,1,70,,26529,21,,,1,30,,26544,21,,,1,70,,26526,21,,,1,30,,26530,21,,,1,70,,26531,21,,,1,30,,26528,21,,,1,70,,26537,21,,,1,30,,26523,21,,,1,70,,26527,21,,,1,30,,26520,21,,,1,70,,26542,21,,,1,30,,26524,21,,,1,70,,26533,21,,,1,30,,26540,21,,,1,70,,26522,21,,,1,30,,26538,21,,,1,70,,26532,21,,,1,30,,26543,21,,,1,70,,26534,21,,,1,30,,26535,21,,,1,70,,26541,21,,,1,30,,26539,21,,,1
20300,'11',740,,26571,21,,,1,70,,26558,21,,,1,30,,26572,21,,,1,70,,26553,21,,,1,30,,26573,21,,,1,70,,26547,21,,,1,30,,26561,21,,,1,70,,26560,21,,,1,30,,26569,21,,,1,70,,26549,21,,,1,30,,26566,21,,,1,70,,26554,21,,,1,30,,26550,21,,,1,70,,26551,21,,,1,30,,26556,21,,,1,70,,26548,21,,,1,30,,26564,21,,,1,70,,26563,21,,,1,30,,26559,21,,,1,70,,26555,21,,,1,30,,26562,21,,,1,70,,26552,21,,,1,30,,26557,21,,,1,70,,26567,21,,,1,30,,26565,21,,,1,70,,26570,21,,,1,30,,26568,21,,,1
20300,'2',1910,,26581,21,,,1,30,,26575,21,,,1,70,,26580,21,,,1,30,,26578,21,,,1,70,,26582,21,,,1,30,,26579,21,,,1,70,,26576,21,,,1,30,,26574,21,,,1,70,,26577,21,,,1
20300,'3',1910,,26585,21,,,1,30,,26589,21,,,1,70,,26586,21,,,1,30,,26590,21,,,1,70,,26583,21,,,1,30,,26591,21,,,1,70,,26584,21,,,1,30,,26587,21,,,1,70,,26588,21,,,1
20300,'4',1910,,26598,21,,,1,30,,26592,21,,,1,70,,26594,21,,,1,30,,26595,21,,,1,70,,26599,21,,,1,30,,26597,21,,,1,70,,26600,21,,,1,30,,26596,21,,,1,70,,26593,21,,,1
20300,'5',1910,,26607,21,,,1,30,,26601,21,,,1,70,,26606,21,,,1,30,,26604,21,,,1,70,,26609,21,,,1,30,,26605,21,,,1,70,,26602,21,,,1,30,,26603,21,,,1,70,,26608,21,,,1
20300,'6',740,,26622,21,,,1,70,,26636,21,,,1,30,,26628,21,,,1,70,,26621,21,,,1,30,,26616,21,,,1,70,,26618,21,,,1,30,,26619,21,,,1,70,,26624,21,,,1,30,,26611,21,,,1,70,,26625,21,,,1,30,,26617,21,,,1,70,,26633,21,,,1,30,,26614,21,,,1,70,,26610,21,,,1,30,,26630,21,,,1,70,,26612,21,,,1,30,,26634,21,,,1,70,,26623,21,,,1,30,,26627,21,,,1,70,,26615,21,,,1,30,,26631,21,,,1,70,,26635,21,,,1,30,,26620,21,,,1,70,,26626,21,,,1,30,,26632,21,,,1,70,,26629,21,,,1,30,,26613,21,,,1
20300,'7',1910,,26637,21,,,1,30,,26643,21,,,1,70,,26638,21,,,1,30,,26644,21,,,1,70,,26640,21,,,1,30,,26641,21,,,1,70,,26645,21,,,1,30,,26642,21,,,1,70,,26639,21,,,1
20300,'8',1910,,26650,21,,,1,30,,26652,21,,,1,70,,26649,21,,,1,30,,26654,21,,,1,70,,26646,21,,,1,30,,26648,21,,,1,70,,26651,21,,,1,30,,26647,21,,,1,70,,26653,21,,,1
20300,'9',1910,,26656,21,,,1,30,,26657,21,,,1,70,,26658,21,,,1,30,,26663,21,,,1,70,,26661,21,,,1,30,,26655,21,,,1,70,,26659,21,,,1,30,,26662,21,,,1,70,,26660,21,,,1
