10500,'1',552,,21026,10,,,1,100,,21028,10,,,1,70,,21052,10,,,1,30,,21025,10,,,1,70,,21044,10,,,1,30,,21030,10,,,1,70,,21024,10,,,1,30,,21056,10,,,1,100,,21037,10,,,1,100,,21027,10,,,1,100,,21049,10,,,1,100,,21029,10,,,1,100,,21050,10,,,1,70,,21021,10,,,1,30,,21043,10,,,1,70,,21055,10,,,1,30,,18649,10,,,1,70,,21039,10,,,1,30,,21038,10,,,1
10500,'2',552,,21078,10,,,1,100,,21092,10,,,1,70,,21069,10,,,1,30,,21086,10,,,1,70,,21074,10,,,1,30,,21058,10,,,1,70,,21059,10,,,1,30,,21064,10,,,1,100,,21062,10,,,1,100,,21057,10,,,1,100,,21083,10,,,1,100,,21075,10,,,1,100,,21085,10,,,1,70,,21072,10,,,1,30,,21088,10,,,1,70,,21068,10,,,1,30,,21063,10,,,1,70,,21070,10,,,1,30,,21084,10,,,1
10500,'3',552,,21094,10,,,1,100,,21109,10,,,1,70,,21114,10,,,1,30,,21113,10,,,1,70,,21123,10,,,1,30,,21120,10,,,1,70,,21122,10,,,1,30,,21110,10,,,1,100,,21111,10,,,1,100,,21095,10,,,1,100,,21126,10,,,1,100,,21100,10,,,1,100,,21119,10,,,1,70,,21093,10,,,1,30,,21101,10,,,1,70,,21097,10,,,1,30,,21112,10,,,1,70,,21096,10,,,1,30,,21129,10,,,1
10500,'4',552,,21138,10,,,1,100,,21148,10,,,1,70,,21133,10,,,1,30,,21146,10,,,1,70,,21164,10,,,1,30,,21156,10,,,1,70,,21140,10,,,1,30,,21161,10,,,1,100,,21151,10,,,1,100,,21144,10,,,1,100,,21142,10,,,1,100,,21166,10,,,1,100,,21147,10,,,1,70,,21136,10,,,1,30,,21149,10,,,1,70,,21163,10,,,1,30,,21167,10,,,1,70,,21141,10,,,1,30,,21132,10,,,1
10500,'5',552,,21169,10,,,1,100,,21183,10,,,1,70,,21197,10,,,1,30,,21170,10,,,1,70,,21179,10,,,1,30,,21175,10,,,1,70,,21182,10,,,1,30,,21192,10,,,1,100,,21206,10,,,1,100,,21191,10,,,1,100,,21188,10,,,1,100,,21202,10,,,1,100,,21199,10,,,1,70,,21186,10,,,1,30,,21203,10,,,1,70,,21189,10,,,1,30,,21195,10,,,1,70,,21177,10,,,1,30,,21181,10,,,1
10500,'7',552,,21214,10,,,1,100,,21240,10,,,1,70,,21238,10,,,1,30,,21226,10,,,1,70,,21221,10,,,1,30,,21216,10,,,1,70,,21224,10,,,1,30,,21232,10,,,1,100,,21230,10,,,1,100,,21212,10,,,1,100,,21241,10,,,1,100,,21228,10,,,1,100,,21217,10,,,1,70,,21219,10,,,1,30,,21233,10,,,1,70,,21215,10,,,1,30,,21231,10,,,1,70,,21239,10,,,1,30,,21242,10,,,1
10500,'8',552,,21269,10,,,1,100,,21258,10,,,1,70,,21265,10,,,1,30,,21280,10,,,1,70,,21281,10,,,1,30,,21271,10,,,1,70,,21251,10,,,1,30,,21277,10,,,1,100,,21273,10,,,1,100,,21266,10,,,1,100,,21246,10,,,1,100,,21245,10,,,1,100,,21259,10,,,1,70,,21248,10,,,1,30,,21274,10,,,1,70,,21264,10,,,1,30,,21276,10,,,1,70,,21270,10,,,1,30,,21263,10,,,1
10500,'9',552,,21320,10,,,1,100,,21298,10,,,1,70,,21288,10,,,1,30,,21305,10,,,1,70,,21297,10,,,1,30,,21316,10,,,1,70,,21302,10,,,1,30,,21306,10,,,1,100,,21284,10,,,1,100,,21286,10,,,1,100,,21289,10,,,1,100,,21290,10,,,1,100,,21287,10,,,1,70,,21296,10,,,1,30,,21308,10,,,1,70,,21318,10,,,1,30,,21313,10,,,1,70,,21283,10,,,1,30,,21285,10,,,1
20500,'1',1852,,27166,10,,,1,100,,27168,10,,,1,100,,27167,10,,,1,100,,27169,10,,,1
20500,'10',652,,27194,10,,,1,100,,27174,10,,,1,100,,27184,10,,,1,100,,27186,10,,,1,100,,27192,10,,,1,100,,27173,10,,,1,100,,27188,10,,,1,100,,27181,10,,,1,100,,27191,10,,,1,100,,27179,10,,,1,100,,27197,10,,,1,100,,27189,10,,,1,100,,27193,10,,,1,100,,27172,10,,,1
20500,'11',652,,27207,10,,,1,100,,27199,10,,,1,100,,27211,10,,,1,100,,27219,10,,,1,100,,27202,10,,,1,100,,27203,10,,,1,100,,27212,10,,,1,100,,27205,10,,,1,100,,27225,10,,,1,100,,27206,10,,,1,100,,27217,10,,,1,100,,27208,10,,,1,100,,27204,10,,,1,100,,27222,10,,,1
20500,'2',1852,,27228,10,,,1,100,,27229,10,,,1,100,,27231,10,,,1,100,,27232,10,,,1
20500,'3',1852,,27238,10,,,1,100,,27236,10,,,1,100,,27242,10,,,1,100,,27239,10,,,1
20500,'4',1852,,27249,10,,,1,100,,27250,10,,,1,100,,27244,10,,,1,100,,27245,10,,,1
20500,'5',1852,,27252,10,,,1,100,,27258,10,,,1,100,,27257,10,,,1,100,,27255,10,,,1
20500,'6',652,,27271,10,,,1,100,,27266,10,,,1,100,,27267,10,,,1,100,,27269,10,,,1,100,,27274,10,,,1,100,,27264,10,,,1,100,,27273,10,,,1,100,,27276,10,,,1,100,,27282,10,,,1,100,,27265,10,,,1,100,,27260,10,,,1,100,,27278,10,,,1,100,,27259,10,,,1,100,,27270,10,,,1
20500,'7',1852,,27294,10,,,1,100,,27289,10,,,1,100,,27293,10,,,1,100,,27290,10,,,1
20500,'8',1852,,27296,10,,,1,100,,27300,10,,,1,100,,27301,10,,,1,100,,27295,10,,,1
20500,'9',1852,,27310,10,,,1,100,,27303,10,,,1,100,,27306,10,,,1,100,,27304,10,,,1
