10500,'1',558,,21036,4,,,1,100,,21031,4,,,1,70,,21040,4,,,1,30,,21023,4,,,1,70,,21041,4,,,1,30,,21042,4,,,1,70,,21032,4,,,1,30,,21035,4,,,1,100,,21047,4,,,1,100,,21054,4,,,1,100,,21046,4,,,1,100,,21020,4,,,1,100,,21045,4,,,1,70,,21051,4,,,1,30,,21034,4,,,1,70,,21053,4,,,1,30,,21033,4,,,1,70,,21022,4,,,1,30,,21048,4,,,1
10500,'2',558,,21091,4,,,1,100,,21080,4,,,1,70,,21079,4,,,1,30,,21060,4,,,1,70,,21076,4,,,1,30,,17837,4,,,1,70,,17669,4,,,1,30,,21071,4,,,1,100,,21087,4,,,1,100,,21061,4,,,1,100,,21077,4,,,1,100,,21066,4,,,1,100,,21073,4,,,1,70,,21082,4,,,1,30,,21089,4,,,1,70,,21081,4,,,1,30,,21067,4,,,1,70,,21065,4,,,1,30,,21090,4,,,1
10500,'3',558,,21104,4,,,1,100,,21125,4,,,1,70,,21118,4,,,1,30,,21107,4,,,1,70,,21117,4,,,1,30,,21098,4,,,1,70,,21102,4,,,1,30,,21116,4,,,1,100,,21105,4,,,1,100,,21099,4,,,1,100,,21124,4,,,1,100,,21108,4,,,1,100,,21127,4,,,1,70,,21115,4,,,1,30,,21130,4,,,1,70,,21121,4,,,1,30,,21103,4,,,1,70,,21106,4,,,1,30,,21128,4,,,1
10500,'4',558,,21154,4,,,1,100,,21135,4,,,1,70,,21162,4,,,1,30,,21150,4,,,1,70,,21155,4,,,1,30,,21134,4,,,1,70,,21137,4,,,1,30,,21165,4,,,1,100,,21145,4,,,1,100,,21152,4,,,1,100,,21159,4,,,1,100,,21158,4,,,1,100,,21168,4,,,1,70,,21139,4,,,1,30,,21131,4,,,1,70,,21160,4,,,1,30,,21157,4,,,1,70,,21153,4,,,1,30,,21143,4,,,1
10500,'5',558,,21198,4,,,1,100,,21196,4,,,1,70,,21180,4,,,1,30,,21190,4,,,1,70,,21187,4,,,1,30,,21184,4,,,1,70,,21194,4,,,1,30,,21205,4,,,1,100,,21171,4,,,1,100,,21172,4,,,1,100,,21200,4,,,1,100,,21174,4,,,1,100,,21173,4,,,1,70,,21176,4,,,1,30,,21204,4,,,1,70,,21178,4,,,1,30,,21201,4,,,1,70,,21193,4,,,1,30,,21185,4,,,1
10500,'7',558,,21244,4,,,1,100,,21237,4,,,1,70,,21235,4,,,1,30,,21209,4,,,1,70,,21225,4,,,1,30,,21210,4,,,1,70,,21207,4,,,1,30,,21234,4,,,1,100,,21213,4,,,1,100,,21227,4,,,1,100,,21222,4,,,1,100,,21236,4,,,1,100,,21243,4,,,1,70,,21208,4,,,1,30,,21229,4,,,1,70,,21211,4,,,1,30,,21220,4,,,1,70,,21223,4,,,1,30,,21218,4,,,1
10500,'8',558,,21250,4,,,1,100,,21255,4,,,1,70,,21279,4,,,1,30,,21268,4,,,1,70,,21261,4,,,1,30,,21262,4,,,1,70,,21267,4,,,1,30,,21260,4,,,1,100,,21247,4,,,1,100,,21257,4,,,1,100,,21282,4,,,1,100,,21252,4,,,1,100,,21253,4,,,1,70,,21272,4,,,1,30,,21256,4,,,1,70,,21278,4,,,1,30,,21249,4,,,1,70,,21254,4,,,1,30,,21275,4,,,1
10500,'9',558,,21307,4,,,1,100,,21311,4,,,1,70,,21291,4,,,1,30,,21292,4,,,1,70,,21319,4,,,1,30,,21304,4,,,1,70,,21301,4,,,1,30,,21295,4,,,1,100,,21312,4,,,1,100,,21315,4,,,1,100,,21303,4,,,1,100,,21310,4,,,1,100,,21309,4,,,1,70,,21317,4,,,1,30,,21293,4,,,1,70,,21294,4,,,1,30,,21299,4,,,1,70,,21314,4,,,1,30,,21300,4,,,1
20500,'1',1858,,27170,4,,,1,100,,27164,4,,,1,100,,27171,4,,,1,100,,27165,4,,,1
20500,'10',658,,27182,4,,,1,100,,27187,4,,,1,100,,19499,4,,,1,100,,27177,4,,,1,100,,27176,4,,,1,100,,27175,4,,,1,100,,27185,4,,,1,100,,27196,4,,,1,100,,27180,4,,,1,100,,27195,4,,,1,100,,27183,4,,,1,100,,27190,4,,,1,100,,27178,4,,,1,100,,27198,4,,,1
20500,'11',658,,27200,4,,,1,100,,27216,4,,,1,100,,27201,4,,,1,100,,27224,4,,,1,100,,27215,4,,,1,100,,27220,4,,,1,100,,27223,4,,,1,100,,27213,4,,,1,100,,27210,4,,,1,100,,27221,4,,,1,100,,27226,4,,,1,100,,27214,4,,,1,100,,27209,4,,,1,100,,27218,4,,,1
20500,'2',1858,,27230,4,,,1,100,,27227,4,,,1,100,,27234,4,,,1,100,,27233,4,,,1
20500,'3',1858,,27237,4,,,1,100,,27235,4,,,1,100,,27240,4,,,1,100,,27241,4,,,1
20500,'4',1858,,27243,4,,,1,100,,27246,4,,,1,100,,27247,4,,,1,100,,27248,4,,,1
20500,'5',1858,,27256,4,,,1,100,,27253,4,,,1,100,,27251,4,,,1,100,,27254,4,,,1
20500,'6',658,,27284,4,,,1,100,,27277,4,,,1,100,,27286,4,,,1,100,,27283,4,,,1,100,,27281,4,,,1,100,,27279,4,,,1,100,,27261,4,,,1,100,,27268,4,,,1,100,,27272,4,,,1,100,,27275,4,,,1,100,,27280,4,,,1,100,,27263,4,,,1,100,,27285,4,,,1,100,,27262,4,,,1
20500,'7',1858,,27288,4,,,1,100,,27291,4,,,1,100,,27287,4,,,1,100,,27292,4,,,1
20500,'8',1858,,27299,4,,,1,100,,27297,4,,,1,100,,27302,4,,,1,100,,27298,4,,,1
20500,'9',1858,,27305,4,,,1,100,,27309,4,,,1,100,,27308,4,,,1,100,,27307,4,,,1
