10201,'1',642,,20174,17,0,7 1 8,1,70,,20184,17,0,7 1 8,1,30,,20178,17,0,7 1 8,1,70,,20176,17,0,7 1 8,1,30,,20177,17,0,7 1 8,1,70,,20188,17,0,7 1 8,1,30,,20189,17,0,7 1 8,1,100,,20179,17,0,7 1 8,1,100,,20182,17,0,7 1 8,1,100,,20185,17,0,7 1 8,1,100,,20180,17,0,7 1 8,1,100,,20173,17,0,7 1 8,1,70,,20186,17,0,7 1 8,1,30,,20187,17,0,7 1 8,1,70,,20175,17,0,7 1 8,1,30,,20190,17,0,7 1 8,1,70,,20181,17,0,7 1 8,1,30,,20183,17,0,7 1 8,1
10201,'2',642,,20197,17,0,7 1 8,1,70,,18261,17,0,7 1 8,1,30,,20199,17,0,7 1 8,1,70,,20195,17,0,7 1 8,1,30,,20202,17,0,7 1 8,1,70,,20203,17,0,7 1 8,1,30,,20201,17,0,7 1 8,1,100,,20205,17,0,7 1 8,1,100,,20196,17,0,7 1 8,1,100,,20194,17,0,7 1 8,1,100,,20191,17,0,7 1 8,1,100,,20204,17,0,7 1 8,1,70,,20206,17,0,7 1 8,1,30,,20200,17,0,7 1 8,1,70,,20198,17,0,7 1 8,1,30,,20207,17,0,7 1 8,1,70,,20193,17,0,7 1 8,1,30,,20192,17,0,7 1 8,1
10201,'3',642,,20213,17,0,7 1 8,1,70,,20209,17,0,7 1 8,1,30,,20223,17,0,7 1 8,1,70,,20217,17,0,7 1 8,1,30,,20224,17,0,7 1 8,1,70,,20219,17,0,7 1 8,1,30,,20220,17,0,7 1 8,1,100,,20225,17,0,7 1 8,1,100,,20222,17,0,7 1 8,1,100,,20214,17,0,7 1 8,1,100,,20221,17,0,7 1 8,1,100,,20216,17,0,7 1 8,1,70,,20211,17,0,7 1 8,1,30,,20212,17,0,7 1 8,1,70,,20210,17,0,7 1 8,1,30,,20215,17,0,7 1 8,1,70,,20208,17,0,7 1 8,1,30,,20218,17,0,7 1 8,1
10201,'4',642,,20229,17,0,7 1 8,1,70,,20226,17,0,7 1 8,1,30,,20241,17,0,7 1 8,1,70,,20243,17,0,7 1 8,1,30,,20228,17,0,7 1 8,1,70,,20236,17,0,7 1 8,1,30,,20238,17,0,7 1 8,1,100,,20231,17,0,7 1 8,1,100,,20232,17,0,7 1 8,1,100,,20239,17,0,7 1 8,1,100,,20227,17,0,7 1 8,1,100,,20240,17,0,7 1 8,1,70,,20242,17,0,7 1 8,1,30,,20235,17,0,7 1 8,1,70,,20237,17,0,7 1 8,1,30,,20230,17,0,7 1 8,1,70,,20233,17,0,7 1 8,1,30,,20234,17,0,7 1 8,1
10201,'5',642,,20248,17,0,7 1 8,1,70,,20258,17,0,7 1 8,1,30,,20245,17,0,7 1 8,1,70,,20247,17,0,7 1 8,1,30,,20256,17,0,7 1 8,1,70,,20249,17,0,7 1 8,1,30,,20254,17,0,7 1 8,1,100,,20255,17,0,7 1 8,1,100,,20261,17,0,7 1 8,1,100,,20257,17,0,7 1 8,1,100,,20244,17,0,7 1 8,1,100,,20252,17,0,7 1 8,1,70,,20259,17,0,7 1 8,1,30,,20253,17,0,7 1 8,1,70,,20251,17,0,7 1 8,1,30,,20246,17,0,7 1 8,1,70,,20250,17,0,7 1 8,1,30,,20260,17,0,7 1 8,1
10201,'7',642,,20273,17,0,7 1 8,1,70,,20279,17,0,7 1 8,1,30,,20262,17,0,7 1 8,1,70,,20274,17,0,7 1 8,1,30,,20264,17,0,7 1 8,1,70,,20265,17,0,7 1 8,1,30,,20277,17,0,7 1 8,1,100,,20275,17,0,7 1 8,1,100,,20269,17,0,7 1 8,1,100,,20268,17,0,7 1 8,1,100,,20270,17,0,7 1 8,1,100,,20278,17,0,7 1 8,1,70,,20263,17,0,7 1 8,1,30,,20266,17,0,7 1 8,1,70,,20272,17,0,7 1 8,1,30,,20267,17,0,7 1 8,1,70,,20271,17,0,7 1 8,1,30,,20276,17,0,7 1 8,1
10201,'8',642,,20295,17,0,7 1 8,1,70,,20283,17,0,7 1 8,1,30,,20286,17,0,7 1 8,1,70,,20293,17,0,7 1 8,1,30,,20288,17,0,7 1 8,1,70,,20280,17,0,7 1 8,1,30,,20291,17,0,7 1 8,1,100,,20284,17,0,7 1 8,1,100,,20292,17,0,7 1 8,1,100,,20282,17,0,7 1 8,1,100,,20294,17,0,7 1 8,1,100,,20285,17,0,7 1 8,1,70,,20287,17,0,7 1 8,1,30,,20290,17,0,7 1 8,1,70,,20296,17,0,7 1 8,1,30,,20281,17,0,7 1 8,1,70,,20289,17,0,7 1 8,1,30,,20297,17,0,7 1 8,1
10201,'9',642,,20311,17,0,7 1 8,1,70,,20298,17,0,7 1 8,1,30,,20314,17,0,7 1 8,1,70,,20305,17,0,7 1 8,1,30,,20301,17,0,7 1 8,1,70,,20308,17,0,7 1 8,1,30,,20309,17,0,7 1 8,1,100,,20300,17,0,7 1 8,1,100,,20303,17,0,7 1 8,1,100,,20310,17,0,7 1 8,1,100,,20312,17,0,7 1 8,1,100,,20302,17,0,7 1 8,1,70,,20299,17,0,7 1 8,1,30,,20313,17,0,7 1 8,1,70,,20307,17,0,7 1 8,1,30,,20315,17,0,7 1 8,1,70,,20304,17,0,7 1 8,1,30,,20306,17,0,7 1 8,1
11000,'1',637,,23450,12,,,1,70,,23438,12,,,1,30,,23440,12,,,1,70,,23453,12,,,1,30,,23441,12,,,1,70,,23446,12,,,1,30,,23448,12,,,1,70,,23437,12,,,1,30,,23447,12,,,1,70,,23434,12,,,1,30,,23436,12,,,1,70,,23445,12,,,1,30,,23457,12,,,1,70,,23451,12,,,1,30,,23452,12,,,1,70,,23439,12,,,1,30,,23435,12,,,1,70,,23433,12,,,1,30,,23443,12,,,1,70,,23455,12,,,1,30,,23449,12,,,1,70,,23444,12,,,1,30,,23456,12,,,1,70,,23442,12,,,1,30,,23454,12,,,1
11000,'2',637,,23470,12,,,1,70,,23459,12,,,1,30,,23463,12,,,1,70,,23475,12,,,1,30,,23478,12,,,1,70,,23476,12,,,1,30,,23466,12,,,1,70,,23467,12,,,1,30,,23458,12,,,1,70,,23461,12,,,1,30,,23477,12,,,1,70,,23479,12,,,1,30,,23471,12,,,1,70,,23473,12,,,1,30,,17518,12,,,1,70,,23480,12,,,1,30,,23474,12,,,1,70,,23460,12,,,1,30,,23472,12,,,1,70,,23465,12,,,1,30,,23481,12,,,1,70,,23469,12,,,1,30,,23468,12,,,1,70,,23462,12,,,1,30,,23464,12,,,1
11000,'3',637,,23483,12,,,1,70,,23502,12,,,1,30,,23482,12,,,1,70,,23503,12,,,1,30,,23485,12,,,1,70,,23496,12,,,1,30,,23484,12,,,1,70,,23493,12,,,1,30,,23495,12,,,1,70,,23494,12,,,1,30,,23501,12,,,1,70,,23492,12,,,1,30,,23488,12,,,1,70,,23498,12,,,1,30,,23490,12,,,1,70,,23499,12,,,1,30,,23486,12,,,1,70,,23500,12,,,1,30,,23489,12,,,1,70,,23497,12,,,1,30,,23491,12,,,1,70,,23504,12,,,1,30,,23505,12,,,1,70,,23487,12,,,1,30,,23506,12,,,1
11000,'4',637,,23530,12,,,1,70,,23529,12,,,1,30,,23527,12,,,1,70,,23508,12,,,1,30,,23521,12,,,1,70,,23520,12,,,1,30,,23509,12,,,1,70,,23522,12,,,1,30,,23507,12,,,1,70,,23510,12,,,1,30,,23514,12,,,1,70,,23517,12,,,1,30,,23516,12,,,1,70,,23531,12,,,1,30,,23512,12,,,1,70,,23525,12,,,1,30,,23526,12,,,1,70,,23524,12,,,1,30,,23511,12,,,1,70,,23518,12,,,1,30,,23513,12,,,1,70,,23515,12,,,1,30,,23519,12,,,1,70,,23528,12,,,1,30,,23523,12,,,1
11000,'5',637,,23550,12,,,1,70,,23546,12,,,1,30,,23551,12,,,1,70,,23535,12,,,1,30,,23547,12,,,1,70,,23537,12,,,1,30,,23539,12,,,1,70,,23534,12,,,1,30,,23543,12,,,1,70,,23536,12,,,1,30,,23533,12,,,1,70,,23532,12,,,1,30,,23541,12,,,1,70,,23538,12,,,1,30,,23555,12,,,1,70,,23542,12,,,1,30,,23554,12,,,1,70,,23556,12,,,1,30,,23540,12,,,1,70,,23548,12,,,1,30,,23553,12,,,1,70,,23552,12,,,1,30,,23544,12,,,1,70,,23549,12,,,1,30,,23545,12,,,1
11000,'7',637,,23559,12,,,1,70,,23578,12,,,1,30,,23565,12,,,1,70,,23576,12,,,1,30,,23573,12,,,1,70,,23579,12,,,1,30,,23569,12,,,1,70,,23574,12,,,1,30,,23572,12,,,1,70,,23568,12,,,1,30,,23570,12,,,1,70,,23580,12,,,1,30,,23558,12,,,1,70,,23561,12,,,1,30,,23577,12,,,1,70,,23575,12,,,1,30,,23562,12,,,1,70,,23563,12,,,1,30,,23566,12,,,1,70,,23581,12,,,1,30,,23557,12,,,1,70,,23567,12,,,1,30,,23560,12,,,1,70,,23571,12,,,1,30,,23564,12,,,1
11000,'8',637,,23586,12,,,1,70,,23595,12,,,1,30,,23593,12,,,1,70,,23603,12,,,1,30,,23602,12,,,1,70,,23589,12,,,1,30,,23596,12,,,1,70,,23599,12,,,1,30,,23582,12,,,1,70,,23606,12,,,1,30,,23590,12,,,1,70,,23600,12,,,1,30,,23584,12,,,1,70,,23587,12,,,1,30,,23601,12,,,1,70,,23598,12,,,1,30,,23588,12,,,1,70,,23592,12,,,1,30,,23594,12,,,1,70,,23605,12,,,1,30,,23591,12,,,1,70,,23583,12,,,1,30,,23585,12,,,1,70,,23604,12,,,1,30,,23597,12,,,1
11000,'9',637,,23620,12,,,1,70,,23613,12,,,1,30,,23631,12,,,1,70,,23615,12,,,1,30,,23612,12,,,1,70,,23626,12,,,1,30,,23628,12,,,1,70,,23608,12,,,1,30,,23629,12,,,1,70,,23611,12,,,1,30,,23609,12,,,1,70,,23610,12,,,1,30,,23630,12,,,1,70,,23621,12,,,1,30,,23616,12,,,1,70,,23627,12,,,1,30,,23623,12,,,1,70,,23614,12,,,1,30,,23622,12,,,1,70,,23607,12,,,1,30,,23625,12,,,1,70,,23618,12,,,1,30,,23624,12,,,1,70,,23619,12,,,1,30,,23617,12,,,1
11500,'1',706,,25320,10,0,7 1 8,1,30,,25326,10,0,7 1 8,1,70,,25315,10,0,7 1 8,1,30,,25316,10,0,7 1 8,1,70,,25325,10,0,7 1 8,1,30,,25332,10,0,7 1 8,1,70,,25328,10,0,7 1 8,1,100,,25327,10,0,7 1 8,1,100,,25319,10,0,7 1 8,1,100,,25323,10,0,7 1 8,1,100,,25322,10,0,7 1 8,1,100,,25330,10,0,7 1 8,1,30,,25331,10,0,7 1 8,1,70,,25318,10,0,7 1 8,1,30,,25321,10,0,7 1 8,1,70,,25324,10,0,7 1 8,1,30,,25317,10,0,7 1 8,1,70,,25329,10,0,7 1 8,1
11500,'2',706,,25349,10,0,7 1 8,1,30,,25334,10,0,7 1 8,1,70,,25338,10,0,7 1 8,1,30,,25347,10,0,7 1 8,1,70,,25335,10,0,7 1 8,1,30,,25336,10,0,7 1 8,1,70,,25339,10,0,7 1 8,1,100,,25333,10,0,7 1 8,1,100,,25343,10,0,7 1 8,1,100,,25341,10,0,7 1 8,1,100,,25337,10,0,7 1 8,1,100,,25344,10,0,7 1 8,1,30,,25346,10,0,7 1 8,1,70,,25348,10,0,7 1 8,1,30,,25340,10,0,7 1 8,1,70,,25342,10,0,7 1 8,1,30,,25345,10,0,7 1 8,1,70,,25350,10,0,7 1 8,1
11500,'3',706,,25367,10,0,7 1 8,1,30,,25365,10,0,7 1 8,1,70,,25357,10,0,7 1 8,1,30,,25362,10,0,7 1 8,1,70,,25352,10,0,7 1 8,1,30,,25354,10,0,7 1 8,1,70,,25366,10,0,7 1 8,1,100,,25359,10,0,7 1 8,1,100,,25368,10,0,7 1 8,1,100,,25360,10,0,7 1 8,1,100,,25364,10,0,7 1 8,1,100,,25358,10,0,7 1 8,1,30,,25363,10,0,7 1 8,1,70,,25355,10,0,7 1 8,1,30,,25353,10,0,7 1 8,1,70,,25351,10,0,7 1 8,1,30,,25361,10,0,7 1 8,1,70,,25356,10,0,7 1 8,1
11500,'4',706,,25373,10,0,7 1 8,1,30,,25369,10,0,7 1 8,1,70,,25384,10,0,7 1 8,1,30,,25383,10,0,7 1 8,1,70,,25374,10,0,7 1 8,1,30,,25380,10,0,7 1 8,1,70,,25386,10,0,7 1 8,1,100,,25376,10,0,7 1 8,1,100,,25372,10,0,7 1 8,1,100,,25378,10,0,7 1 8,1,100,,25385,10,0,7 1 8,1,100,,25375,10,0,7 1 8,1,30,,25371,10,0,7 1 8,1,70,,25379,10,0,7 1 8,1,30,,25370,10,0,7 1 8,1,70,,25381,10,0,7 1 8,1,30,,25382,10,0,7 1 8,1,70,,25377,10,0,7 1 8,1
11500,'5',706,,25393,10,0,7 1 8,1,30,,25402,10,0,7 1 8,1,70,,25394,10,0,7 1 8,1,30,,25392,10,0,7 1 8,1,70,,25400,10,0,7 1 8,1,30,,25390,10,0,7 1 8,1,70,,25391,10,0,7 1 8,1,100,,25389,10,0,7 1 8,1,100,,25404,10,0,7 1 8,1,100,,25395,10,0,7 1 8,1,100,,25397,10,0,7 1 8,1,100,,25387,10,0,7 1 8,1,30,,25399,10,0,7 1 8,1,70,,25403,10,0,7 1 8,1,30,,25401,10,0,7 1 8,1,70,,25396,10,0,7 1 8,1,30,,25388,10,0,7 1 8,1,70,,25398,10,0,7 1 8,1
11500,'7',706,,25418,10,0,7 1 8,1,30,,25420,10,0,7 1 8,1,70,,25408,10,0,7 1 8,1,30,,25419,10,0,7 1 8,1,70,,25421,10,0,7 1 8,1,30,,25412,10,0,7 1 8,1,70,,25422,10,0,7 1 8,1,100,,25414,10,0,7 1 8,1,100,,25405,10,0,7 1 8,1,100,,25411,10,0,7 1 8,1,100,,25410,10,0,7 1 8,1,100,,25406,10,0,7 1 8,1,30,,25413,10,0,7 1 8,1,70,,25415,10,0,7 1 8,1,30,,25416,10,0,7 1 8,1,70,,25417,10,0,7 1 8,1,30,,25409,10,0,7 1 8,1,70,,25407,10,0,7 1 8,1
11500,'8',706,,25427,10,0,7 1 8,1,30,,25438,10,0,7 1 8,1,70,,25425,10,0,7 1 8,1,30,,25434,10,0,7 1 8,1,70,,25429,10,0,7 1 8,1,30,,25433,10,0,7 1 8,1,70,,25440,10,0,7 1 8,1,100,,25435,10,0,7 1 8,1,100,,25437,10,0,7 1 8,1,100,,25432,10,0,7 1 8,1,100,,25436,10,0,7 1 8,1,100,,25424,10,0,7 1 8,1,30,,25426,10,0,7 1 8,1,70,,25431,10,0,7 1 8,1,30,,25428,10,0,7 1 8,1,70,,25430,10,0,7 1 8,1,30,,25439,10,0,7 1 8,1,70,,25423,10,0,7 1 8,1
11500,'9',706,,25456,10,0,7 1 8,1,30,,25454,10,0,7 1 8,1,70,,25441,10,0,7 1 8,1,30,,25445,10,0,7 1 8,1,70,,25458,10,0,7 1 8,1,30,,25449,10,0,7 1 8,1,70,,25446,10,0,7 1 8,1,100,,25452,10,0,7 1 8,1,100,,25443,10,0,7 1 8,1,100,,25447,10,0,7 1 8,1,100,,25451,10,0,7 1 8,1,100,,25450,10,0,7 1 8,1,30,,25444,10,0,7 1 8,1,70,,25457,10,0,7 1 8,1,30,,25453,10,0,7 1 8,1,70,,25455,10,0,7 1 8,1,30,,25442,10,0,7 1 8,1,70,,25448,10,0,7 1 8,1
21000,'1',1910,,28340,10,,,1,30,,28339,10,,,1,70,,28344,10,,,1,30,,28341,10,,,1,70,,28342,10,,,1,30,,28343,10,,,1,70,,28338,10,,,1,30,,28337,10,,,1,70,,18348,10,,,1
21000,'10',740,,28364,10,,,1,70,,28349,10,,,1,30,,28351,10,,,1,70,,28370,10,,,1,30,,28354,10,,,1,70,,28353,10,,,1,30,,28371,10,,,1,70,,28368,10,,,1,30,,28360,10,,,1,70,,28365,10,,,1,30,,28347,10,,,1,70,,28352,10,,,1,30,,28345,10,,,1,70,,28361,10,,,1,30,,28362,10,,,1,70,,28357,10,,,1,30,,28359,10,,,1,70,,28356,10,,,1,30,,28350,10,,,1,70,,28346,10,,,1,30,,28358,10,,,1,70,,28367,10,,,1,30,,28369,10,,,1,70,,28366,10,,,1,30,,28363,10,,,1,70,,28355,10,,,1,30,,28348,10,,,1
21000,'11',740,,28374,10,,,1,70,,28395,10,,,1,30,,28397,10,,,1,70,,28388,10,,,1,30,,28389,10,,,1,70,,28372,10,,,1,30,,28387,10,,,1,70,,28396,10,,,1,30,,28375,10,,,1,70,,28392,10,,,1,30,,28391,10,,,1,70,,28385,10,,,1,30,,28398,10,,,1,70,,28384,10,,,1,30,,28394,10,,,1,70,,28383,10,,,1,30,,28377,10,,,1,70,,28380,10,,,1,30,,28373,10,,,1,70,,28376,10,,,1,30,,28386,10,,,1,70,,28379,10,,,1,30,,28378,10,,,1,70,,28382,10,,,1,30,,28381,10,,,1,70,,28393,10,,,1,30,,28390,10,,,1
21000,'2',1910,,18174,10,,,1,30,,28401,10,,,1,70,,28399,10,,,1,30,,28402,10,,,1,70,,28405,10,,,1,30,,28400,10,,,1,70,,28403,10,,,1,30,,28404,10,,,1,70,,28406,10,,,1
21000,'3',1910,,28411,10,,,1,30,,28408,10,,,1,70,,28410,10,,,1,30,,28412,10,,,1,70,,28414,10,,,1,30,,28415,10,,,1,70,,28407,10,,,1,30,,28413,10,,,1,70,,28409,10,,,1
21000,'4',1910,,28422,10,,,1,30,,28420,10,,,1,70,,28421,10,,,1,30,,28416,10,,,1,70,,28417,10,,,1,30,,28424,10,,,1,70,,28418,10,,,1,30,,28419,10,,,1,70,,28423,10,,,1
21000,'5',1910,,28431,10,,,1,30,,28433,10,,,1,70,,28428,10,,,1,30,,28427,10,,,1,70,,28425,10,,,1,30,,28430,10,,,1,70,,28426,10,,,1,30,,28429,10,,,1,70,,28432,10,,,1
21000,'6',740,,28446,10,,,1,70,,28437,10,,,1,30,,28458,10,,,1,70,,28443,10,,,1,30,,28457,10,,,1,70,,28435,10,,,1,30,,28434,10,,,1,70,,28440,10,,,1,30,,28444,10,,,1,70,,28438,10,,,1,30,,28455,10,,,1,70,,28436,10,,,1,30,,28450,10,,,1,70,,28453,10,,,1,30,,28451,10,,,1,70,,28456,10,,,1,30,,28448,10,,,1,70,,28447,10,,,1,30,,28441,10,,,1,70,,28454,10,,,1,30,,28449,10,,,1,70,,28445,10,,,1,30,,28442,10,,,1,70,,28439,10,,,1,30,,28460,10,,,1,70,,28452,10,,,1,30,,28459,10,,,1
21000,'7',1910,,28462,10,,,1,30,,28463,10,,,1,70,,28467,10,,,1,30,,28465,10,,,1,70,,28461,10,,,1,30,,28468,10,,,1,70,,28464,10,,,1,30,,28469,10,,,1,70,,28466,10,,,1
21000,'8',1910,,28478,10,,,1,30,,28470,10,,,1,70,,28476,10,,,1,30,,28471,10,,,1,70,,28475,10,,,1,30,,28477,10,,,1,70,,28473,10,,,1,30,,28472,10,,,1,70,,28474,10,,,1
21000,'9',1910,,28486,10,,,1,30,,28483,10,,,1,70,,28479,10,,,1,30,,28485,10,,,1,70,,28484,10,,,1,30,,28480,10,,,1,70,,28481,10,,,1,30,,28482,10,,,1,70,,28487,10,,,1
