10100,'1',709,,19742,18,,,1,30,,19743,18,,,1,70,,19746,18,,,1,30,,19744,18,,,1,70,,19757,18,,,1,30,,19748,18,,,1,70,,19756,18,,,1,100,,19758,18,,,1,100,,19751,18,,,1,100,,19749,18,,,1,100,,19750,18,,,1,100,,19745,18,,,1,30,,19755,18,,,1,70,,19753,18,,,1,30,,19759,18,,,1,70,,19747,18,,,1,30,,19754,18,,,1,70,,19752,18,,,1
10100,'2',709,,19776,18,,,1,30,,19773,18,,,1,70,,19772,18,,,1,30,,19767,18,,,1,70,,19766,18,,,1,30,,19760,18,,,1,70,,19768,18,,,1,100,,19761,18,,,1,100,,19774,18,,,1,100,,19762,18,,,1,100,,19763,18,,,1,100,,19777,18,,,1,30,,19765,18,,,1,70,,19771,18,,,1,30,,19769,18,,,1,70,,19764,18,,,1,30,,19775,18,,,1,70,,19770,18,,,1
10100,'3',709,,19793,18,,,1,30,,19780,18,,,1,70,,19785,18,,,1,30,,19783,18,,,1,70,,19789,18,,,1,30,,19788,18,,,1,70,,19795,18,,,1,100,,19792,18,,,1,100,,19778,18,,,1,100,,19781,18,,,1,100,,19784,18,,,1,100,,19787,18,,,1,30,,19794,18,,,1,70,,19779,18,,,1,30,,19791,18,,,1,70,,19782,18,,,1,30,,19790,18,,,1,70,,19786,18,,,1
10100,'4',709,,19808,18,,,1,30,,19807,18,,,1,70,,19812,18,,,1,30,,19799,18,,,1,70,,19805,18,,,1,30,,19797,18,,,1,70,,19803,18,,,1,100,,19800,18,,,1,100,,19810,18,,,1,100,,19806,18,,,1,100,,19798,18,,,1,100,,19813,18,,,1,30,,19802,18,,,1,70,,19796,18,,,1,30,,19809,18,,,1,70,,19801,18,,,1,30,,19804,18,,,1,70,,19811,18,,,1
10100,'5',709,,19815,18,,,1,30,,19831,18,,,1,70,,19816,18,,,1,30,,19825,18,,,1,70,,19827,18,,,1,30,,19828,18,,,1,70,,19824,18,,,1,100,,19818,18,,,1,100,,19826,18,,,1,100,,19817,18,,,1,100,,19820,18,,,1,100,,19822,18,,,1,30,,19830,18,,,1,70,,19819,18,,,1,30,,19823,18,,,1,70,,19814,18,,,1,30,,19829,18,,,1,70,,19821,18,,,1
10100,'7',709,,19832,18,,,1,30,,19845,18,,,1,70,,19843,18,,,1,30,,19839,18,,,1,70,,19841,18,,,1,30,,19836,18,,,1,70,,19833,18,,,1,100,,19847,18,,,1,100,,19834,18,,,1,100,,19849,18,,,1,100,,19842,18,,,1,100,,19844,18,,,1,30,,19848,18,,,1,70,,19837,18,,,1,30,,19835,18,,,1,70,,19840,18,,,1,30,,19838,18,,,1,70,,19846,18,,,1
10100,'8',709,,19862,18,,,1,30,,19851,18,,,1,70,,19852,18,,,1,30,,19866,18,,,1,70,,19864,18,,,1,30,,19860,18,,,1,70,,19850,18,,,1,100,,19867,18,,,1,100,,19856,18,,,1,100,,19858,18,,,1,100,,19859,18,,,1,100,,19853,18,,,1,30,,19855,18,,,1,70,,19863,18,,,1,30,,19854,18,,,1,70,,19861,18,,,1,30,,19865,18,,,1,70,,19857,18,,,1
10100,'9',709,,19875,18,,,1,30,,19870,18,,,1,70,,19878,18,,,1,30,,19877,18,,,1,70,,19868,18,,,1,30,,19876,18,,,1,70,,19884,18,,,1,100,,19881,18,,,1,100,,19883,18,,,1,100,,19879,18,,,1,100,,19871,18,,,1,100,,19872,18,,,1,30,,19882,18,,,1,70,,19880,18,,,1,30,,19873,18,,,1,70,,19874,18,,,1,30,,19885,18,,,1,70,,19869,18,,,1
10300,'1',644,,20317,25,,,1,100,,20326,25,,,1,70,,20325,25,,,1,30,,20323,25,,,1,70,,20320,25,,,1,30,,20330,25,,,1,70,,20334,25,,,1,30,,20329,25,,,1,100,,20327,25,,,1,100,,20318,25,,,1,100,,20324,25,,,1,100,,20322,25,,,1,100,,20319,25,,,1,70,,20316,25,,,1,30,,20321,25,,,1,70,,20332,25,,,1,30,,20328,25,,,1,70,,20333,25,,,1,30,,20331,25,,,1
10300,'2',644,,20347,25,,,1,100,,20349,25,,,1,70,,20345,25,,,1,30,,20338,25,,,1,70,,20351,25,,,1,30,,20335,25,,,1,70,,20340,25,,,1,30,,20339,25,,,1,100,,18114,25,,,1,100,,20336,25,,,1,100,,20342,25,,,1,100,,20337,25,,,1,100,,20343,25,,,1,70,,20346,25,,,1,30,,20350,25,,,1,70,,20348,25,,,1,30,,20352,25,,,1,70,,20344,25,,,1,30,,20341,25,,,1
10300,'3',644,,20353,25,,,1,100,,20362,25,,,1,70,,20369,25,,,1,30,,20358,25,,,1,70,,20363,25,,,1,30,,20354,25,,,1,70,,20364,25,,,1,30,,20367,25,,,1,100,,20370,25,,,1,100,,20371,25,,,1,100,,20355,25,,,1,100,,20356,25,,,1,100,,20359,25,,,1,70,,20365,25,,,1,30,,20361,25,,,1,70,,20357,25,,,1,30,,20366,25,,,1,70,,20360,25,,,1,30,,20368,25,,,1
10300,'4',644,,20390,25,,,1,100,,20388,25,,,1,70,,20376,25,,,1,30,,20377,25,,,1,70,,20389,25,,,1,30,,20387,25,,,1,70,,20382,25,,,1,30,,20378,25,,,1,100,,20374,25,,,1,100,,20372,25,,,1,100,,20375,25,,,1,100,,20383,25,,,1,100,,20381,25,,,1,70,,20373,25,,,1,30,,20386,25,,,1,70,,20385,25,,,1,30,,20380,25,,,1,70,,20379,25,,,1,30,,20384,25,,,1
10300,'5',644,,20400,25,,,1,100,,20403,25,,,1,70,,20395,25,,,1,30,,20397,25,,,1,70,,20405,25,,,1,30,,20407,25,,,1,70,,20409,25,,,1,30,,20394,25,,,1,100,,20404,25,,,1,100,,20401,25,,,1,100,,20396,25,,,1,100,,20398,25,,,1,100,,20406,25,,,1,70,,20399,25,,,1,30,,20393,25,,,1,70,,20402,25,,,1,30,,20392,25,,,1,70,,20408,25,,,1,30,,20391,25,,,1
10300,'7',644,,20423,25,,,1,100,,20419,25,,,1,70,,20417,25,,,1,30,,20428,25,,,1,70,,20427,25,,,1,30,,20421,25,,,1,70,,20422,25,,,1,30,,20413,25,,,1,100,,20411,25,,,1,100,,20414,25,,,1,100,,20426,25,,,1,100,,20412,25,,,1,100,,20420,25,,,1,70,,20415,25,,,1,30,,20424,25,,,1,70,,20425,25,,,1,30,,20418,25,,,1,70,,20410,25,,,1,30,,20416,25,,,1
10300,'8',644,,20442,25,,,1,100,,20439,25,,,1,70,,20432,25,,,1,30,,20444,25,,,1,70,,20433,25,,,1,30,,20435,25,,,1,70,,20441,25,,,1,30,,20434,25,,,1,100,,20429,25,,,1,100,,20436,25,,,1,100,,20447,25,,,1,100,,20438,25,,,1,100,,20445,25,,,1,70,,20437,25,,,1,30,,20443,25,,,1,70,,20446,25,,,1,30,,20430,25,,,1,70,,20431,25,,,1,30,,20440,25,,,1
10300,'9',644,,20448,25,,,1,100,,20458,25,,,1,70,,20457,25,,,1,30,,20464,25,,,1,70,,20452,25,,,1,30,,20462,25,,,1,70,,20453,25,,,1,30,,20461,25,,,1,100,,20460,25,,,1,100,,20449,25,,,1,100,,20450,25,,,1,100,,20459,25,,,1,100,,20465,25,,,1,70,,20463,25,,,1,30,,20454,25,,,1,70,,20455,25,,,1,30,,20451,25,,,1,70,,20466,25,,,1,30,,20456,25,,,1
11100,'1',608,,23841,13,,,1,30,,23848,13,,,1,70,,23853,13,,,1,30,,23835,13,,,1,70,,23840,13,,,1,30,,23845,13,,,1,70,,23843,13,,,1,30,,23838,13,,,1,70,,23831,13,,,1,30,,23839,13,,,1,70,,23850,13,,,1,30,,23851,13,,,1,70,,23844,13,,,1,30,,23834,13,,,1,70,,23847,13,,,1,30,,23832,13,,,1,70,,23836,13,,,1,30,,18733,13,,,1,70,,23852,13,,,1,30,,23837,13,,,1,70,,18504,13,,,1,30,,23849,13,,,1,70,,23842,13,,,1,30,,23833,13,,,1,70,,23830,13,,,1,30,,23846,13,,,1
11100,'2',608,,16031,13,,,1,30,,23858,13,,,1,70,,23873,13,,,1,30,,23856,13,,,1,70,,23862,13,,,1,30,,23877,13,,,1,70,,23874,13,,,1,30,,23864,13,,,1,70,,23875,13,,,1,30,,23870,13,,,1,70,,23868,13,,,1,30,,23865,13,,,1,70,,23869,13,,,1,30,,23857,13,,,1,70,,23860,13,,,1,30,,23855,13,,,1,70,,23872,13,,,1,30,,23867,13,,,1,70,,23854,13,,,1,30,,23859,13,,,1,70,,23863,13,,,1,30,,23876,13,,,1,70,,18688,13,,,1,30,,23866,13,,,1,70,,23871,13,,,1,30,,23861,13,,,1
11100,'3',608,,23903,13,,,1,30,,23881,13,,,1,70,,23899,13,,,1,30,,23879,13,,,1,70,,23900,13,,,1,30,,23902,13,,,1,70,,23901,13,,,1,30,,23896,13,,,1,70,,23887,13,,,1,30,,23897,13,,,1,70,,23891,13,,,1,30,,23885,13,,,1,70,,23878,13,,,1,30,,23888,13,,,1,70,,23893,13,,,1,30,,23882,13,,,1,70,,23892,13,,,1,30,,23889,13,,,1,70,,23880,13,,,1,30,,23884,13,,,1,70,,23883,13,,,1,30,,23895,13,,,1,70,,23890,13,,,1,30,,23894,13,,,1,70,,23898,13,,,1,30,,23886,13,,,1
11100,'4',608,,23918,13,,,1,30,,23911,13,,,1,70,,23915,13,,,1,30,,23906,13,,,1,70,,23929,13,,,1,30,,23919,13,,,1,70,,23912,13,,,1,30,,23917,13,,,1,70,,23910,13,,,1,30,,23925,13,,,1,70,,23907,13,,,1,30,,23924,13,,,1,70,,23909,13,,,1,30,,23927,13,,,1,70,,23926,13,,,1,30,,23908,13,,,1,70,,23905,13,,,1,30,,23904,13,,,1,70,,23913,13,,,1,30,,23916,13,,,1,70,,23923,13,,,1,30,,23920,13,,,1,70,,23921,13,,,1,30,,23914,13,,,1,70,,23928,13,,,1,30,,23922,13,,,1
11100,'5',608,,23945,13,,,1,30,,23950,13,,,1,70,,23931,13,,,1,30,,23938,13,,,1,70,,23939,13,,,1,30,,23953,13,,,1,70,,23951,13,,,1,30,,23946,13,,,1,70,,23948,13,,,1,30,,23935,13,,,1,70,,23942,13,,,1,30,,23940,13,,,1,70,,23954,13,,,1,30,,23944,13,,,1,70,,23934,13,,,1,30,,23947,13,,,1,70,,23943,13,,,1,30,,23952,13,,,1,70,,23949,13,,,1,30,,23955,13,,,1,70,,23930,13,,,1,30,,23932,13,,,1,70,,23936,13,,,1,30,,23941,13,,,1,70,,23937,13,,,1,30,,23933,13,,,1
11100,'7',608,,23964,13,,,1,30,,23981,13,,,1,70,,23965,13,,,1,30,,23971,13,,,1,70,,23960,13,,,1,30,,23967,13,,,1,70,,23961,13,,,1,30,,23958,13,,,1,70,,23956,13,,,1,30,,23969,13,,,1,70,,23962,13,,,1,30,,23980,13,,,1,70,,23977,13,,,1,30,,23959,13,,,1,70,,23974,13,,,1,30,,23973,13,,,1,70,,23979,13,,,1,30,,23978,13,,,1,70,,23966,13,,,1,30,,23970,13,,,1,70,,23972,13,,,1,30,,23975,13,,,1,70,,23968,13,,,1,30,,23976,13,,,1,70,,23963,13,,,1,30,,23957,13,,,1
11100,'8',608,,23997,13,,,1,30,,23996,13,,,1,70,,23995,13,,,1,30,,23988,13,,,1,70,,23993,13,,,1,30,,23983,13,,,1,70,,23992,13,,,1,30,,24004,13,,,1,70,,24003,13,,,1,30,,23984,13,,,1,70,,24006,13,,,1,30,,23994,13,,,1,70,,24007,13,,,1,30,,24002,13,,,1,70,,24005,13,,,1,30,,23998,13,,,1,70,,23985,13,,,1,30,,24001,13,,,1,70,,23990,13,,,1,30,,23987,13,,,1,70,,23999,13,,,1,30,,24000,13,,,1,70,,23982,13,,,1,30,,23989,13,,,1,70,,23991,13,,,1,30,,23986,13,,,1
11100,'9',608,,24019,13,,,1,30,,24018,13,,,1,70,,24014,13,,,1,30,,24022,13,,,1,70,,24027,13,,,1,30,,24033,13,,,1,70,,24016,13,,,1,30,,24020,13,,,1,70,,24015,13,,,1,30,,24017,13,,,1,70,,24013,13,,,1,30,,24026,13,,,1,70,,24023,13,,,1,30,,24011,13,,,1,70,,24021,13,,,1,30,,24012,13,,,1,70,,24030,13,,,1,30,,24008,13,,,1,70,,24009,13,,,1,30,,24024,13,,,1,70,,24032,13,,,1,30,,24029,13,,,1,70,,24031,13,,,1,30,,24010,13,,,1,70,,24028,13,,,1,30,,24025,13,,,1
11201,'1',728,,24323,29,,,1,100,,24322,29,,,1,100,,24337,29,,,1,100,,24324,29,,,1,100,,24333,29,,,1,100,,24334,29,,,1,100,,24336,29,,,1,100,,24339,29,,,1,100,,24331,29,,,1,100,,24330,29,,,1,100,,24341,29,,,1
11201,'2',728,,24359,29,,,1,100,,24348,29,,,1,100,,24356,29,,,1,100,,24347,29,,,1,100,,19525,29,,,1,100,,24352,29,,,1,100,,24360,29,,,1,100,,24346,29,,,1,100,,24353,29,,,1,100,,24345,29,,,1,100,,24354,29,,,1
11201,'3',728,,24385,29,,,1,100,,24367,29,,,1,100,,24365,29,,,1,100,,24383,29,,,1,100,,24380,29,,,1,100,,24374,29,,,1,100,,24382,29,,,1,100,,24366,29,,,1,100,,24371,29,,,1,100,,24378,29,,,1,100,,24364,29,,,1
11201,'4',728,,24394,29,,,1,100,,24387,29,,,1,100,,24406,29,,,1,100,,24393,29,,,1,100,,24404,29,,,1,100,,24403,29,,,1,100,,24401,29,,,1,100,,24405,29,,,1,100,,24391,29,,,1,100,,24407,29,,,1,100,,24392,29,,,1
11201,'5',728,,24413,29,,,1,100,,24408,29,,,1,100,,24426,29,,,1,100,,24429,29,,,1,100,,24412,29,,,1,100,,24417,29,,,1,100,,24419,29,,,1,100,,24423,29,,,1,100,,24427,29,,,1,100,,24428,29,,,1,100,,24418,29,,,1
11201,'7',728,,24440,29,,,1,100,,24438,29,,,1,100,,24451,29,,,1,100,,24431,29,,,1,100,,24448,29,,,1,100,,24435,29,,,1,100,,24447,29,,,1,100,,24442,29,,,1,100,,24441,29,,,1,100,,24449,29,,,1,100,,24432,29,,,1
11201,'8',728,,24473,29,,,1,100,,24467,29,,,1,100,,24459,29,,,1,100,,24472,29,,,1,100,,24456,29,,,1,100,,24469,29,,,1,100,,24468,29,,,1,100,,24454,29,,,1,100,,24466,29,,,1,100,,24461,29,,,1,100,,24452,29,,,1
11201,'9',728,,24484,29,,,1,100,,24485,29,,,1,100,,24479,29,,,1,100,,24474,29,,,1,100,,24481,29,,,1,100,,24478,29,,,1,100,,24487,29,,,1,100,,24494,29,,,1,100,,24482,29,,,1,100,,24488,29,,,1,100,,24477,29,,,1
20300,'1',1913,,26519,26,,,1,30,,26514,26,,,1,70,,26516,26,,,1,30,,19313,26,,,1,70,,26513,26,,,1,30,,26517,26,,,1,70,,26515,26,,,1,30,,26512,26,,,1,70,,26518,26,,,1
20300,'10',743,,26525,26,,,1,70,,26536,26,,,1,30,,26521,26,,,1,70,,26546,26,,,1,30,,26545,26,,,1,70,,26529,26,,,1,30,,26544,26,,,1,70,,26526,26,,,1,30,,26530,26,,,1,70,,26531,26,,,1,30,,26528,26,,,1,70,,26537,26,,,1,30,,26523,26,,,1,70,,26527,26,,,1,30,,26520,26,,,1,70,,26542,26,,,1,30,,26524,26,,,1,70,,26533,26,,,1,30,,26540,26,,,1,70,,26522,26,,,1,30,,26538,26,,,1,70,,26532,26,,,1,30,,26543,26,,,1,70,,26534,26,,,1,30,,26535,26,,,1,70,,26541,26,,,1,30,,26539,26,,,1
20300,'11',743,,26571,26,,,1,70,,26558,26,,,1,30,,26572,26,,,1,70,,26553,26,,,1,30,,26573,26,,,1,70,,26547,26,,,1,30,,26561,26,,,1,70,,26560,26,,,1,30,,26569,26,,,1,70,,26549,26,,,1,30,,26566,26,,,1,70,,26554,26,,,1,30,,26550,26,,,1,70,,26551,26,,,1,30,,26556,26,,,1,70,,26548,26,,,1,30,,26564,26,,,1,70,,26563,26,,,1,30,,26559,26,,,1,70,,26555,26,,,1,30,,26562,26,,,1,70,,26552,26,,,1,30,,26557,26,,,1,70,,26567,26,,,1,30,,26565,26,,,1,70,,26570,26,,,1,30,,26568,26,,,1
20300,'2',1913,,26581,26,,,1,30,,26575,26,,,1,70,,26580,26,,,1,30,,26578,26,,,1,70,,26582,26,,,1,30,,26579,26,,,1,70,,26576,26,,,1,30,,26574,26,,,1,70,,26577,26,,,1
20300,'3',1913,,26585,26,,,1,30,,26589,26,,,1,70,,26586,26,,,1,30,,26590,26,,,1,70,,26583,26,,,1,30,,26591,26,,,1,70,,26584,26,,,1,30,,26587,26,,,1,70,,26588,26,,,1
20300,'4',1913,,26598,26,,,1,30,,26592,26,,,1,70,,26594,26,,,1,30,,26595,26,,,1,70,,26599,26,,,1,30,,26597,26,,,1,70,,26600,26,,,1,30,,26596,26,,,1,70,,26593,26,,,1
20300,'5',1913,,26607,26,,,1,30,,26601,26,,,1,70,,26606,26,,,1,30,,26604,26,,,1,70,,26609,26,,,1,30,,26605,26,,,1,70,,26602,26,,,1,30,,26603,26,,,1,70,,26608,26,,,1
20300,'6',743,,26622,26,,,1,70,,26636,26,,,1,30,,26628,26,,,1,70,,26621,26,,,1,30,,26616,26,,,1,70,,26618,26,,,1,30,,26619,26,,,1,70,,26624,26,,,1,30,,26611,26,,,1,70,,26625,26,,,1,30,,26617,26,,,1,70,,26633,26,,,1,30,,26614,26,,,1,70,,26610,26,,,1,30,,26630,26,,,1,70,,26612,26,,,1,30,,26634,26,,,1,70,,26623,26,,,1,30,,26627,26,,,1,70,,26615,26,,,1,30,,26631,26,,,1,70,,26635,26,,,1,30,,26620,26,,,1,70,,26626,26,,,1,30,,26632,26,,,1,70,,26629,26,,,1,30,,26613,26,,,1
20300,'7',1913,,26637,26,,,1,30,,26643,26,,,1,70,,26638,26,,,1,30,,26644,26,,,1,70,,26640,26,,,1,30,,26641,26,,,1,70,,26645,26,,,1,30,,26642,26,,,1,70,,26639,26,,,1
20300,'8',1913,,26650,26,,,1,30,,26652,26,,,1,70,,26649,26,,,1,30,,26654,26,,,1,70,,26646,26,,,1,30,,26648,26,,,1,70,,26651,26,,,1,30,,26647,26,,,1,70,,26653,26,,,1
20300,'9',1913,,26656,26,,,1,30,,26657,26,,,1,70,,26658,26,,,1,30,,26663,26,,,1,70,,26661,26,,,1,30,,26655,26,,,1,70,,26659,26,,,1,30,,26662,26,,,1,70,,26660,26,,,1
21100,'1',1908,,28653,13,,,1,30,,28657,13,,,1,70,,28658,13,,,1,30,,18236,13,,,1,70,,28652,13,,,1,30,,28651,13,,,1,70,,28656,13,,,1,30,,28655,13,,,1,70,,28654,13,,,1
21100,'10',738,,28668,13,,,1,70,,28660,13,,,1,30,,28665,13,,,1,70,,28680,13,,,1,30,,28671,13,,,1,70,,28669,13,,,1,30,,28672,13,,,1,70,,19674,13,,,1,30,,28679,13,,,1,70,,28682,13,,,1,30,,28664,13,,,1,70,,28674,13,,,1,30,,28661,13,,,1,70,,28662,13,,,1,30,,28676,13,,,1,70,,28675,13,,,1,30,,28681,13,,,1,70,,28673,13,,,1,30,,28670,13,,,1,70,,28667,13,,,1,30,,28677,13,,,1,70,,28683,13,,,1,30,,19537,13,,,1,70,,28659,13,,,1,30,,28663,13,,,1,70,,28666,13,,,1,30,,28678,13,,,1
21100,'11',738,,28685,13,,,1,70,,28698,13,,,1,30,,28696,13,,,1,70,,28703,13,,,1,30,,28707,13,,,1,70,,28693,13,,,1,30,,28697,13,,,1,70,,28686,13,,,1,30,,28691,13,,,1,70,,28709,13,,,1,30,,28702,13,,,1,70,,28689,13,,,1,30,,28694,13,,,1,70,,28688,13,,,1,30,,28700,13,,,1,70,,28684,13,,,1,30,,28687,13,,,1,70,,28701,13,,,1,30,,28695,13,,,1,70,,28690,13,,,1,30,,28710,13,,,1,70,,28699,13,,,1,30,,28706,13,,,1,70,,28704,13,,,1,30,,28705,13,,,1,70,,28708,13,,,1,30,,28692,13,,,1
21100,'2',1908,,28716,13,,,1,30,,28718,13,,,1,70,,28719,13,,,1,30,,28711,13,,,1,70,,28712,13,,,1,30,,28715,13,,,1,70,,28717,13,,,1,30,,28714,13,,,1,70,,28713,13,,,1
21100,'3',1908,,28727,13,,,1,30,,28728,13,,,1,70,,28721,13,,,1,30,,28724,13,,,1,70,,28723,13,,,1,30,,28725,13,,,1,70,,28720,13,,,1,30,,28726,13,,,1,70,,28722,13,,,1
21100,'4',1908,,28729,13,,,1,30,,28731,13,,,1,70,,28732,13,,,1,30,,28734,13,,,1,70,,28730,13,,,1,30,,28733,13,,,1,70,,28736,13,,,1,30,,28735,13,,,1,70,,28737,13,,,1
21100,'5',1908,,28742,13,,,1,30,,28739,13,,,1,70,,28745,13,,,1,30,,28740,13,,,1,70,,28744,13,,,1,30,,28738,13,,,1,70,,28741,13,,,1,30,,28743,13,,,1,70,,28746,13,,,1
21100,'6',738,,28772,13,,,1,70,,28760,13,,,1,30,,28753,13,,,1,70,,28769,13,,,1,30,,28762,13,,,1,70,,28767,13,,,1,30,,28757,13,,,1,70,,28768,13,,,1,30,,28750,13,,,1,70,,28765,13,,,1,30,,28761,13,,,1,70,,28771,13,,,1,30,,28763,13,,,1,70,,28770,13,,,1,30,,28756,13,,,1,70,,28755,13,,,1,30,,28749,13,,,1,70,,28752,13,,,1,30,,28759,13,,,1,70,,28764,13,,,1,30,,28766,13,,,1,70,,28773,13,,,1,30,,28758,13,,,1,70,,28748,13,,,1,30,,28754,13,,,1,70,,28751,13,,,1,30,,28747,13,,,1
21100,'7',1908,,28777,13,,,1,30,,28782,13,,,1,70,,28780,13,,,1,30,,28779,13,,,1,70,,28775,13,,,1,30,,28774,13,,,1,70,,28778,13,,,1,30,,28776,13,,,1,70,,28781,13,,,1
21100,'8',1908,,28786,13,,,1,30,,28787,13,,,1,70,,28790,13,,,1,30,,28789,13,,,1,70,,28788,13,,,1,30,,28791,13,,,1,70,,28784,13,,,1,30,,28783,13,,,1,70,,28785,13,,,1
21100,'9',1908,,28792,13,,,1,30,,28796,13,,,1,70,,28795,13,,,1,30,,28798,13,,,1,70,,28799,13,,,1,30,,28794,13,,,1,70,,28800,13,,,1,30,,28797,13,,,1,70,,28793,13,,,1
