10901,'1',612,,23258,2,,,1,100,,23252,2,,,1,100,,23263,2,,,1,100,,23245,2,,,1,100,,23260,2,,,1,100,,23257,2,,,1,100,,23264,2,,,1,100,,23265,2,,,1,100,,23255,2,,,1,100,,15874,2,,,1,100,,17460,2,,,1,100,,23247,2,,,1
10901,'2',612,,23274,2,,,1,100,,23279,2,,,1,100,,23275,2,,,1,100,,23271,2,,,1,100,,23288,2,,,1,100,,17478,2,,,1,100,,23272,2,,,1,100,,23269,2,,,1,100,,23286,2,,,1,100,,23282,2,,,1,100,,23285,2,,,1,100,,23268,2,,,1
10901,'3',612,,23302,2,,,1,100,,23296,2,,,1,100,,23303,2,,,1,100,,23299,2,,,1,100,,23306,2,,,1,100,,23290,2,,,1,100,,23289,2,,,1,100,,23304,2,,,1,100,,23308,2,,,1,100,,23294,2,,,1,100,,23310,2,,,1,100,,23298,2,,,1
10901,'4',612,,23332,2,,,1,100,,23323,2,,,1,100,,23336,2,,,1,100,,23334,2,,,1,100,,23335,2,,,1,100,,23318,2,,,1,100,,23330,2,,,1,100,,23321,2,,,1,100,,23320,2,,,1,100,,23315,2,,,1,100,,23313,2,,,1,100,,23316,2,,,1
10901,'5',612,,23350,2,,,1,100,,23337,2,,,1,100,,23360,2,,,1,100,,23347,2,,,1,100,,23352,2,,,1,100,,23354,2,,,1,100,,23349,2,,,1,100,,23338,2,,,1,100,,23343,2,,,1,100,,23341,2,,,1,100,,23353,2,,,1,100,,23348,2,,,1
10901,'7',612,,23377,2,,,1,100,,23362,2,,,1,100,,23373,2,,,1,100,,23370,2,,,1,100,,23375,2,,,1,100,,23367,2,,,1,100,,23383,2,,,1,100,,23381,2,,,1,100,,23361,2,,,1,100,,23363,2,,,1,100,,23382,2,,,1,100,,23379,2,,,1
10901,'8',612,,23392,2,,,1,100,,23394,2,,,1,100,,23408,2,,,1,100,,23406,2,,,1,100,,23388,2,,,1,100,,23398,2,,,1,100,,23397,2,,,1,100,,23402,2,,,1,100,,23391,2,,,1,100,,23401,2,,,1,100,,23385,2,,,1,100,,23390,2,,,1
10901,'9',612,,23423,2,,,1,100,,23424,2,,,1,100,,23432,2,,,1,100,,23417,2,,,1,100,,23416,2,,,1,100,,23425,2,,,1,100,,23415,2,,,1,100,,23427,2,,,1,100,,23418,2,,,1,100,,23429,2,,,1,100,,23431,2,,,1,100,,23421,2,,,1
11300,'1',642,,24505,2,0,14 15 16,1,100,,24514,2,0,14 15 16,1,100,,24511,2,0,14 15 16,1,100,,24531,2,0,14 15 16,1,100,,24498,2,0,14 15 16,1,100,,24530,2,0,14 15 16,1,100,,24519,2,0,14 15 16,1,100,,24501,2,0,14 15 16,1,100,,24529,2,0,14 15 16,1,100,,24524,2,0,14 15 16,1,100,,24497,2,0,14 15 16,1,100,,24496,2,0,14 15 16,1,100,,24508,2,0,14 15 16,1
11300,'2',642,,24562,2,0,14 15 16,1,100,,24551,2,0,14 15 16,1,100,,24544,2,0,14 15 16,1,100,,17870,2,0,14 15 16,1,100,,24569,2,0,14 15 16,1,100,,24554,2,0,14 15 16,1,100,,24547,2,0,14 15 16,1,100,,24535,2,0,14 15 16,1,100,,24550,2,0,14 15 16,1,100,,24565,2,0,14 15 16,1,100,,24540,2,0,14 15 16,1,100,,24545,2,0,14 15 16,1,100,,24567,2,0,14 15 16,1
11300,'3',642,,24587,2,0,14 15 16,1,100,,24585,2,0,14 15 16,1,100,,24593,2,0,14 15 16,1,100,,24607,2,0,14 15 16,1,100,,24577,2,0,14 15 16,1,100,,24579,2,0,14 15 16,1,100,,24590,2,0,14 15 16,1,100,,24595,2,0,14 15 16,1,100,,24572,2,0,14 15 16,1,100,,24602,2,0,14 15 16,1,100,,24601,2,0,14 15 16,1,100,,24599,2,0,14 15 16,1,100,,24603,2,0,14 15 16,1
11300,'4',642,,24646,2,0,14 15 16,1,100,,24622,2,0,14 15 16,1,100,,24610,2,0,14 15 16,1,100,,24613,2,0,14 15 16,1,100,,24635,2,0,14 15 16,1,100,,24621,2,0,14 15 16,1,100,,24631,2,0,14 15 16,1,100,,24625,2,0,14 15 16,1,100,,24614,2,0,14 15 16,1,100,,24641,2,0,14 15 16,1,100,,24615,2,0,14 15 16,1,100,,24612,2,0,14 15 16,1,100,,24648,2,0,14 15 16,1
11300,'5',642,,24678,2,0,14 15 16,1,100,,24663,2,0,14 15 16,1,100,,24661,2,0,14 15 16,1,100,,24684,2,0,14 15 16,1,100,,24681,2,0,14 15 16,1,100,,24685,2,0,14 15 16,1,100,,24649,2,0,14 15 16,1,100,,24676,2,0,14 15 16,1,100,,24662,2,0,14 15 16,1,100,,24665,2,0,14 15 16,1,100,,24655,2,0,14 15 16,1,100,,24660,2,0,14 15 16,1,100,,24659,2,0,14 15 16,1
11300,'7',642,,24699,2,0,14 15 16,1,100,,24690,2,0,14 15 16,1,100,,24713,2,0,14 15 16,1,100,,24725,2,0,14 15 16,1,100,,24698,2,0,14 15 16,1,100,,24710,2,0,14 15 16,1,100,,24702,2,0,14 15 16,1,100,,24691,2,0,14 15 16,1,100,,24694,2,0,14 15 16,1,100,,24705,2,0,14 15 16,1,100,,24701,2,0,14 15 16,1,100,,24717,2,0,14 15 16,1,100,,24688,2,0,14 15 16,1
11300,'8',642,,24736,2,0,14 15 16,1,100,,24740,2,0,14 15 16,1,100,,24757,2,0,14 15 16,1,100,,24743,2,0,14 15 16,1,100,,24760,2,0,14 15 16,1,100,,24738,2,0,14 15 16,1,100,,24731,2,0,14 15 16,1,100,,24728,2,0,14 15 16,1,100,,24750,2,0,14 15 16,1,100,,24737,2,0,14 15 16,1,100,,24753,2,0,14 15 16,1,100,,24747,2,0,14 15 16,1,100,,24761,2,0,14 15 16,1
11300,'9',642,,24788,2,0,14 15 16,1,100,,24789,2,0,14 15 16,1,100,,24774,2,0,14 15 16,1,100,,24792,2,0,14 15 16,1,100,,24784,2,0,14 15 16,1,100,,24796,2,0,14 15 16,1,100,,24771,2,0,14 15 16,1,100,,24767,2,0,14 15 16,1,100,,24802,2,0,14 15 16,1,100,,24781,2,0,14 15 16,1,100,,24775,2,0,14 15 16,1,100,,24791,2,0,14 15 16,1,100,,24794,2,0,14 15 16,1
20901,'1',1812,,28174,2,,,1,100,,28176,2,,,1,100,,28177,2,,,1,100,,28181,2,,,1,100,,28183,2,,,1
20901,'10',712,,28200,2,,,1,100,,28186,2,,,1,100,,28202,2,,,1,100,,28196,2,,,1,100,,28203,2,,,1,100,,16293,2,,,1,100,,28206,2,,,1,100,,28201,2,,,1,100,,28199,2,,,1,100,,28207,2,,,1,100,,28192,2,,,1,100,,28190,2,,,1,100,,28189,2,,,1,100,,28204,2,,,1
20901,'11',712,,28231,2,,,1,100,,28222,2,,,1,100,,28211,2,,,1,100,,28218,2,,,1,100,,28229,2,,,1,100,,28234,2,,,1,100,,28225,2,,,1,100,,28216,2,,,1,100,,28232,2,,,1,100,,28215,2,,,1,100,,28226,2,,,1,100,,28224,2,,,1,100,,28236,2,,,1,100,,28219,2,,,1
20901,'2',1812,,28239,2,,,1,100,,28242,2,,,1,100,,28243,2,,,1,100,,28244,2,,,1,100,,28247,2,,,1
20901,'3',1812,,28257,2,,,1,100,,28250,2,,,1,100,,28249,2,,,1,100,,28256,2,,,1,100,,28255,2,,,1
20901,'4',1812,,28259,2,,,1,100,,28264,2,,,1,100,,28262,2,,,1,100,,28265,2,,,1,100,,28263,2,,,1
20901,'5',1812,,28275,2,,,1,100,,28276,2,,,1,100,,28278,2,,,1,100,,28273,2,,,1,100,,28272,2,,,1
20901,'6',712,,28280,2,,,1,100,,28305,2,,,1,100,,28296,2,,,1,100,,28297,2,,,1,100,,28283,2,,,1,100,,28282,2,,,1,100,,28292,2,,,1,100,,28302,2,,,1,100,,28301,2,,,1,100,,28290,2,,,1,100,,28295,2,,,1,100,,28286,2,,,1,100,,28284,2,,,1,100,,28299,2,,,1
20901,'7',1812,,28315,2,,,1,100,,28308,2,,,1,100,,28313,2,,,1,100,,28310,2,,,1,100,,28316,2,,,1
20901,'8',1812,,28317,2,,,1,100,,28322,2,,,1,100,,28323,2,,,1,100,,28326,2,,,1,100,,28321,2,,,1
20901,'9',1812,,28328,2,,,1,100,,28327,2,,,1,100,,28332,2,,,1,100,,28329,2,,,1,100,,28335,2,,,1
