10501,'1',627,,21326,4,,,1,100,,21351,4,,,1,30,,21333,4,,,1,70,,21342,4,,,1,30,,21345,4,,,1,70,,21340,4,,,1,30,,21324,4,,,1,70,,21349,4,,,1,100,,21335,4,,,1,100,,21352,4,,,1,100,,21338,4,,,1,100,,21323,4,,,1,100,,21327,4,,,1,30,,21329,4,,,1,70,,21353,4,,,1,30,,21322,4,,,1,70,,21336,4,,,1,30,,21344,4,,,1,70,,21321,4,,,1
10501,'2',627,,21376,4,,,1,100,,21379,4,,,1,30,,21387,4,,,1,70,,21369,4,,,1,30,,21378,4,,,1,70,,21377,4,,,1,30,,21372,4,,,1,70,,21386,4,,,1,100,,21383,4,,,1,100,,21357,4,,,1,100,,21382,4,,,1,100,,21374,4,,,1,100,,18132,4,,,1,30,,21373,4,,,1,70,,21367,4,,,1,30,,21368,4,,,1,70,,21359,4,,,1,30,,17299,4,,,1,70,,21389,4,,,1
10501,'3',627,,21427,4,,,1,100,,21408,4,,,1,30,,21407,4,,,1,70,,21392,4,,,1,30,,21406,4,,,1,70,,21393,4,,,1,30,,21414,4,,,1,70,,21424,4,,,1,100,,21409,4,,,1,100,,21397,4,,,1,100,,21423,4,,,1,100,,21403,4,,,1,100,,21401,4,,,1,30,,21398,4,,,1,70,,21396,4,,,1,30,,21425,4,,,1,70,,21390,4,,,1,30,,21400,4,,,1,70,,21417,4,,,1
10501,'4',627,,21446,4,,,1,100,,21465,4,,,1,30,,21459,4,,,1,70,,21444,4,,,1,30,,21432,4,,,1,70,,21464,4,,,1,30,,21452,4,,,1,70,,21463,4,,,1,100,,21450,4,,,1,100,,21435,4,,,1,100,,21454,4,,,1,100,,21461,4,,,1,100,,21458,4,,,1,30,,21436,4,,,1,70,,21430,4,,,1,30,,21456,4,,,1,70,,21460,4,,,1,30,,21453,4,,,1,70,,21455,4,,,1
10501,'5',627,,21498,4,,,1,100,,21493,4,,,1,30,,21499,4,,,1,70,,21469,4,,,1,30,,21476,4,,,1,70,,21473,4,,,1,30,,21478,4,,,1,70,,21501,4,,,1,100,,21490,4,,,1,100,,21486,4,,,1,100,,21470,4,,,1,100,,21475,4,,,1,100,,21481,4,,,1,30,,21492,4,,,1,70,,21484,4,,,1,30,,21485,4,,,1,70,,21489,4,,,1,30,,21471,4,,,1,70,,21477,4,,,1
10501,'7',627,,21536,4,,,1,100,,21512,4,,,1,30,,21506,4,,,1,70,,21504,4,,,1,30,,21529,4,,,1,70,,21526,4,,,1,30,,21532,4,,,1,70,,21527,4,,,1,100,,21509,4,,,1,100,,21505,4,,,1,100,,21537,4,,,1,100,,21534,4,,,1,100,,21517,4,,,1,30,,21514,4,,,1,70,,21513,4,,,1,30,,21519,4,,,1,70,,21530,4,,,1,30,,21528,4,,,1,70,,21515,4,,,1
10501,'8',627,,21561,4,,,1,100,,21559,4,,,1,30,,21552,4,,,1,70,,21560,4,,,1,30,,21544,4,,,1,70,,21562,4,,,1,30,,21556,4,,,1,70,,21542,4,,,1,100,,21555,4,,,1,100,,21557,4,,,1,100,,21551,4,,,1,100,,21549,4,,,1,100,,21547,4,,,1,30,,21576,4,,,1,70,,21566,4,,,1,30,,21550,4,,,1,70,,21546,4,,,1,30,,21563,4,,,1,70,,21575,4,,,1
10501,'9',627,,21596,4,,,1,100,,21591,4,,,1,30,,21586,4,,,1,70,,21614,4,,,1,30,,21610,4,,,1,70,,21611,4,,,1,30,,21615,4,,,1,70,,21597,4,,,1,100,,21617,4,,,1,100,,21600,4,,,1,100,,21606,4,,,1,100,,21594,4,,,1,100,,21581,4,,,1,30,,21592,4,,,1,70,,21607,4,,,1,30,,21603,4,,,1,70,,21601,4,,,1,30,,21590,4,,,1,70,,21598,4,,,1
20501,'1',1926,,18082,4,,,1,100,,27311,4,,,1,100,,27314,4,,,1,100,,27316,4,,,1
20501,'10',726,,27340,4,,,1,100,,27344,4,,,1,100,,27327,4,,,1,100,,27335,4,,,1,100,,27339,4,,,1,100,,27320,4,,,1,100,,27326,4,,,1,100,,27338,4,,,1,100,,27324,4,,,1,100,,27325,4,,,1,100,,27322,4,,,1,100,,27334,4,,,1,100,,27333,4,,,1,100,,27341,4,,,1
20501,'11',726,,27354,4,,,1,100,,27350,4,,,1,100,,27362,4,,,1,100,,27347,4,,,1,100,,27355,4,,,1,100,,27359,4,,,1,100,,27372,4,,,1,100,,27364,4,,,1,100,,27357,4,,,1,100,,27371,4,,,1,100,,27373,4,,,1,100,,27353,4,,,1,100,,27369,4,,,1,100,,27356,4,,,1
20501,'2',1926,,27378,4,,,1,100,,27376,4,,,1,100,,27379,4,,,1,100,,27377,4,,,1
20501,'3',1926,,27389,4,,,1,100,,27383,4,,,1,100,,27387,4,,,1,100,,27382,4,,,1
20501,'4',1926,,27393,4,,,1,100,,27395,4,,,1,100,,27392,4,,,1,100,,27394,4,,,1
20501,'5',1926,,27405,4,,,1,100,,27401,4,,,1,100,,27402,4,,,1,100,,27399,4,,,1
20501,'6',726,,27408,4,,,1,100,,27432,4,,,1,100,,27424,4,,,1,100,,27433,4,,,1,100,,27417,4,,,1,100,,27412,4,,,1,100,,27420,4,,,1,100,,27410,4,,,1,100,,27430,4,,,1,100,,27411,4,,,1,100,,27429,4,,,1,100,,27406,4,,,1,100,,27409,4,,,1,100,,27426,4,,,1
20501,'7',1926,,27438,4,,,1,100,,27439,4,,,1,100,,27441,4,,,1,100,,27437,4,,,1
20501,'8',1926,,27445,4,,,1,100,,27449,4,,,1,100,,27443,4,,,1,100,,27447,4,,,1
20501,'9',1926,,27457,4,,,1,100,,27452,4,,,1,100,,27450,4,,,1,100,,27453,4,,,1
