10800,'1',704,,22568,9,,,1,30,,22559,9,,,1,70,,22555,9,,,1,30,,17782,9,,,1,70,,22563,9,,,1,30,,22545,9,,,1,100,,22540,9,,,1,100,,22561,9,,,1,100,,22566,9,,,1,100,,22565,9,,,1,100,,22552,9,,,1,70,,22549,9,,,1,30,,22550,9,,,1,70,,22562,9,,,1,30,,22542,9,,,1,70,,22564,9,,,1,30,,22557,9,,,1
10800,'2',704,,22587,9,,,1,30,,22583,9,,,1,70,,22579,9,,,1,30,,22573,9,,,1,70,,22572,9,,,1,30,,22584,9,,,1,100,,22570,9,,,1,100,,22601,9,,,1,100,,22590,9,,,1,100,,22586,9,,,1,100,,22588,9,,,1,70,,22598,9,,,1,30,,22571,9,,,1,70,,22578,9,,,1,30,,22575,9,,,1,70,,22574,9,,,1,30,,22589,9,,,1
10800,'3',704,,22630,9,,,1,30,,22629,9,,,1,70,,22608,9,,,1,30,,22612,9,,,1,70,,22623,9,,,1,30,,22634,9,,,1,100,,22624,9,,,1,100,,22633,9,,,1,100,,22606,9,,,1,100,,22609,9,,,1,100,,22621,9,,,1,70,,22619,9,,,1,30,,22631,9,,,1,70,,22615,9,,,1,30,,22617,9,,,1,70,,22622,9,,,1,30,,22610,9,,,1
10800,'4',704,,22656,9,,,1,30,,22644,9,,,1,70,,22665,9,,,1,30,,22658,9,,,1,70,,22668,9,,,1,30,,22652,9,,,1,100,,22663,9,,,1,100,,22637,9,,,1,100,,22661,9,,,1,100,,22642,9,,,1,100,,22641,9,,,1,70,,22651,9,,,1,30,,22660,9,,,1,70,,22655,9,,,1,30,,22646,9,,,1,70,,22654,9,,,1,30,,22645,9,,,1
10800,'5',704,,22681,9,,,1,30,,22700,9,,,1,70,,22698,9,,,1,30,,22676,9,,,1,70,,22703,9,,,1,30,,22694,9,,,1,100,,22702,9,,,1,100,,22693,9,,,1,100,,22682,9,,,1,100,,22689,9,,,1,100,,22699,9,,,1,70,,22685,9,,,1,30,,22686,9,,,1,70,,22704,9,,,1,30,,22690,9,,,1,70,,22675,9,,,1,30,,22678,9,,,1
10800,'7',704,,22729,9,,,1,30,,22715,9,,,1,70,,22725,9,,,1,30,,22719,9,,,1,70,,22730,9,,,1,30,,22733,9,,,1,100,,22738,9,,,1,100,,22721,9,,,1,100,,22736,9,,,1,100,,22722,9,,,1,100,,22720,9,,,1,70,,22734,9,,,1,30,,22706,9,,,1,70,,22712,9,,,1,30,,22705,9,,,1,70,,22710,9,,,1,30,,22728,9,,,1
10800,'8',704,,22740,9,,,1,30,,22772,9,,,1,70,,22752,9,,,1,30,,22756,9,,,1,70,,22739,9,,,1,30,,22764,9,,,1,100,,22744,9,,,1,100,,22758,9,,,1,100,,22751,9,,,1,100,,22768,9,,,1,100,,22762,9,,,1,70,,22745,9,,,1,30,,22747,9,,,1,70,,22761,9,,,1,30,,22755,9,,,1,70,,22759,9,,,1,30,,22748,9,,,1
10800,'9',704,,22773,9,,,1,30,,22782,9,,,1,70,,22786,9,,,1,30,,22780,9,,,1,70,,22796,9,,,1,30,,22799,9,,,1,100,,22800,9,,,1,100,,22783,9,,,1,100,,22806,9,,,1,100,,22804,9,,,1,100,,22792,9,,,1,70,,22793,9,,,1,30,,22777,9,,,1,70,,22788,9,,,1,30,,22784,9,,,1,70,,22778,9,,,1,30,,22791,9,,,1
11401,'1',644,,25223,18,,,1,100,,25228,18,,,1,100,,25220,18,,,1,100,,25219,18,,,1,100,,25230,18,,,1,100,,25227,18,,,1,100,,25226,18,,,1,100,,25225,18,,,1,100,,25229,18,,,1,100,,25222,18,,,1,100,,25224,18,,,1,100,,25221,18,,,1
11401,'2',644,,25242,18,,,1,100,,25234,18,,,1,100,,25240,18,,,1,100,,25232,18,,,1,100,,25238,18,,,1,100,,25239,18,,,1,100,,25233,18,,,1,100,,25236,18,,,1,100,,25231,18,,,1,100,,25235,18,,,1,100,,25237,18,,,1,100,,25241,18,,,1
11401,'3',644,,25245,18,,,1,100,,25247,18,,,1,100,,25243,18,,,1,100,,25248,18,,,1,100,,25251,18,,,1,100,,25254,18,,,1,100,,25250,18,,,1,100,,25252,18,,,1,100,,25253,18,,,1,100,,25244,18,,,1,100,,25246,18,,,1,100,,25249,18,,,1
11401,'4',644,,25256,18,,,1,100,,25257,18,,,1,100,,25261,18,,,1,100,,25258,18,,,1,100,,25255,18,,,1,100,,25263,18,,,1,100,,25264,18,,,1,100,,25262,18,,,1,100,,25260,18,,,1,100,,25265,18,,,1,100,,25259,18,,,1,100,,25266,18,,,1
11401,'5',644,,25270,18,,,1,100,,25273,18,,,1,100,,25271,18,,,1,100,,25275,18,,,1,100,,25277,18,,,1,100,,25272,18,,,1,100,,25274,18,,,1,100,,25268,18,,,1,100,,25278,18,,,1,100,,25267,18,,,1,100,,25276,18,,,1,100,,25269,18,,,1
11401,'7',644,,25280,18,,,1,100,,25283,18,,,1,100,,25286,18,,,1,100,,25290,18,,,1,100,,25289,18,,,1,100,,25287,18,,,1,100,,25282,18,,,1,100,,25285,18,,,1,100,,25281,18,,,1,100,,25279,18,,,1,100,,25288,18,,,1,100,,25284,18,,,1
11401,'8',644,,25299,18,,,1,100,,25298,18,,,1,100,,25301,18,,,1,100,,25292,18,,,1,100,,25295,18,,,1,100,,25294,18,,,1,100,,25302,18,,,1,100,,25300,18,,,1,100,,25291,18,,,1,100,,25296,18,,,1,100,,25297,18,,,1,100,,25293,18,,,1
11401,'9',644,,25312,18,,,1,100,,25308,18,,,1,100,,25305,18,,,1,100,,25314,18,,,1,100,,25310,18,,,1,100,,25307,18,,,1,100,,25304,18,,,1,100,,25306,18,,,1,100,,25309,18,,,1,100,,25311,18,,,1,100,,25303,18,,,1,100,,25313,18,,,1
21401,'1',1846,,29314,24,,,1,100,,29315,24,,,1,100,,29313,24,,,1,100,,29312,24,,,1,100,,29311,24,,,1
21401,'10',746,,29324,24,,,1,100,,29323,24,,,1,100,,29327,24,,,1,100,,29322,24,,,1,100,,29325,24,,,1,100,,29316,24,,,1,100,,29326,24,,,1,100,,29319,24,,,1,100,,29320,24,,,1,100,,17231,24,,,1,100,,29317,24,,,1,100,,29318,24,,,1,100,,29321,24,,,1
21401,'11',746,,29335,24,,,1,100,,29331,24,,,1,100,,29334,24,,,1,100,,29328,24,,,1,100,,29329,24,,,1,100,,29336,24,,,1,100,,29330,24,,,1,100,,29338,24,,,1,100,,29339,24,,,1,100,,29332,24,,,1,100,,29337,24,,,1,100,,29340,24,,,1,100,,29333,24,,,1
21401,'2',1846,,29344,24,,,1,100,,29343,24,,,1,100,,29342,24,,,1,100,,29341,24,,,1,100,,29345,24,,,1
21401,'3',1846,,29347,24,,,1,100,,29350,24,,,1,100,,29348,24,,,1,100,,29346,24,,,1,100,,29349,24,,,1
21401,'4',1846,,29354,24,,,1,100,,29352,24,,,1,100,,29355,24,,,1,100,,29353,24,,,1,100,,29351,24,,,1
21401,'5',1846,,29360,24,,,1,100,,29358,24,,,1,100,,29357,24,,,1,100,,29356,24,,,1,100,,29359,24,,,1
21401,'6',746,,29373,24,,,1,100,,29365,24,,,1,100,,29368,24,,,1,100,,29367,24,,,1,100,,29370,24,,,1,100,,29366,24,,,1,100,,29361,24,,,1,100,,29364,24,,,1,100,,29372,24,,,1,100,,29369,24,,,1,100,,29363,24,,,1,100,,29371,24,,,1,100,,29362,24,,,1
21401,'7',1846,,29377,24,,,1,100,,29374,24,,,1,100,,29375,24,,,1,100,,29378,24,,,1,100,,29376,24,,,1
21401,'8',1846,,29382,24,,,1,100,,29379,24,,,1,100,,29380,24,,,1,100,,29381,24,,,1,100,,29383,24,,,1
21401,'9',1846,,29388,24,,,1,100,,29386,24,,,1,100,,29387,24,,,1,100,,29385,24,,,1,100,,29384,24,,,1
