10701,'1',621,,22096,10,,,1,100,,22111,10,,,1,30,,22108,10,,,1,70,,22105,10,,,1,30,,22065,10,,,1,70,,22062,10,,,1,100,,22087,10,,,1,100,,22107,10,,,1,100,,22112,10,,,1,100,,22077,10,,,1,100,,22100,10,,,1,30,,22064,10,,,1,70,,22092,10,,,1,30,,22115,10,,,1,70,,22101,10,,,1,30,,22113,10,,,1,70,,22063,10,,,1,30,,22060,10,,,1,70,,22074,10,,,1,100,,22080,10,,,1
10701,'2',621,,22153,10,,,1,100,,22150,10,,,1,30,,22151,10,,,1,70,,22142,10,,,1,30,,22144,10,,,1,70,,22156,10,,,1,100,,22175,10,,,1,100,,22123,10,,,1,100,,22157,10,,,1,100,,22147,10,,,1,100,,22174,10,,,1,30,,22161,10,,,1,70,,22159,10,,,1,30,,22149,10,,,1,70,,22143,10,,,1,30,,22131,10,,,1,70,,22163,10,,,1,30,,22132,10,,,1,70,,22134,10,,,1,100,,18598,10,,,1
10701,'3',621,,22228,10,,,1,100,,22231,10,,,1,30,,22212,10,,,1,70,,22226,10,,,1,30,,22211,10,,,1,70,,22196,10,,,1,100,,22215,10,,,1,100,,22190,10,,,1,100,,22195,10,,,1,100,,22198,10,,,1,100,,22202,10,,,1,30,,22207,10,,,1,70,,22232,10,,,1,30,,22179,10,,,1,70,,22209,10,,,1,30,,22206,10,,,1,70,,22217,10,,,1,30,,22216,10,,,1,70,,22210,10,,,1,100,,22220,10,,,1
10701,'4',621,,22286,10,,,1,100,,22276,10,,,1,30,,22261,10,,,1,70,,22247,10,,,1,30,,22279,10,,,1,70,,22275,10,,,1,100,,22284,10,,,1,100,,22270,10,,,1,100,,22242,10,,,1,100,,22288,10,,,1,100,,22243,10,,,1,30,,22249,10,,,1,70,,22272,10,,,1,30,,22236,10,,,1,70,,22251,10,,,1,30,,22280,10,,,1,70,,22295,10,,,1,30,,22287,10,,,1,70,,22237,10,,,1,100,,22262,10,,,1
10701,'5',621,,22340,10,,,1,100,,22313,10,,,1,30,,22337,10,,,1,70,,22352,10,,,1,30,,22307,10,,,1,70,,22343,10,,,1,100,,22316,10,,,1,100,,22344,10,,,1,100,,22349,10,,,1,100,,22350,10,,,1,100,,22310,10,,,1,30,,22347,10,,,1,70,,22348,10,,,1,30,,22299,10,,,1,70,,22301,10,,,1,30,,22322,10,,,1,70,,22318,10,,,1,30,,22296,10,,,1,70,,22298,10,,,1,100,,22333,10,,,1
10701,'7',621,,22372,10,,,1,100,,22364,10,,,1,30,,22377,10,,,1,70,,22358,10,,,1,30,,22366,10,,,1,70,,22406,10,,,1,100,,22411,10,,,1,100,,22407,10,,,1,100,,22373,10,,,1,100,,22413,10,,,1,100,,22404,10,,,1,30,,22403,10,,,1,70,,22389,10,,,1,30,,22359,10,,,1,70,,22408,10,,,1,30,,22362,10,,,1,70,,22399,10,,,1,30,,22380,10,,,1,70,,22378,10,,,1,100,,22374,10,,,1
10701,'8',621,,22444,10,,,1,100,,22461,10,,,1,30,,22425,10,,,1,70,,22419,10,,,1,30,,22417,10,,,1,70,,22475,10,,,1,100,,22466,10,,,1,100,,22472,10,,,1,100,,22443,10,,,1,100,,22469,10,,,1,100,,22426,10,,,1,30,,22458,10,,,1,70,,22468,10,,,1,30,,22453,10,,,1,70,,22433,10,,,1,30,,22423,10,,,1,70,,22454,10,,,1,30,,22428,10,,,1,70,,22437,10,,,1,100,,22457,10,,,1
10701,'9',621,,22526,10,,,1,100,,22507,10,,,1,30,,22513,10,,,1,70,,22495,10,,,1,30,,22532,10,,,1,70,,22499,10,,,1,100,,22510,10,,,1,100,,22533,10,,,1,100,,22496,10,,,1,100,,22528,10,,,1,100,,22487,10,,,1,30,,22522,10,,,1,70,,22505,10,,,1,30,,22504,10,,,1,70,,22492,10,,,1,30,,22500,10,,,1,70,,22509,10,,,1,30,,22498,10,,,1,70,,22520,10,,,1,100,,22502,10,,,1
21001,'1',1850,,28496,6,,,1,70,,28488,6,,,1,30,,28495,6,,,1,70,,28490,6,,,1,30,,28491,6,,,1,70,,28489,6,,,1,30,,28497,6,,,1,70,,28493,6,,,1,30,,28492,6,,,1,70,,28494,6,,,1
21001,'10',720,,28506,6,,,1,30,,28522,6,,,1,70,,28503,6,,,1,30,,28518,6,,,1,70,,28514,6,,,1,30,,28507,6,,,1,70,,28510,6,,,1,30,,28512,6,,,1,70,,28498,6,,,1,30,,28521,6,,,1,70,,28523,6,,,1,30,,28513,6,,,1,70,,28517,6,,,1,30,,28500,6,,,1,70,,28515,6,,,1,30,,28516,6,,,1,70,,28520,6,,,1,30,,28505,6,,,1,70,,28501,6,,,1,30,,28508,6,,,1,70,,28504,6,,,1,30,,28519,6,,,1,70,,28524,6,,,1,30,,28499,6,,,1,70,,28511,6,,,1,30,,28509,6,,,1,70,,28502,6,,,1,30,,19132,6,,,1
21001,'11',720,,28539,6,,,1,30,,28530,6,,,1,70,,28537,6,,,1,30,,28540,6,,,1,70,,28527,6,,,1,30,,28532,6,,,1,70,,28552,6,,,1,30,,28542,6,,,1,70,,28546,6,,,1,30,,28534,6,,,1,70,,28525,6,,,1,30,,28549,6,,,1,70,,28538,6,,,1,30,,28544,6,,,1,70,,28541,6,,,1,30,,28551,6,,,1,70,,28543,6,,,1,30,,28550,6,,,1,70,,28547,6,,,1,30,,28533,6,,,1,70,,28529,6,,,1,30,,28526,6,,,1,70,,28545,6,,,1,30,,28536,6,,,1,70,,28528,6,,,1,30,,28535,6,,,1,70,,28548,6,,,1,30,,28531,6,,,1
21001,'2',1850,,28557,6,,,1,70,,28553,6,,,1,30,,28559,6,,,1,70,,28562,6,,,1,30,,28556,6,,,1,70,,28555,6,,,1,30,,28560,6,,,1,70,,28558,6,,,1,30,,28554,6,,,1,70,,28561,6,,,1
21001,'3',1850,,28563,6,,,1,70,,28566,6,,,1,30,,28571,6,,,1,70,,28569,6,,,1,30,,28567,6,,,1,70,,28565,6,,,1,30,,28572,6,,,1,70,,28570,6,,,1,30,,28564,6,,,1,70,,28568,6,,,1
21001,'4',1850,,28577,6,,,1,70,,28574,6,,,1,30,,28573,6,,,1,70,,28581,6,,,1,30,,28576,6,,,1,70,,28579,6,,,1,30,,28582,6,,,1,70,,28578,6,,,1,30,,28575,6,,,1,70,,28580,6,,,1
21001,'5',1850,,28590,6,,,1,70,,28584,6,,,1,30,,28591,6,,,1,70,,28583,6,,,1,30,,28587,6,,,1,70,,28586,6,,,1,30,,28589,6,,,1,70,,28588,6,,,1,30,,28592,6,,,1,70,,28585,6,,,1
21001,'6',720,,28596,6,,,1,30,,28620,6,,,1,70,,28594,6,,,1,30,,28595,6,,,1,70,,28614,6,,,1,30,,28603,6,,,1,70,,28605,6,,,1,30,,28598,6,,,1,70,,28609,6,,,1,30,,28617,6,,,1,70,,28613,6,,,1,30,,28597,6,,,1,70,,28612,6,,,1,30,,28607,6,,,1,70,,28606,6,,,1,30,,28602,6,,,1,70,,28610,6,,,1,30,,28608,6,,,1,70,,28616,6,,,1,30,,28599,6,,,1,70,,28593,6,,,1,30,,28600,6,,,1,70,,28618,6,,,1,30,,28611,6,,,1,70,,28601,6,,,1,30,,28615,6,,,1,70,,28619,6,,,1,30,,28604,6,,,1
21001,'7',1850,,28623,6,,,1,70,,28628,6,,,1,30,,28625,6,,,1,70,,28629,6,,,1,30,,28630,6,,,1,70,,28621,6,,,1,30,,28627,6,,,1,70,,28622,6,,,1,30,,28626,6,,,1,70,,28624,6,,,1
21001,'8',1850,,28640,6,,,1,70,,28631,6,,,1,30,,28639,6,,,1,70,,28632,6,,,1,30,,28635,6,,,1,70,,28633,6,,,1,30,,28637,6,,,1,70,,28634,6,,,1,30,,28638,6,,,1,70,,28636,6,,,1
21001,'9',1850,,28648,6,,,1,70,,28645,6,,,1,30,,28643,6,,,1,70,,28646,6,,,1,30,,28641,6,,,1,70,,28650,6,,,1,30,,28644,6,,,1,70,,28647,6,,,1,30,,28642,6,,,1,70,,28649,6,,,1
