10500,'1',553,,21026,11,,,1,100,,21028,11,,,1,70,,21052,11,,,1,30,,21025,11,,,1,70,,21044,11,,,1,30,,21030,11,,,1,70,,21024,11,,,1,30,,21056,11,,,1,100,,21037,11,,,1,100,,21027,11,,,1,100,,21049,11,,,1,100,,21029,11,,,1,100,,21050,11,,,1,70,,21021,11,,,1,30,,21043,11,,,1,70,,21055,11,,,1,30,,18649,11,,,1,70,,21039,11,,,1,30,,21038,11,,,1
10500,'2',553,,21078,11,,,1,100,,21092,11,,,1,70,,21069,11,,,1,30,,21086,11,,,1,70,,21074,11,,,1,30,,21058,11,,,1,70,,21059,11,,,1,30,,21064,11,,,1,100,,21062,11,,,1,100,,21057,11,,,1,100,,21083,11,,,1,100,,21075,11,,,1,100,,21085,11,,,1,70,,21072,11,,,1,30,,21088,11,,,1,70,,21068,11,,,1,30,,21063,11,,,1,70,,21070,11,,,1,30,,21084,11,,,1
10500,'3',553,,21094,11,,,1,100,,21109,11,,,1,70,,21114,11,,,1,30,,21113,11,,,1,70,,21123,11,,,1,30,,21120,11,,,1,70,,21122,11,,,1,30,,21110,11,,,1,100,,21111,11,,,1,100,,21095,11,,,1,100,,21126,11,,,1,100,,21100,11,,,1,100,,21119,11,,,1,70,,21093,11,,,1,30,,21101,11,,,1,70,,21097,11,,,1,30,,21112,11,,,1,70,,21096,11,,,1,30,,21129,11,,,1
10500,'4',553,,21138,11,,,1,100,,21148,11,,,1,70,,21133,11,,,1,30,,21146,11,,,1,70,,21164,11,,,1,30,,21156,11,,,1,70,,21140,11,,,1,30,,21161,11,,,1,100,,21151,11,,,1,100,,21144,11,,,1,100,,21142,11,,,1,100,,21166,11,,,1,100,,21147,11,,,1,70,,21136,11,,,1,30,,21149,11,,,1,70,,21163,11,,,1,30,,21167,11,,,1,70,,21141,11,,,1,30,,21132,11,,,1
10500,'5',553,,21169,11,,,1,100,,21183,11,,,1,70,,21197,11,,,1,30,,21170,11,,,1,70,,21179,11,,,1,30,,21175,11,,,1,70,,21182,11,,,1,30,,21192,11,,,1,100,,21206,11,,,1,100,,21191,11,,,1,100,,21188,11,,,1,100,,21202,11,,,1,100,,21199,11,,,1,70,,21186,11,,,1,30,,21203,11,,,1,70,,21189,11,,,1,30,,21195,11,,,1,70,,21177,11,,,1,30,,21181,11,,,1
10500,'7',553,,21214,11,,,1,100,,21240,11,,,1,70,,21238,11,,,1,30,,21226,11,,,1,70,,21221,11,,,1,30,,21216,11,,,1,70,,21224,11,,,1,30,,21232,11,,,1,100,,21230,11,,,1,100,,21212,11,,,1,100,,21241,11,,,1,100,,21228,11,,,1,100,,21217,11,,,1,70,,21219,11,,,1,30,,21233,11,,,1,70,,21215,11,,,1,30,,21231,11,,,1,70,,21239,11,,,1,30,,21242,11,,,1
10500,'8',553,,21269,11,,,1,100,,21258,11,,,1,70,,21265,11,,,1,30,,21280,11,,,1,70,,21281,11,,,1,30,,21271,11,,,1,70,,21251,11,,,1,30,,21277,11,,,1,100,,21273,11,,,1,100,,21266,11,,,1,100,,21246,11,,,1,100,,21245,11,,,1,100,,21259,11,,,1,70,,21248,11,,,1,30,,21274,11,,,1,70,,21264,11,,,1,30,,21276,11,,,1,70,,21270,11,,,1,30,,21263,11,,,1
10500,'9',553,,21320,11,,,1,100,,21298,11,,,1,70,,21288,11,,,1,30,,21305,11,,,1,70,,21297,11,,,1,30,,21316,11,,,1,70,,21302,11,,,1,30,,21306,11,,,1,100,,21284,11,,,1,100,,21286,11,,,1,100,,21289,11,,,1,100,,21290,11,,,1,100,,21287,11,,,1,70,,21296,11,,,1,30,,21308,11,,,1,70,,21318,11,,,1,30,,21313,11,,,1,70,,21283,11,,,1,30,,21285,11,,,1
20500,'1',1852,,27166,11,,,1,100,,27168,11,,,1,100,,27167,11,,,1,100,,27169,11,,,1
20500,'10',652,,27194,11,,,1,100,,27174,11,,,1,100,,27184,11,,,1,100,,27186,11,,,1,100,,27192,11,,,1,100,,27173,11,,,1,100,,27188,11,,,1,100,,27181,11,,,1,100,,27191,11,,,1,100,,27179,11,,,1,100,,27197,11,,,1,100,,27189,11,,,1,100,,27193,11,,,1,100,,27172,11,,,1
20500,'11',652,,27207,11,,,1,100,,27199,11,,,1,100,,27211,11,,,1,100,,27219,11,,,1,100,,27202,11,,,1,100,,27203,11,,,1,100,,27212,11,,,1,100,,27205,11,,,1,100,,27225,11,,,1,100,,27206,11,,,1,100,,27217,11,,,1,100,,27208,11,,,1,100,,27204,11,,,1,100,,27222,11,,,1
20500,'2',1852,,27228,11,,,1,100,,27229,11,,,1,100,,27231,11,,,1,100,,27232,11,,,1
20500,'3',1852,,27238,11,,,1,100,,27236,11,,,1,100,,27242,11,,,1,100,,27239,11,,,1
20500,'4',1852,,27249,11,,,1,100,,27250,11,,,1,100,,27244,11,,,1,100,,27245,11,,,1
20500,'5',1852,,27252,11,,,1,100,,27258,11,,,1,100,,27257,11,,,1,100,,27255,11,,,1
20500,'6',652,,27271,11,,,1,100,,27266,11,,,1,100,,27267,11,,,1,100,,27269,11,,,1,100,,27274,11,,,1,100,,27264,11,,,1,100,,27273,11,,,1,100,,27276,11,,,1,100,,27282,11,,,1,100,,27265,11,,,1,100,,27260,11,,,1,100,,27278,11,,,1,100,,27259,11,,,1,100,,27270,11,,,1
20500,'7',1852,,27294,11,,,1,100,,27289,11,,,1,100,,27293,11,,,1,100,,27290,11,,,1
20500,'8',1852,,27296,11,,,1,100,,27300,11,,,1,100,,27301,11,,,1,100,,27295,11,,,1
20500,'9',1852,,27310,11,,,1,100,,27303,11,,,1,100,,27306,11,,,1,100,,27304,11,,,1
