21401,'1',1845,,29314,23,,,1,100,,29315,23,,,1,100,,29313,23,,,1,100,,29312,23,,,1,100,,29311,23,,,1
21401,'10',745,,29324,23,,,1,100,,29323,23,,,1,100,,29327,23,,,1,100,,29322,23,,,1,100,,29325,23,,,1,100,,29316,23,,,1,100,,29326,23,,,1,100,,29319,23,,,1,100,,29320,23,,,1,100,,17231,23,,,1,100,,29317,23,,,1,100,,29318,23,,,1,100,,29321,23,,,1
21401,'11',745,,29335,23,,,1,100,,29331,23,,,1,100,,29334,23,,,1,100,,29328,23,,,1,100,,29329,23,,,1,100,,29336,23,,,1,100,,29330,23,,,1,100,,29338,23,,,1,100,,29339,23,,,1,100,,29332,23,,,1,100,,29337,23,,,1,100,,29340,23,,,1,100,,29333,23,,,1
21401,'2',1845,,29344,23,,,1,100,,29343,23,,,1,100,,29342,23,,,1,100,,29341,23,,,1,100,,29345,23,,,1
21401,'3',1845,,29347,23,,,1,100,,29350,23,,,1,100,,29348,23,,,1,100,,29346,23,,,1,100,,29349,23,,,1
21401,'4',1845,,29354,23,,,1,100,,29352,23,,,1,100,,29355,23,,,1,100,,29353,23,,,1,100,,29351,23,,,1
21401,'5',1845,,29360,23,,,1,100,,29358,23,,,1,100,,29357,23,,,1,100,,29356,23,,,1,100,,29359,23,,,1
21401,'6',745,,29373,23,,,1,100,,29365,23,,,1,100,,29368,23,,,1,100,,29367,23,,,1,100,,29370,23,,,1,100,,29366,23,,,1,100,,29361,23,,,1,100,,29364,23,,,1,100,,29372,23,,,1,100,,29369,23,,,1,100,,29363,23,,,1,100,,29371,23,,,1,100,,29362,23,,,1
21401,'7',1845,,29377,23,,,1,100,,29374,23,,,1,100,,29375,23,,,1,100,,29378,23,,,1,100,,29376,23,,,1
21401,'8',1845,,29382,23,,,1,100,,29379,23,,,1,100,,29380,23,,,1,100,,29381,23,,,1,100,,29383,23,,,1
21401,'9',1845,,29388,23,,,1,100,,29386,23,,,1,100,,29387,23,,,1,100,,29385,23,,,1,100,,29384,23,,,1
