10300,'1',632,,20317,4,,,1,100,,20326,4,,,1,70,,20325,4,,,1,30,,20323,4,,,1,70,,20320,4,,,1,30,,20330,4,,,1,70,,20334,4,,,1,30,,20329,4,,,1,100,,20327,4,,,1,100,,20318,4,,,1,100,,20324,4,,,1,100,,20322,4,,,1,100,,20319,4,,,1,70,,20316,4,,,1,30,,20321,4,,,1,70,,20332,4,,,1,30,,20328,4,,,1,70,,20333,4,,,1,30,,20331,4,,,1
10300,'2',632,,20347,4,,,1,100,,20349,4,,,1,70,,20345,4,,,1,30,,20338,4,,,1,70,,20351,4,,,1,30,,20335,4,,,1,70,,20340,4,,,1,30,,20339,4,,,1,100,,18114,4,,,1,100,,20336,4,,,1,100,,20342,4,,,1,100,,20337,4,,,1,100,,20343,4,,,1,70,,20346,4,,,1,30,,20350,4,,,1,70,,20348,4,,,1,30,,20352,4,,,1,70,,20344,4,,,1,30,,20341,4,,,1
10300,'3',632,,20353,4,,,1,100,,20362,4,,,1,70,,20369,4,,,1,30,,20358,4,,,1,70,,20363,4,,,1,30,,20354,4,,,1,70,,20364,4,,,1,30,,20367,4,,,1,100,,20370,4,,,1,100,,20371,4,,,1,100,,20355,4,,,1,100,,20356,4,,,1,100,,20359,4,,,1,70,,20365,4,,,1,30,,20361,4,,,1,70,,20357,4,,,1,30,,20366,4,,,1,70,,20360,4,,,1,30,,20368,4,,,1
10300,'4',632,,20390,4,,,1,100,,20388,4,,,1,70,,20376,4,,,1,30,,20377,4,,,1,70,,20389,4,,,1,30,,20387,4,,,1,70,,20382,4,,,1,30,,20378,4,,,1,100,,20374,4,,,1,100,,20372,4,,,1,100,,20375,4,,,1,100,,20383,4,,,1,100,,20381,4,,,1,70,,20373,4,,,1,30,,20386,4,,,1,70,,20385,4,,,1,30,,20380,4,,,1,70,,20379,4,,,1,30,,20384,4,,,1
10300,'5',632,,20400,4,,,1,100,,20403,4,,,1,70,,20395,4,,,1,30,,20397,4,,,1,70,,20405,4,,,1,30,,20407,4,,,1,70,,20409,4,,,1,30,,20394,4,,,1,100,,20404,4,,,1,100,,20401,4,,,1,100,,20396,4,,,1,100,,20398,4,,,1,100,,20406,4,,,1,70,,20399,4,,,1,30,,20393,4,,,1,70,,20402,4,,,1,30,,20392,4,,,1,70,,20408,4,,,1,30,,20391,4,,,1
10300,'7',632,,20423,4,,,1,100,,20419,4,,,1,70,,20417,4,,,1,30,,20428,4,,,1,70,,20427,4,,,1,30,,20421,4,,,1,70,,20422,4,,,1,30,,20413,4,,,1,100,,20411,4,,,1,100,,20414,4,,,1,100,,20426,4,,,1,100,,20412,4,,,1,100,,20420,4,,,1,70,,20415,4,,,1,30,,20424,4,,,1,70,,20425,4,,,1,30,,20418,4,,,1,70,,20410,4,,,1,30,,20416,4,,,1
10300,'8',632,,20442,4,,,1,100,,20439,4,,,1,70,,20432,4,,,1,30,,20444,4,,,1,70,,20433,4,,,1,30,,20435,4,,,1,70,,20441,4,,,1,30,,20434,4,,,1,100,,20429,4,,,1,100,,20436,4,,,1,100,,20447,4,,,1,100,,20438,4,,,1,100,,20445,4,,,1,70,,20437,4,,,1,30,,20443,4,,,1,70,,20446,4,,,1,30,,20430,4,,,1,70,,20431,4,,,1,30,,20440,4,,,1
10300,'9',632,,20448,4,,,1,100,,20458,4,,,1,70,,20457,4,,,1,30,,20464,4,,,1,70,,20452,4,,,1,30,,20462,4,,,1,70,,20453,4,,,1,30,,20461,4,,,1,100,,20460,4,,,1,100,,20449,4,,,1,100,,20450,4,,,1,100,,20459,4,,,1,100,,20465,4,,,1,70,,20463,4,,,1,30,,20454,4,,,1,70,,20455,4,,,1,30,,20451,4,,,1,70,,20466,4,,,1,30,,20456,4,,,1
20300,'1',1902,,26519,3,,,1,30,,26514,3,,,1,70,,26516,3,,,1,30,,19313,3,,,1,70,,26513,3,,,1,30,,26517,3,,,1,70,,26515,3,,,1,30,,26512,3,,,1,70,,26518,3,,,1
20300,'10',732,,26525,3,,,1,70,,26536,3,,,1,30,,26521,3,,,1,70,,26546,3,,,1,30,,26545,3,,,1,70,,26529,3,,,1,30,,26544,3,,,1,70,,26526,3,,,1,30,,26530,3,,,1,70,,26531,3,,,1,30,,26528,3,,,1,70,,26537,3,,,1,30,,26523,3,,,1,70,,26527,3,,,1,30,,26520,3,,,1,70,,26542,3,,,1,30,,26524,3,,,1,70,,26533,3,,,1,30,,26540,3,,,1,70,,26522,3,,,1,30,,26538,3,,,1,70,,26532,3,,,1,30,,26543,3,,,1,70,,26534,3,,,1,30,,26535,3,,,1,70,,26541,3,,,1,30,,26539,3,,,1
20300,'11',732,,26571,3,,,1,70,,26558,3,,,1,30,,26572,3,,,1,70,,26553,3,,,1,30,,26573,3,,,1,70,,26547,3,,,1,30,,26561,3,,,1,70,,26560,3,,,1,30,,26569,3,,,1,70,,26549,3,,,1,30,,26566,3,,,1,70,,26554,3,,,1,30,,26550,3,,,1,70,,26551,3,,,1,30,,26556,3,,,1,70,,26548,3,,,1,30,,26564,3,,,1,70,,26563,3,,,1,30,,26559,3,,,1,70,,26555,3,,,1,30,,26562,3,,,1,70,,26552,3,,,1,30,,26557,3,,,1,70,,26567,3,,,1,30,,26565,3,,,1,70,,26570,3,,,1,30,,26568,3,,,1
20300,'2',1902,,26581,3,,,1,30,,26575,3,,,1,70,,26580,3,,,1,30,,26578,3,,,1,70,,26582,3,,,1,30,,26579,3,,,1,70,,26576,3,,,1,30,,26574,3,,,1,70,,26577,3,,,1
20300,'3',1902,,26585,3,,,1,30,,26589,3,,,1,70,,26586,3,,,1,30,,26590,3,,,1,70,,26583,3,,,1,30,,26591,3,,,1,70,,26584,3,,,1,30,,26587,3,,,1,70,,26588,3,,,1
20300,'4',1902,,26598,3,,,1,30,,26592,3,,,1,70,,26594,3,,,1,30,,26595,3,,,1,70,,26599,3,,,1,30,,26597,3,,,1,70,,26600,3,,,1,30,,26596,3,,,1,70,,26593,3,,,1
20300,'5',1902,,26607,3,,,1,30,,26601,3,,,1,70,,26606,3,,,1,30,,26604,3,,,1,70,,26609,3,,,1,30,,26605,3,,,1,70,,26602,3,,,1,30,,26603,3,,,1,70,,26608,3,,,1
20300,'6',732,,26622,3,,,1,70,,26636,3,,,1,30,,26628,3,,,1,70,,26621,3,,,1,30,,26616,3,,,1,70,,26618,3,,,1,30,,26619,3,,,1,70,,26624,3,,,1,30,,26611,3,,,1,70,,26625,3,,,1,30,,26617,3,,,1,70,,26633,3,,,1,30,,26614,3,,,1,70,,26610,3,,,1,30,,26630,3,,,1,70,,26612,3,,,1,30,,26634,3,,,1,70,,26623,3,,,1,30,,26627,3,,,1,70,,26615,3,,,1,30,,26631,3,,,1,70,,26635,3,,,1,30,,26620,3,,,1,70,,26626,3,,,1,30,,26632,3,,,1,70,,26629,3,,,1,30,,26613,3,,,1
20300,'7',1902,,26637,3,,,1,30,,26643,3,,,1,70,,26638,3,,,1,30,,26644,3,,,1,70,,26640,3,,,1,30,,26641,3,,,1,70,,26645,3,,,1,30,,26642,3,,,1,70,,26639,3,,,1
20300,'8',1902,,26650,3,,,1,30,,26652,3,,,1,70,,26649,3,,,1,30,,26654,3,,,1,70,,26646,3,,,1,30,,26648,3,,,1,70,,26651,3,,,1,30,,26647,3,,,1,70,,26653,3,,,1
20300,'9',1902,,26656,3,,,1,30,,26657,3,,,1,70,,26658,3,,,1,30,,26663,3,,,1,70,,26661,3,,,1,30,,26655,3,,,1,70,,26659,3,,,1,30,,26662,3,,,1,70,,26660,3,,,1
