11200,'1',654,,24244,11,,,1,100,,24237,11,,,1,100,,24236,11,,,1,100,,24235,11,,,1,100,,24238,11,,,1,100,,24239,11,,,1,100,,24243,11,,,1,100,,24234,11,,,1,100,,24240,11,,,1,100,,24242,11,,,1,100,,24241,11,,,1
11200,'2',654,,24254,11,,,1,100,,24252,11,,,1,100,,24245,11,,,1,100,,24248,11,,,1,100,,24250,11,,,1,100,,24255,11,,,1,100,,24253,11,,,1,100,,24247,11,,,1,100,,24249,11,,,1,100,,24251,11,,,1,100,,24246,11,,,1
11200,'3',654,,24258,11,,,1,100,,24266,11,,,1,100,,24264,11,,,1,100,,24260,11,,,1,100,,24259,11,,,1,100,,24257,11,,,1,100,,24265,11,,,1,100,,24261,11,,,1,100,,24262,11,,,1,100,,24256,11,,,1,100,,24263,11,,,1
11200,'4',654,,24274,11,,,1,100,,24272,11,,,1,100,,24273,11,,,1,100,,24275,11,,,1,100,,24277,11,,,1,100,,24267,11,,,1,100,,24276,11,,,1,100,,24268,11,,,1,100,,24270,11,,,1,100,,24271,11,,,1,100,,24269,11,,,1
11200,'5',654,,24281,11,,,1,100,,24282,11,,,1,100,,24287,11,,,1,100,,24278,11,,,1,100,,24279,11,,,1,100,,24280,11,,,1,100,,24286,11,,,1,100,,24288,11,,,1,100,,24284,11,,,1,100,,24285,11,,,1,100,,24283,11,,,1
11200,'7',654,,24290,11,,,1,100,,24294,11,,,1,100,,24295,11,,,1,100,,24296,11,,,1,100,,24291,11,,,1,100,,24299,11,,,1,100,,24293,11,,,1,100,,24297,11,,,1,100,,24289,11,,,1,100,,24298,11,,,1,100,,24292,11,,,1
11200,'8',654,,24308,11,,,1,100,,24301,11,,,1,100,,24304,11,,,1,100,,24307,11,,,1,100,,24305,11,,,1,100,,24310,11,,,1,100,,24300,11,,,1,100,,24302,11,,,1,100,,24303,11,,,1,100,,24306,11,,,1,100,,24309,11,,,1
11200,'9',654,,24320,11,,,1,100,,24311,11,,,1,100,,24315,11,,,1,100,,24319,11,,,1,100,,24317,11,,,1,100,,24316,11,,,1,100,,24312,11,,,1,100,,24314,11,,,1,100,,24321,11,,,1,100,,24318,11,,,1,100,,24313,11,,,1
20300,'1',1908,,26519,18,,,1,30,,26514,18,,,1,70,,26516,18,,,1,30,,19313,18,,,1,70,,26513,18,,,1,30,,26517,18,,,1,70,,26515,18,,,1,30,,26512,18,,,1,70,,26518,18,,,1
20300,'10',738,,26525,18,,,1,70,,26536,18,,,1,30,,26521,18,,,1,70,,26546,18,,,1,30,,26545,18,,,1,70,,26529,18,,,1,30,,26544,18,,,1,70,,26526,18,,,1,30,,26530,18,,,1,70,,26531,18,,,1,30,,26528,18,,,1,70,,26537,18,,,1,30,,26523,18,,,1,70,,26527,18,,,1,30,,26520,18,,,1,70,,26542,18,,,1,30,,26524,18,,,1,70,,26533,18,,,1,30,,26540,18,,,1,70,,26522,18,,,1,30,,26538,18,,,1,70,,26532,18,,,1,30,,26543,18,,,1,70,,26534,18,,,1,30,,26535,18,,,1,70,,26541,18,,,1,30,,26539,18,,,1
20300,'11',738,,26571,18,,,1,70,,26558,18,,,1,30,,26572,18,,,1,70,,26553,18,,,1,30,,26573,18,,,1,70,,26547,18,,,1,30,,26561,18,,,1,70,,26560,18,,,1,30,,26569,18,,,1,70,,26549,18,,,1,30,,26566,18,,,1,70,,26554,18,,,1,30,,26550,18,,,1,70,,26551,18,,,1,30,,26556,18,,,1,70,,26548,18,,,1,30,,26564,18,,,1,70,,26563,18,,,1,30,,26559,18,,,1,70,,26555,18,,,1,30,,26562,18,,,1,70,,26552,18,,,1,30,,26557,18,,,1,70,,26567,18,,,1,30,,26565,18,,,1,70,,26570,18,,,1,30,,26568,18,,,1
20300,'2',1908,,26581,18,,,1,30,,26575,18,,,1,70,,26580,18,,,1,30,,26578,18,,,1,70,,26582,18,,,1,30,,26579,18,,,1,70,,26576,18,,,1,30,,26574,18,,,1,70,,26577,18,,,1
20300,'3',1908,,26585,18,,,1,30,,26589,18,,,1,70,,26586,18,,,1,30,,26590,18,,,1,70,,26583,18,,,1,30,,26591,18,,,1,70,,26584,18,,,1,30,,26587,18,,,1,70,,26588,18,,,1
20300,'4',1908,,26598,18,,,1,30,,26592,18,,,1,70,,26594,18,,,1,30,,26595,18,,,1,70,,26599,18,,,1,30,,26597,18,,,1,70,,26600,18,,,1,30,,26596,18,,,1,70,,26593,18,,,1
20300,'5',1908,,26607,18,,,1,30,,26601,18,,,1,70,,26606,18,,,1,30,,26604,18,,,1,70,,26609,18,,,1,30,,26605,18,,,1,70,,26602,18,,,1,30,,26603,18,,,1,70,,26608,18,,,1
20300,'6',738,,26622,18,,,1,70,,26636,18,,,1,30,,26628,18,,,1,70,,26621,18,,,1,30,,26616,18,,,1,70,,26618,18,,,1,30,,26619,18,,,1,70,,26624,18,,,1,30,,26611,18,,,1,70,,26625,18,,,1,30,,26617,18,,,1,70,,26633,18,,,1,30,,26614,18,,,1,70,,26610,18,,,1,30,,26630,18,,,1,70,,26612,18,,,1,30,,26634,18,,,1,70,,26623,18,,,1,30,,26627,18,,,1,70,,26615,18,,,1,30,,26631,18,,,1,70,,26635,18,,,1,30,,26620,18,,,1,70,,26626,18,,,1,30,,26632,18,,,1,70,,26629,18,,,1,30,,26613,18,,,1
20300,'7',1908,,26637,18,,,1,30,,26643,18,,,1,70,,26638,18,,,1,30,,26644,18,,,1,70,,26640,18,,,1,30,,26641,18,,,1,70,,26645,18,,,1,30,,26642,18,,,1,70,,26639,18,,,1
20300,'8',1908,,26650,18,,,1,30,,26652,18,,,1,70,,26649,18,,,1,30,,26654,18,,,1,70,,26646,18,,,1,30,,26648,18,,,1,70,,26651,18,,,1,30,,26647,18,,,1,70,,26653,18,,,1
20300,'9',1908,,26656,18,,,1,30,,26657,18,,,1,70,,26658,18,,,1,30,,26663,18,,,1,70,,26661,18,,,1,30,,26655,18,,,1,70,,26659,18,,,1,30,,26662,18,,,1,70,,26660,18,,,1
