10601,'1',615,,21756,23,,,1,100,,21766,23,,,1,30,,21752,23,,,1,70,,21767,23,,,1,30,,21760,23,,,1,70,,21758,23,,,1,100,,21755,23,,,1,100,,21757,23,,,1,100,,21764,23,,,1,100,,18489,23,,,1,100,,21759,23,,,1,30,,21765,23,,,1,70,,21763,23,,,1,30,,21753,23,,,1,70,,21770,23,,,1,30,,21769,23,,,1,70,,21761,23,,,1,30,,21762,23,,,1,70,,21768,23,,,1
10601,'2',615,,21775,23,,,1,100,,21776,23,,,1,30,,21790,23,,,1,70,,21780,23,,,1,30,,21788,23,,,1,70,,21784,23,,,1,100,,21782,23,,,1,100,,21787,23,,,1,100,,21786,23,,,1,100,,21771,23,,,1,100,,21779,23,,,1,30,,21773,23,,,1,70,,21772,23,,,1,30,,21785,23,,,1,70,,21777,23,,,1,30,,21781,23,,,1,70,,21783,23,,,1,30,,21789,23,,,1,70,,21774,23,,,1
10601,'3',615,,21802,23,,,1,100,,21803,23,,,1,30,,21799,23,,,1,70,,21797,23,,,1,30,,21795,23,,,1,70,,21798,23,,,1,100,,21793,23,,,1,100,,21808,23,,,1,100,,21805,23,,,1,100,,21810,23,,,1,100,,21792,23,,,1,30,,21807,23,,,1,70,,21800,23,,,1,30,,21791,23,,,1,70,,21794,23,,,1,30,,21806,23,,,1,70,,21796,23,,,1,30,,21809,23,,,1,70,,21801,23,,,1
10601,'4',615,,21812,23,,,1,100,,21818,23,,,1,30,,21822,23,,,1,70,,21820,23,,,1,30,,21828,23,,,1,70,,21830,23,,,1,100,,21815,23,,,1,100,,21821,23,,,1,100,,21814,23,,,1,100,,21816,23,,,1,100,,21826,23,,,1,30,,21825,23,,,1,70,,21823,23,,,1,30,,21813,23,,,1,70,,21829,23,,,1,30,,21824,23,,,1,70,,21811,23,,,1,30,,21817,23,,,1,70,,21827,23,,,1
10601,'5',615,,21840,23,,,1,100,,21834,23,,,1,30,,21835,23,,,1,70,,21833,23,,,1,30,,21838,23,,,1,70,,21843,23,,,1,100,,21845,23,,,1,100,,21839,23,,,1,100,,21848,23,,,1,100,,21842,23,,,1,100,,21832,23,,,1,30,,21846,23,,,1,70,,21844,23,,,1,30,,21837,23,,,1,70,,21841,23,,,1,30,,21850,23,,,1,70,,21831,23,,,1,30,,21836,23,,,1,70,,21847,23,,,1
10601,'7',615,,21851,23,,,1,100,,21868,23,,,1,30,,21853,23,,,1,70,,21865,23,,,1,30,,21863,23,,,1,70,,21857,23,,,1,100,,21867,23,,,1,100,,21861,23,,,1,100,,21866,23,,,1,100,,21860,23,,,1,100,,21856,23,,,1,30,,21854,23,,,1,70,,21859,23,,,1,30,,21862,23,,,1,70,,21855,23,,,1,30,,21870,23,,,1,70,,21858,23,,,1,30,,21869,23,,,1,70,,21852,23,,,1
10601,'8',615,,21882,23,,,1,100,,21875,23,,,1,30,,21888,23,,,1,70,,21877,23,,,1,30,,21879,23,,,1,70,,21881,23,,,1,100,,21886,23,,,1,100,,21885,23,,,1,100,,21874,23,,,1,100,,21889,23,,,1,100,,21880,23,,,1,30,,21872,23,,,1,70,,21883,23,,,1,30,,21878,23,,,1,70,,21884,23,,,1,30,,21887,23,,,1,70,,21876,23,,,1,30,,21873,23,,,1,70,,21871,23,,,1
10601,'9',615,,21902,23,,,1,100,,21895,23,,,1,30,,21903,23,,,1,70,,21893,23,,,1,30,,21904,23,,,1,70,,21910,23,,,1,100,,21900,23,,,1,100,,21897,23,,,1,100,,21898,23,,,1,100,,21909,23,,,1,100,,21896,23,,,1,30,,21899,23,,,1,70,,21907,23,,,1,30,,21908,23,,,1,70,,21905,23,,,1,30,,21894,23,,,1,70,,21891,23,,,1,30,,21892,23,,,1,70,,21906,23,,,1
11201,'1',720,,24323,9,,,1,100,,24322,9,,,1,100,,24337,9,,,1,100,,24324,9,,,1,100,,24333,9,,,1,100,,24334,9,,,1,100,,24336,9,,,1,100,,24339,9,,,1,100,,24331,9,,,1,100,,24330,9,,,1,100,,24341,9,,,1
11201,'2',720,,24359,9,,,1,100,,24348,9,,,1,100,,24356,9,,,1,100,,24347,9,,,1,100,,19525,9,,,1,100,,24352,9,,,1,100,,24360,9,,,1,100,,24346,9,,,1,100,,24353,9,,,1,100,,24345,9,,,1,100,,24354,9,,,1
11201,'3',720,,24385,9,,,1,100,,24367,9,,,1,100,,24365,9,,,1,100,,24383,9,,,1,100,,24380,9,,,1,100,,24374,9,,,1,100,,24382,9,,,1,100,,24366,9,,,1,100,,24371,9,,,1,100,,24378,9,,,1,100,,24364,9,,,1
11201,'4',720,,24394,9,,,1,100,,24387,9,,,1,100,,24406,9,,,1,100,,24393,9,,,1,100,,24404,9,,,1,100,,24403,9,,,1,100,,24401,9,,,1,100,,24405,9,,,1,100,,24391,9,,,1,100,,24407,9,,,1,100,,24392,9,,,1
11201,'5',720,,24413,9,,,1,100,,24408,9,,,1,100,,24426,9,,,1,100,,24429,9,,,1,100,,24412,9,,,1,100,,24417,9,,,1,100,,24419,9,,,1,100,,24423,9,,,1,100,,24427,9,,,1,100,,24428,9,,,1,100,,24418,9,,,1
11201,'7',720,,24440,9,,,1,100,,24438,9,,,1,100,,24451,9,,,1,100,,24431,9,,,1,100,,24448,9,,,1,100,,24435,9,,,1,100,,24447,9,,,1,100,,24442,9,,,1,100,,24441,9,,,1,100,,24449,9,,,1,100,,24432,9,,,1
11201,'8',720,,24473,9,,,1,100,,24467,9,,,1,100,,24459,9,,,1,100,,24472,9,,,1,100,,24456,9,,,1,100,,24469,9,,,1,100,,24468,9,,,1,100,,24454,9,,,1,100,,24466,9,,,1,100,,24461,9,,,1,100,,24452,9,,,1
11201,'9',720,,24484,9,,,1,100,,24485,9,,,1,100,,24479,9,,,1,100,,24474,9,,,1,100,,24481,9,,,1,100,,24478,9,,,1,100,,24487,9,,,1,100,,24494,9,,,1,100,,24482,9,,,1,100,,24488,9,,,1,100,,24477,9,,,1
20601,'1',1849,,27627,13,,,1,70,,27616,13,,,1,30,,27620,13,,,1,70,,27617,13,,,1,30,,27619,13,,,1,70,,27618,13,,,1,30,,27632,13,,,1,70,,27634,13,,,1,30,,27621,13,,,1,70,,27622,13,,,1
20601,'10',716,,27674,13,,,1,30,,16663,13,,,1,70,,27664,13,,,1,30,,27670,13,,,1,70,,27659,13,,,1,30,,27678,13,,,1,70,,27666,13,,,1,30,,27667,13,,,1,70,,27683,13,,,1,30,,27648,13,,,1,70,,27655,13,,,1,30,,27677,13,,,1,70,,27662,13,,,1,30,,27658,13,,,1,70,,27669,13,,,1,30,,27637,13,,,1,70,,27685,13,,,1,30,,27660,13,,,1,70,,27649,13,,,1,30,,27641,13,,,1,70,,27686,13,,,1,30,,27676,13,,,1,70,,27645,13,,,1,30,,27663,13,,,1,72,,27643,13,,,1,28,,27654,13,,,1,70,,27687,13,,,1,30,,27652,13,,,1
20601,'11',716,,27696,13,,,1,30,,27718,13,,,1,70,,27710,13,,,1,30,,27720,13,,,1,70,,27716,13,,,1,30,,27693,13,,,1,70,,27730,13,,,1,30,,27731,13,,,1,70,,27715,13,,,1,30,,27721,13,,,1,70,,27708,13,,,1,30,,27728,13,,,1,70,,27738,13,,,1,30,,27691,13,,,1,70,,27722,13,,,1,30,,27697,13,,,1,70,,27689,13,,,1,30,,27732,13,,,1,70,,27706,13,,,1,30,,27740,13,,,1,70,,27734,13,,,1,30,,27703,13,,,1,70,,27714,13,,,1,30,,27700,13,,,1,72,,27724,13,,,1,28,,27726,13,,,1,70,,27702,13,,,1,30,,27733,13,,,1
20601,'2',1849,,27746,13,,,1,70,,27750,13,,,1,30,,27752,13,,,1,70,,27753,13,,,1,30,,27763,13,,,1,70,,27755,13,,,1,30,,27761,13,,,1,70,,27758,13,,,1,30,,27745,13,,,1,70,,27748,13,,,1
20601,'3',1849,,27766,13,,,1,70,,27783,13,,,1,30,,27776,13,,,1,70,,27779,13,,,1,30,,27765,13,,,1,70,,27768,13,,,1,30,,27771,13,,,1,70,,27778,13,,,1,30,,27773,13,,,1,70,,27770,13,,,1
20601,'4',1849,,27791,13,,,1,70,,27795,13,,,1,30,,27789,13,,,1,70,,27793,13,,,1,30,,27796,13,,,1,70,,27803,13,,,1,30,,27785,13,,,1,70,,27799,13,,,1,30,,27794,13,,,1,70,,27788,13,,,1
20601,'5',1849,,27808,13,,,1,70,,27820,13,,,1,30,,27816,13,,,1,70,,27804,13,,,1,30,,27822,13,,,1,70,,27815,13,,,1,30,,27810,13,,,1,70,,27812,13,,,1,30,,27819,13,,,1,70,,27814,13,,,1
20601,'6',716,,27854,13,,,1,30,,27858,13,,,1,70,,27855,13,,,1,30,,27838,13,,,1,70,,27824,13,,,1,30,,27843,13,,,1,70,,27875,13,,,1,30,,27850,13,,,1,70,,27851,13,,,1,30,,27833,13,,,1,70,,27866,13,,,1,30,,27841,13,,,1,70,,27870,13,,,1,30,,27849,13,,,1,70,,27846,13,,,1,30,,27836,13,,,1,70,,27852,13,,,1,30,,27848,13,,,1,70,,27845,13,,,1,30,,27859,13,,,1,70,,27830,13,,,1,30,,27840,13,,,1,70,,27861,13,,,1,30,,27832,13,,,1,72,,27877,13,,,1,28,,27826,13,,,1,70,,27864,13,,,1,30,,27853,13,,,1
20601,'7',1849,,27881,13,,,1,70,,27884,13,,,1,30,,27889,13,,,1,70,,27892,13,,,1,30,,27894,13,,,1,70,,27883,13,,,1,30,,27880,13,,,1,70,,27891,13,,,1,30,,27887,13,,,1,70,,27899,13,,,1
20601,'8',1849,,27912,13,,,1,70,,27916,13,,,1,30,,27910,13,,,1,70,,27904,13,,,1,30,,27914,13,,,1,70,,27919,13,,,1,30,,27908,13,,,1,70,,27911,13,,,1,30,,27915,13,,,1,70,,27903,13,,,1
20601,'9',1849,,27929,13,,,1,70,,27932,13,,,1,30,,27922,13,,,1,70,,27938,13,,,1,30,,27927,13,,,1,70,,27924,13,,,1,30,,27926,13,,,1,70,,27933,13,,,1,30,,27934,13,,,1,70,,27921,13,,,1
