10501,'1',624,,17262,14,,,1,100,,21325,14,,,1,30,,18349,14,,,1,70,,21334,14,,,1,30,,21348,14,,,1,70,,15602,14,,,1,30,,21341,14,,,1,70,,21337,14,,,1,100,,21330,14,,,1,100,,21347,14,,,1,100,,21331,14,,,1,100,,21332,14,,,1,100,,21350,14,,,1,30,,18105,14,,,1,70,,21343,14,,,1,30,,21354,14,,,1,70,,21339,14,,,1,30,,21346,14,,,1,70,,21328,14,,,1
10501,'2',624,,21388,14,,,1,100,,21355,14,,,1,30,,21364,14,,,1,70,,21358,14,,,1,30,,21360,14,,,1,70,,21361,14,,,1,30,,21375,14,,,1,70,,21362,14,,,1,100,,21365,14,,,1,100,,21381,14,,,1,100,,21380,14,,,1,100,,21385,14,,,1,100,,21363,14,,,1,30,,14153,14,,,1,70,,21384,14,,,1,30,,21371,14,,,1,70,,21370,14,,,1,30,,21356,14,,,1,70,,21366,14,,,1
10501,'3',624,,21404,14,,,1,100,,21405,14,,,1,30,,21411,14,,,1,70,,21415,14,,,1,30,,21412,14,,,1,70,,21419,14,,,1,30,,21413,14,,,1,70,,21402,14,,,1,100,,21422,14,,,1,100,,21426,14,,,1,100,,21421,14,,,1,100,,21394,14,,,1,100,,21395,14,,,1,30,,21410,14,,,1,70,,21399,14,,,1,30,,21418,14,,,1,70,,21416,14,,,1,30,,21391,14,,,1,70,,21420,14,,,1
10501,'4',624,,21457,14,,,1,100,,21441,14,,,1,30,,21447,14,,,1,70,,21443,14,,,1,30,,21462,14,,,1,70,,21438,14,,,1,30,,21433,14,,,1,70,,21440,14,,,1,100,,21434,14,,,1,100,,21437,14,,,1,100,,21431,14,,,1,100,,21448,14,,,1,100,,21449,14,,,1,30,,21445,14,,,1,70,,21429,14,,,1,30,,21439,14,,,1,70,,21442,14,,,1,30,,21428,14,,,1,70,,21451,14,,,1
10501,'5',624,,21496,14,,,1,100,,21472,14,,,1,30,,21467,14,,,1,70,,21495,14,,,1,30,,21494,14,,,1,70,,21491,14,,,1,30,,21503,14,,,1,70,,21487,14,,,1,100,,21488,14,,,1,100,,21466,14,,,1,100,,21500,14,,,1,100,,21497,14,,,1,100,,21480,14,,,1,30,,21483,14,,,1,70,,21468,14,,,1,30,,21502,14,,,1,70,,21482,14,,,1,30,,21479,14,,,1,70,,21474,14,,,1
10501,'7',624,,21540,14,,,1,100,,21539,14,,,1,30,,21521,14,,,1,70,,21538,14,,,1,30,,21535,14,,,1,70,,21511,14,,,1,30,,21516,14,,,1,70,,21518,14,,,1,100,,21525,14,,,1,100,,21510,14,,,1,100,,21522,14,,,1,100,,21523,14,,,1,100,,21533,14,,,1,30,,21531,14,,,1,70,,21507,14,,,1,30,,21520,14,,,1,70,,21508,14,,,1,30,,21541,14,,,1,70,,21524,14,,,1
10501,'8',624,,21558,14,,,1,100,,21553,14,,,1,30,,21543,14,,,1,70,,21545,14,,,1,30,,21572,14,,,1,70,,21548,14,,,1,30,,21573,14,,,1,70,,21569,14,,,1,100,,21554,14,,,1,100,,21571,14,,,1,100,,21568,14,,,1,100,,21577,14,,,1,100,,21564,14,,,1,30,,21574,14,,,1,70,,21578,14,,,1,30,,21579,14,,,1,70,,21565,14,,,1,30,,21570,14,,,1,70,,21567,14,,,1
10501,'9',624,,21605,14,,,1,100,,21585,14,,,1,30,,21580,14,,,1,70,,21583,14,,,1,30,,21584,14,,,1,70,,21587,14,,,1,30,,21608,14,,,1,70,,21595,14,,,1,100,,21602,14,,,1,100,,21604,14,,,1,100,,21609,14,,,1,100,,21613,14,,,1,100,,21616,14,,,1,30,,21599,14,,,1,70,,21589,14,,,1,30,,21593,14,,,1,70,,21588,14,,,1,30,,21612,14,,,1,70,,21582,14,,,1
20501,'1',1922,,27313,12,,,1,100,,27312,12,,,1,100,,27315,12,,,1,100,,27317,12,,,1
20501,'10',722,,27318,12,,,1,100,,27345,12,,,1,100,,27321,12,,,1,100,,27330,12,,,1,100,,27323,12,,,1,100,,27331,12,,,1,100,,27342,12,,,1,100,,27329,12,,,1,100,,27343,12,,,1,100,,27336,12,,,1,100,,27337,12,,,1,100,,27319,12,,,1,100,,27328,12,,,1,100,,27332,12,,,1
20501,'11',722,,27370,12,,,1,100,,27349,12,,,1,100,,27363,12,,,1,100,,27352,12,,,1,100,,27365,12,,,1,100,,27348,12,,,1,100,,27361,12,,,1,100,,27358,12,,,1,100,,27346,12,,,1,100,,27367,12,,,1,100,,27351,12,,,1,100,,27360,12,,,1,100,,27368,12,,,1,100,,27366,12,,,1
20501,'2',1922,,27381,12,,,1,100,,27380,12,,,1,100,,27375,12,,,1,100,,27374,12,,,1
20501,'3',1922,,27388,12,,,1,100,,27384,12,,,1,100,,27386,12,,,1,100,,27385,12,,,1
20501,'4',1922,,27396,12,,,1,100,,27397,12,,,1,100,,27390,12,,,1,100,,27391,12,,,1
20501,'5',1922,,27398,12,,,1,100,,27403,12,,,1,100,,27400,12,,,1,100,,27404,12,,,1
20501,'6',722,,27431,12,,,1,100,,27422,12,,,1,100,,27421,12,,,1,100,,27423,12,,,1,100,,27414,12,,,1,100,,27415,12,,,1,100,,27419,12,,,1,100,,27407,12,,,1,100,,27428,12,,,1,100,,27413,12,,,1,100,,27427,12,,,1,100,,27425,12,,,1,100,,27418,12,,,1,100,,27416,12,,,1
20501,'7',1922,,27435,12,,,1,100,,27434,12,,,1,100,,27436,12,,,1,100,,27440,12,,,1
20501,'8',1922,,27448,12,,,1,100,,27444,12,,,1,100,,27442,12,,,1,100,,27446,12,,,1
20501,'9',1922,,27455,12,,,1,100,,27456,12,,,1,100,,27454,12,,,1,100,,27451,12,,,1
