11300,'1',619,,24507,4,,,1,100,,24518,4,,,1,100,,24513,4,,,1,100,,24510,4,,,1,100,,24522,4,,,1,100,,19261,4,,,1,100,,24521,4,,,1,100,,24506,4,,,1,100,,24525,4,,,1,100,,24532,4,,,1,100,,24523,4,,,1,100,,24528,4,,,1,100,,24527,4,,,1
11300,'2',619,,24538,4,,,1,100,,24542,4,,,1,100,,24556,4,,,1,100,,24552,4,,,1,100,,24548,4,,,1,100,,24534,4,,,1,100,,24546,4,,,1,100,,24533,4,,,1,100,,24563,4,,,1,100,,24570,4,,,1,100,,24541,4,,,1,100,,24566,4,,,1,100,,24557,4,,,1
11300,'3',619,,24609,4,,,1,100,,24582,4,,,1,100,,24573,4,,,1,100,,24586,4,,,1,100,,24575,4,,,1,100,,24606,4,,,1,100,,24580,4,,,1,100,,24594,4,,,1,100,,24592,4,,,1,100,,24591,4,,,1,100,,24576,4,,,1,100,,24598,4,,,1,100,,24574,4,,,1
11300,'4',619,,24637,4,,,1,100,,24647,4,,,1,100,,24642,4,,,1,100,,24634,4,,,1,100,,24619,4,,,1,100,,24628,4,,,1,100,,24630,4,,,1,100,,24618,4,,,1,100,,24617,4,,,1,100,,24629,4,,,1,100,,24633,4,,,1,100,,24632,4,,,1,100,,24643,4,,,1
11300,'5',619,,24671,4,,,1,100,,24668,4,,,1,100,,24653,4,,,1,100,,24652,4,,,1,100,,24674,4,,,1,100,,24667,4,,,1,100,,24686,4,,,1,100,,24658,4,,,1,100,,24650,4,,,1,100,,24682,4,,,1,100,,24679,4,,,1,100,,24675,4,,,1,100,,24677,4,,,1
11300,'7',619,,24711,4,,,1,100,,24719,4,,,1,100,,24724,4,,,1,100,,24700,4,,,1,100,,24716,4,,,1,100,,24718,4,,,1,100,,24726,4,,,1,100,,24720,4,,,1,100,,24709,4,,,1,100,,24703,4,,,1,100,,24696,4,,,1,100,,24704,4,,,1,100,,24722,4,,,1
11300,'8',619,,24759,4,,,1,100,,24727,4,,,1,100,,24758,4,,,1,100,,24755,4,,,1,100,,24764,4,,,1,100,,24730,4,,,1,100,,24751,4,,,1,100,,24754,4,,,1,100,,24752,4,,,1,100,,24765,4,,,1,100,,24729,4,,,1,100,,24756,4,,,1,100,,24744,4,,,1
11300,'9',619,,24778,4,,,1,100,,24797,4,,,1,100,,24795,4,,,1,100,,24766,4,,,1,100,,24772,4,,,1,100,,24801,4,,,1,100,,24803,4,,,1,100,,24773,4,,,1,100,,24770,4,,,1,100,,24787,4,,,1,100,,24798,4,,,1,100,,24768,4,,,1,100,,24780,4,,,1
21300,'1',1919,,28956,4,,,1,100,,28955,4,,,1,100,,28957,4,,,1,100,,28954,4,,,1
21300,'10',719,,28959,4,,,1,100,,28970,4,,,1,100,,28966,4,,,1,100,,28964,4,,,1,100,,28962,4,,,1,100,,28961,4,,,1,100,,28969,4,,,1,100,,28960,4,,,1,100,,28965,4,,,1,100,,28958,4,,,1,100,,28963,4,,,1,100,,28968,4,,,1,100,,28967,4,,,1
21300,'11',719,,28980,4,,,1,100,,28978,4,,,1,100,,28974,4,,,1,100,,28983,4,,,1,100,,28982,4,,,1,100,,28972,4,,,1,100,,28981,4,,,1,100,,28973,4,,,1,100,,28979,4,,,1,100,,28977,4,,,1,100,,28971,4,,,1,100,,28976,4,,,1,100,,28975,4,,,1
21300,'2',1919,,28985,4,,,1,100,,28987,4,,,1,100,,28986,4,,,1,100,,28984,4,,,1
21300,'3',1919,,28989,4,,,1,100,,28988,4,,,1,100,,28990,4,,,1,100,,28991,4,,,1
21300,'4',1919,,28992,4,,,1,100,,28993,4,,,1,100,,28994,4,,,1,100,,28995,4,,,1
21300,'5',1919,,28998,4,,,1,100,,28996,4,,,1,100,,28999,4,,,1,100,,28997,4,,,1
21300,'6',719,,29009,4,,,1,100,,29010,4,,,1,100,,29003,4,,,1,100,,29002,4,,,1,100,,29000,4,,,1,100,,29005,4,,,1,100,,29001,4,,,1,100,,29008,4,,,1,100,,29006,4,,,1,100,,29011,4,,,1,100,,29004,4,,,1,100,,29007,4,,,1,100,,29012,4,,,1
21300,'7',1919,,29015,4,,,1,100,,29016,4,,,1,100,,29014,4,,,1,100,,29013,4,,,1
21300,'8',1919,,29018,4,,,1,100,,29020,4,,,1,100,,29019,4,,,1,100,,29017,4,,,1
21300,'9',1919,,29023,4,,,1,100,,29021,4,,,1,100,,29024,4,,,1,100,,29022,4,,,1
