10101,'1',648,,19889,18,,,1,70,,19898,18,,,1,30,,19892,18,,,1,70,,19890,18,,,1,30,,19901,18,,,1,70,,19887,18,,,1,30,,19897,18,,,1,100,,19900,18,,,1,100,,19886,18,,,1,100,,19903,18,,,1,100,,19896,18,,,1,102,,19902,18,,,1,70,,19888,18,,,1,30,,19899,18,,,1,70,,19894,18,,,1,30,,19891,18,,,1,70,,19893,18,,,1,30,,19895,18,,,1
10101,'2',648,,19909,18,,,1,70,,19915,18,,,1,30,,19912,18,,,1,70,,19919,18,,,1,30,,19907,18,,,1,70,,19911,18,,,1,30,,19913,18,,,1,100,,19908,18,,,1,100,,19904,18,,,1,100,,19920,18,,,1,100,,19906,18,,,1,102,,19917,18,,,1,70,,19910,18,,,1,30,,19914,18,,,1,70,,18685,18,,,1,30,,19916,18,,,1,70,,19905,18,,,1,30,,19918,18,,,1
10101,'3',648,,19933,18,,,1,70,,19937,18,,,1,30,,19930,18,,,1,70,,19923,18,,,1,30,,19931,18,,,1,70,,19927,18,,,1,30,,19921,18,,,1,100,,19935,18,,,1,100,,19928,18,,,1,100,,19932,18,,,1,100,,19926,18,,,1,102,,19934,18,,,1,70,,19925,18,,,1,30,,19936,18,,,1,70,,19938,18,,,1,30,,19922,18,,,1,70,,19929,18,,,1,30,,19924,18,,,1
10101,'4',648,,19945,18,,,1,70,,19949,18,,,1,30,,19943,18,,,1,70,,19942,18,,,1,30,,19948,18,,,1,70,,19939,18,,,1,30,,19950,18,,,1,100,,19941,18,,,1,100,,19954,18,,,1,100,,19955,18,,,1,100,,19940,18,,,1,102,,19947,18,,,1,70,,19944,18,,,1,30,,19952,18,,,1,70,,19956,18,,,1,30,,19946,18,,,1,70,,19951,18,,,1,30,,19953,18,,,1
10101,'5',648,,19963,18,,,1,70,,19959,18,,,1,30,,19961,18,,,1,70,,19965,18,,,1,30,,19962,18,,,1,70,,19967,18,,,1,30,,19968,18,,,1,100,,19964,18,,,1,100,,19957,18,,,1,100,,19958,18,,,1,100,,19969,18,,,1,102,,19974,18,,,1,70,,19972,18,,,1,30,,19970,18,,,1,70,,19960,18,,,1,30,,19973,18,,,1,70,,19966,18,,,1,30,,19971,18,,,1
10101,'7',648,,19992,18,,,1,70,,19982,18,,,1,30,,19978,18,,,1,70,,19988,18,,,1,30,,19984,18,,,1,70,,19990,18,,,1,30,,19989,18,,,1,100,,19983,18,,,1,100,,19980,18,,,1,100,,19975,18,,,1,100,,19977,18,,,1,102,,19985,18,,,1,70,,19986,18,,,1,30,,19987,18,,,1,70,,19991,18,,,1,30,,19976,18,,,1,70,,19979,18,,,1,30,,19981,18,,,1
10101,'8',648,,20005,18,,,1,70,,19995,18,,,1,30,,20002,18,,,1,70,,20001,18,,,1,30,,20003,18,,,1,70,,20008,18,,,1,30,,19994,18,,,1,100,,19997,18,,,1,100,,20006,18,,,1,100,,19993,18,,,1,100,,19996,18,,,1,102,,19998,18,,,1,70,,20010,18,,,1,30,,20004,18,,,1,70,,20007,18,,,1,30,,19999,18,,,1,70,,20009,18,,,1,30,,20000,18,,,1
10101,'9',648,,20018,18,,,1,70,,20015,18,,,1,30,,20013,18,,,1,70,,20011,18,,,1,30,,20027,18,,,1,70,,20028,18,,,1,30,,20022,18,,,1,100,,20025,18,,,1,100,,20021,18,,,1,100,,20023,18,,,1,100,,20014,18,,,1,102,,20020,18,,,1,70,,20019,18,,,1,30,,20016,18,,,1,70,,20026,18,,,1,30,,20012,18,,,1,70,,20024,18,,,1,30,,20017,18,,,1
10601,'1',617,,21756,27,,,1,100,,21766,27,,,1,30,,21752,27,,,1,70,,21767,27,,,1,30,,21760,27,,,1,70,,21758,27,,,1,100,,21755,27,,,1,100,,21757,27,,,1,100,,21764,27,,,1,100,,18489,27,,,1,100,,21759,27,,,1,30,,21765,27,,,1,70,,21763,27,,,1,30,,21753,27,,,1,70,,21770,27,,,1,30,,21769,27,,,1,70,,21761,27,,,1,30,,21762,27,,,1,70,,21768,27,,,1
10601,'2',617,,21775,27,,,1,100,,21776,27,,,1,30,,21790,27,,,1,70,,21780,27,,,1,30,,21788,27,,,1,70,,21784,27,,,1,100,,21782,27,,,1,100,,21787,27,,,1,100,,21786,27,,,1,100,,21771,27,,,1,100,,21779,27,,,1,30,,21773,27,,,1,70,,21772,27,,,1,30,,21785,27,,,1,70,,21777,27,,,1,30,,21781,27,,,1,70,,21783,27,,,1,30,,21789,27,,,1,70,,21774,27,,,1
10601,'3',617,,21802,27,,,1,100,,21803,27,,,1,30,,21799,27,,,1,70,,21797,27,,,1,30,,21795,27,,,1,70,,21798,27,,,1,100,,21793,27,,,1,100,,21808,27,,,1,100,,21805,27,,,1,100,,21810,27,,,1,100,,21792,27,,,1,30,,21807,27,,,1,70,,21800,27,,,1,30,,21791,27,,,1,70,,21794,27,,,1,30,,21806,27,,,1,70,,21796,27,,,1,30,,21809,27,,,1,70,,21801,27,,,1
10601,'4',617,,21812,27,,,1,100,,21818,27,,,1,30,,21822,27,,,1,70,,21820,27,,,1,30,,21828,27,,,1,70,,21830,27,,,1,100,,21815,27,,,1,100,,21821,27,,,1,100,,21814,27,,,1,100,,21816,27,,,1,100,,21826,27,,,1,30,,21825,27,,,1,70,,21823,27,,,1,30,,21813,27,,,1,70,,21829,27,,,1,30,,21824,27,,,1,70,,21811,27,,,1,30,,21817,27,,,1,70,,21827,27,,,1
10601,'5',617,,21840,27,,,1,100,,21834,27,,,1,30,,21835,27,,,1,70,,21833,27,,,1,30,,21838,27,,,1,70,,21843,27,,,1,100,,21845,27,,,1,100,,21839,27,,,1,100,,21848,27,,,1,100,,21842,27,,,1,100,,21832,27,,,1,30,,21846,27,,,1,70,,21844,27,,,1,30,,21837,27,,,1,70,,21841,27,,,1,30,,21850,27,,,1,70,,21831,27,,,1,30,,21836,27,,,1,70,,21847,27,,,1
10601,'7',617,,21851,27,,,1,100,,21868,27,,,1,30,,21853,27,,,1,70,,21865,27,,,1,30,,21863,27,,,1,70,,21857,27,,,1,100,,21867,27,,,1,100,,21861,27,,,1,100,,21866,27,,,1,100,,21860,27,,,1,100,,21856,27,,,1,30,,21854,27,,,1,70,,21859,27,,,1,30,,21862,27,,,1,70,,21855,27,,,1,30,,21870,27,,,1,70,,21858,27,,,1,30,,21869,27,,,1,70,,21852,27,,,1
10601,'8',617,,21882,27,,,1,100,,21875,27,,,1,30,,21888,27,,,1,70,,21877,27,,,1,30,,21879,27,,,1,70,,21881,27,,,1,100,,21886,27,,,1,100,,21885,27,,,1,100,,21874,27,,,1,100,,21889,27,,,1,100,,21880,27,,,1,30,,21872,27,,,1,70,,21883,27,,,1,30,,21878,27,,,1,70,,21884,27,,,1,30,,21887,27,,,1,70,,21876,27,,,1,30,,21873,27,,,1,70,,21871,27,,,1
10601,'9',617,,21902,27,,,1,100,,21895,27,,,1,30,,21903,27,,,1,70,,21893,27,,,1,30,,21904,27,,,1,70,,21910,27,,,1,100,,21900,27,,,1,100,,21897,27,,,1,100,,21898,27,,,1,100,,21909,27,,,1,100,,21896,27,,,1,30,,21899,27,,,1,70,,21907,27,,,1,30,,21908,27,,,1,70,,21905,27,,,1,30,,21894,27,,,1,70,,21891,27,,,1,30,,21892,27,,,1,70,,21906,27,,,1
20601,'1',1851,,27627,17,,,1,70,,27616,17,,,1,30,,27620,17,,,1,70,,27617,17,,,1,30,,27619,17,,,1,70,,27618,17,,,1,30,,27632,17,,,1,70,,27634,17,,,1,30,,27621,17,,,1,70,,27622,17,,,1
20601,'10',718,,27674,17,,,1,30,,16663,17,,,1,70,,27664,17,,,1,30,,27670,17,,,1,70,,27659,17,,,1,30,,27678,17,,,1,70,,27666,17,,,1,30,,27667,17,,,1,70,,27683,17,,,1,30,,27648,17,,,1,70,,27655,17,,,1,30,,27677,17,,,1,70,,27662,17,,,1,30,,27658,17,,,1,70,,27669,17,,,1,30,,27637,17,,,1,70,,27685,17,,,1,30,,27660,17,,,1,70,,27649,17,,,1,30,,27641,17,,,1,70,,27686,17,,,1,30,,27676,17,,,1,70,,27645,17,,,1,30,,27663,17,,,1,72,,27643,17,,,1,28,,27654,17,,,1,70,,27687,17,,,1,30,,27652,17,,,1
20601,'11',718,,27696,17,,,1,30,,27718,17,,,1,70,,27710,17,,,1,30,,27720,17,,,1,70,,27716,17,,,1,30,,27693,17,,,1,70,,27730,17,,,1,30,,27731,17,,,1,70,,27715,17,,,1,30,,27721,17,,,1,70,,27708,17,,,1,30,,27728,17,,,1,70,,27738,17,,,1,30,,27691,17,,,1,70,,27722,17,,,1,30,,27697,17,,,1,70,,27689,17,,,1,30,,27732,17,,,1,70,,27706,17,,,1,30,,27740,17,,,1,70,,27734,17,,,1,30,,27703,17,,,1,70,,27714,17,,,1,30,,27700,17,,,1,72,,27724,17,,,1,28,,27726,17,,,1,70,,27702,17,,,1,30,,27733,17,,,1
20601,'2',1851,,27746,17,,,1,70,,27750,17,,,1,30,,27752,17,,,1,70,,27753,17,,,1,30,,27763,17,,,1,70,,27755,17,,,1,30,,27761,17,,,1,70,,27758,17,,,1,30,,27745,17,,,1,70,,27748,17,,,1
20601,'3',1851,,27766,17,,,1,70,,27783,17,,,1,30,,27776,17,,,1,70,,27779,17,,,1,30,,27765,17,,,1,70,,27768,17,,,1,30,,27771,17,,,1,70,,27778,17,,,1,30,,27773,17,,,1,70,,27770,17,,,1
20601,'4',1851,,27791,17,,,1,70,,27795,17,,,1,30,,27789,17,,,1,70,,27793,17,,,1,30,,27796,17,,,1,70,,27803,17,,,1,30,,27785,17,,,1,70,,27799,17,,,1,30,,27794,17,,,1,70,,27788,17,,,1
20601,'5',1851,,27808,17,,,1,70,,27820,17,,,1,30,,27816,17,,,1,70,,27804,17,,,1,30,,27822,17,,,1,70,,27815,17,,,1,30,,27810,17,,,1,70,,27812,17,,,1,30,,27819,17,,,1,70,,27814,17,,,1
20601,'6',718,,27854,17,,,1,30,,27858,17,,,1,70,,27855,17,,,1,30,,27838,17,,,1,70,,27824,17,,,1,30,,27843,17,,,1,70,,27875,17,,,1,30,,27850,17,,,1,70,,27851,17,,,1,30,,27833,17,,,1,70,,27866,17,,,1,30,,27841,17,,,1,70,,27870,17,,,1,30,,27849,17,,,1,70,,27846,17,,,1,30,,27836,17,,,1,70,,27852,17,,,1,30,,27848,17,,,1,70,,27845,17,,,1,30,,27859,17,,,1,70,,27830,17,,,1,30,,27840,17,,,1,70,,27861,17,,,1,30,,27832,17,,,1,72,,27877,17,,,1,28,,27826,17,,,1,70,,27864,17,,,1,30,,27853,17,,,1
20601,'7',1851,,27881,17,,,1,70,,27884,17,,,1,30,,27889,17,,,1,70,,27892,17,,,1,30,,27894,17,,,1,70,,27883,17,,,1,30,,27880,17,,,1,70,,27891,17,,,1,30,,27887,17,,,1,70,,27899,17,,,1
20601,'8',1851,,27912,17,,,1,70,,27916,17,,,1,30,,27910,17,,,1,70,,27904,17,,,1,30,,27914,17,,,1,70,,27919,17,,,1,30,,27908,17,,,1,70,,27911,17,,,1,30,,27915,17,,,1,70,,27903,17,,,1
20601,'9',1851,,27929,17,,,1,70,,27932,17,,,1,30,,27922,17,,,1,70,,27938,17,,,1,30,,27927,17,,,1,70,,27924,17,,,1,30,,27926,17,,,1,70,,27933,17,,,1,30,,27934,17,,,1,70,,27921,17,,,1
