11300,'1',630,,24507,14,,,1,100,,24518,14,,,1,100,,24513,14,,,1,100,,24510,14,,,1,100,,24522,14,,,1,100,,19261,14,,,1,100,,24521,14,,,1,100,,24506,14,,,1,100,,24525,14,,,1,100,,24532,14,,,1,100,,24523,14,,,1,100,,24528,14,,,1,100,,24527,14,,,1
11300,'2',630,,24538,14,,,1,100,,24542,14,,,1,100,,24556,14,,,1,100,,24552,14,,,1,100,,24548,14,,,1,100,,24534,14,,,1,100,,24546,14,,,1,100,,24533,14,,,1,100,,24563,14,,,1,100,,24570,14,,,1,100,,24541,14,,,1,100,,24566,14,,,1,100,,24557,14,,,1
11300,'3',630,,24609,14,,,1,100,,24582,14,,,1,100,,24573,14,,,1,100,,24586,14,,,1,100,,24575,14,,,1,100,,24606,14,,,1,100,,24580,14,,,1,100,,24594,14,,,1,100,,24592,14,,,1,100,,24591,14,,,1,100,,24576,14,,,1,100,,24598,14,,,1,100,,24574,14,,,1
11300,'4',630,,24637,14,,,1,100,,24647,14,,,1,100,,24642,14,,,1,100,,24634,14,,,1,100,,24619,14,,,1,100,,24628,14,,,1,100,,24630,14,,,1,100,,24618,14,,,1,100,,24617,14,,,1,100,,24629,14,,,1,100,,24633,14,,,1,100,,24632,14,,,1,100,,24643,14,,,1
11300,'5',630,,24671,14,,,1,100,,24668,14,,,1,100,,24653,14,,,1,100,,24652,14,,,1,100,,24674,14,,,1,100,,24667,14,,,1,100,,24686,14,,,1,100,,24658,14,,,1,100,,24650,14,,,1,100,,24682,14,,,1,100,,24679,14,,,1,100,,24675,14,,,1,100,,24677,14,,,1
11300,'7',630,,24711,14,,,1,100,,24719,14,,,1,100,,24724,14,,,1,100,,24700,14,,,1,100,,24716,14,,,1,100,,24718,14,,,1,100,,24726,14,,,1,100,,24720,14,,,1,100,,24709,14,,,1,100,,24703,14,,,1,100,,24696,14,,,1,100,,24704,14,,,1,100,,24722,14,,,1
11300,'8',630,,24759,14,,,1,100,,24727,14,,,1,100,,24758,14,,,1,100,,24755,14,,,1,100,,24764,14,,,1,100,,24730,14,,,1,100,,24751,14,,,1,100,,24754,14,,,1,100,,24752,14,,,1,100,,24765,14,,,1,100,,24729,14,,,1,100,,24756,14,,,1,100,,24744,14,,,1
11300,'9',630,,24778,14,,,1,100,,24797,14,,,1,100,,24795,14,,,1,100,,24766,14,,,1,100,,24772,14,,,1,100,,24801,14,,,1,100,,24803,14,,,1,100,,24773,14,,,1,100,,24770,14,,,1,100,,24787,14,,,1,100,,24798,14,,,1,100,,24768,14,,,1,100,,24780,14,,,1
21300,'1',1929,,28956,14,,,1,100,,28955,14,,,1,100,,28957,14,,,1,100,,28954,14,,,1
21300,'10',729,,28959,14,,,1,100,,28970,14,,,1,100,,28966,14,,,1,100,,28964,14,,,1,100,,28962,14,,,1,100,,28961,14,,,1,100,,28969,14,,,1,100,,28960,14,,,1,100,,28965,14,,,1,100,,28958,14,,,1,100,,28963,14,,,1,100,,28968,14,,,1,100,,28967,14,,,1
21300,'11',729,,28980,14,,,1,100,,28978,14,,,1,100,,28974,14,,,1,100,,28983,14,,,1,100,,28982,14,,,1,100,,28972,14,,,1,100,,28981,14,,,1,100,,28973,14,,,1,100,,28979,14,,,1,100,,28977,14,,,1,100,,28971,14,,,1,100,,28976,14,,,1,100,,28975,14,,,1
21300,'2',1929,,28985,14,,,1,100,,28987,14,,,1,100,,28986,14,,,1,100,,28984,14,,,1
21300,'3',1929,,28989,14,,,1,100,,28988,14,,,1,100,,28990,14,,,1,100,,28991,14,,,1
21300,'4',1929,,28992,14,,,1,100,,28993,14,,,1,100,,28994,14,,,1,100,,28995,14,,,1
21300,'5',1929,,28998,14,,,1,100,,28996,14,,,1,100,,28999,14,,,1,100,,28997,14,,,1
21300,'6',729,,29009,14,,,1,100,,29010,14,,,1,100,,29003,14,,,1,100,,29002,14,,,1,100,,29000,14,,,1,100,,29005,14,,,1,100,,29001,14,,,1,100,,29008,14,,,1,100,,29006,14,,,1,100,,29011,14,,,1,100,,29004,14,,,1,100,,29007,14,,,1,100,,29012,14,,,1
21300,'7',1929,,29015,14,,,1,100,,29016,14,,,1,100,,29014,14,,,1,100,,29013,14,,,1
21300,'8',1929,,29018,14,,,1,100,,29020,14,,,1,100,,29019,14,,,1,100,,29017,14,,,1
21300,'9',1929,,29023,14,,,1,100,,29021,14,,,1,100,,29024,14,,,1,100,,29022,14,,,1
