11600,'1',643,,25805,11,,,1,70,,25771,11,,,1,30,,19042,11,,,1,70,,17594,11,,,1,30,,25808,11,,,1,70,,25777,11,,,1,30,,25807,11,,,1,70,,25810,11,,,1,30,,25774,11,,,1,70,,25811,11,,,1,30,,25781,11,,,1,70,,25789,11,,,1,30,,25798,11,,,1,70,,25799,11,,,1,30,,25790,11,,,1,70,,25804,11,,,1,30,,25792,11,,,1,70,,25784,11,,,1,30,,25802,11,,,1,70,,25785,11,,,1,30,,25768,11,,,1,70,,25783,11,,,1,30,,25797,11,,,1
11600,'2',643,,25816,11,,,1,70,,14960,11,,,1,30,,25837,11,,,1,70,,25826,11,,,1,30,,25813,11,,,1,70,,25845,11,,,1,30,,25828,11,,,1,70,,25815,11,,,1,30,,25819,11,,,1,70,,25834,11,,,1,30,,25843,11,,,1,70,,25847,11,,,1,30,,25856,11,,,1,70,,25853,11,,,1,30,,25824,11,,,1,70,,25836,11,,,1,30,,25820,11,,,1,70,,25833,11,,,1,30,,25812,11,,,1,70,,25855,11,,,1,30,,25839,11,,,1,70,,25838,11,,,1,30,,25818,11,,,1
11600,'3',643,,25888,11,,,1,70,,25885,11,,,1,30,,25902,11,,,1,70,,25893,11,,,1,30,,25864,11,,,1,70,,25899,11,,,1,30,,25897,11,,,1,70,,25900,11,,,1,30,,25887,11,,,1,70,,25859,11,,,1,30,,25866,11,,,1,70,,25884,11,,,1,30,,25865,11,,,1,70,,25901,11,,,1,30,,25868,11,,,1,70,,25860,11,,,1,30,,25898,11,,,1,70,,25870,11,,,1,30,,25873,11,,,1,70,,25890,11,,,1,30,,25889,11,,,1,70,,25879,11,,,1,30,,25874,11,,,1
11600,'4',643,,25919,11,,,1,70,,25909,11,,,1,30,,25904,11,,,1,70,,25929,11,,,1,30,,25922,11,,,1,70,,25938,11,,,1,30,,25946,11,,,1,70,,25944,11,,,1,30,,25925,11,,,1,70,,25923,11,,,1,30,,25932,11,,,1,70,,25910,11,,,1,30,,25905,11,,,1,70,,25927,11,,,1,30,,25933,11,,,1,70,,25941,11,,,1,30,,25937,11,,,1,70,,25918,11,,,1,30,,25908,11,,,1,70,,25930,11,,,1,30,,25934,11,,,1,70,,25921,11,,,1,30,,25942,11,,,1
11600,'5',643,,25988,11,,,1,70,,25950,11,,,1,30,,25969,11,,,1,70,,25989,11,,,1,30,,25966,11,,,1,70,,25963,11,,,1,30,,25994,11,,,1,70,,25979,11,,,1,30,,25962,11,,,1,70,,25972,11,,,1,30,,25975,11,,,1,70,,25971,11,,,1,30,,25952,11,,,1,70,,25991,11,,,1,30,,25974,11,,,1,70,,25978,11,,,1,30,,25986,11,,,1,70,,25980,11,,,1,30,,25985,11,,,1,70,,25951,11,,,1,30,,25953,11,,,1,70,,25965,11,,,1,30,,25970,11,,,1
11600,'7',643,,26021,11,,,1,70,,26032,11,,,1,30,,26010,11,,,1,70,,26036,11,,,1,30,,26033,11,,,1,70,,26013,11,,,1,30,,26001,11,,,1,70,,26026,11,,,1,30,,26025,11,,,1,70,,26018,11,,,1,30,,26020,11,,,1,70,,26028,11,,,1,30,,26037,11,,,1,70,,26007,11,,,1,30,,26004,11,,,1,70,,26034,11,,,1,30,,26029,11,,,1,70,,26040,11,,,1,30,,26030,11,,,1,70,,25997,11,,,1,30,,26012,11,,,1,70,,26002,11,,,1,30,,26003,11,,,1
11600,'8',643,,26048,11,,,1,70,,26079,11,,,1,30,,26069,11,,,1,70,,26065,11,,,1,30,,26041,11,,,1,70,,26083,11,,,1,30,,26078,11,,,1,70,,26059,11,,,1,30,,26046,11,,,1,70,,26053,11,,,1,30,,26067,11,,,1,70,,26077,11,,,1,30,,26074,11,,,1,70,,26058,11,,,1,30,,26072,11,,,1,70,,26042,11,,,1,30,,26084,11,,,1,70,,26080,11,,,1,30,,26070,11,,,1,70,,26061,11,,,1,30,,26075,11,,,1,70,,26068,11,,,1,30,,26082,11,,,1
11600,'9',643,,26114,11,,,1,70,,26094,11,,,1,30,,26123,11,,,1,70,,26128,11,,,1,30,,26113,11,,,1,70,,26101,11,,,1,30,,26118,11,,,1,70,,26087,11,,,1,30,,26099,11,,,1,70,,26089,11,,,1,30,,26109,11,,,1,70,,26126,11,,,1,30,,26117,11,,,1,70,,26110,11,,,1,30,,26105,11,,,1,70,,26092,11,,,1,30,,26124,11,,,1,70,,26132,11,,,1,30,,26121,11,,,1,70,,26096,11,,,1,30,,26088,11,,,1,70,,26098,11,,,1,30,,26115,11,,,1
21600,'1',1813,,29404,11,,,1,30,,29411,11,,,1,70,,29393,11,,,1,30,,29389,11,,,1,70,,29391,11,,,1,30,,29408,11,,,1,70,,29396,11,,,1,30,,29402,11,,,1,70,,29405,11,,,1,30,,29399,11,,,1,70,,29394,11,,,1,30,,29412,11,,,1
21600,'10',713,,29434,11,,,1,30,,29443,11,,,1,70,,29436,11,,,1,30,,29458,11,,,1,70,,29437,11,,,1,30,,29433,11,,,1,70,,29422,11,,,1,30,,29466,11,,,1,70,,29459,11,,,1,30,,29420,11,,,1,70,,29425,11,,,1,30,,29456,11,,,1,70,,29431,11,,,1,30,,29435,11,,,1,70,,29464,11,,,1,30,,29439,11,,,1,70,,19714,11,,,1,30,,29461,11,,,1,70,,29418,11,,,1,30,,29428,11,,,1,70,,29467,11,,,1,30,,29423,11,,,1,70,,29460,11,,,1,30,,29450,11,,,1,70,,29457,11,,,1,30,,29413,11,,,1,70,,29414,11,,,1,30,,29426,11,,,1,70,,29448,11,,,1
21600,'11',713,,29472,11,,,1,30,,29475,11,,,1,70,,29514,11,,,1,30,,29520,11,,,1,70,,29471,11,,,1,30,,29519,11,,,1,70,,29483,11,,,1,30,,29479,11,,,1,70,,29477,11,,,1,30,,29524,11,,,1,70,,29523,11,,,1,30,,29487,11,,,1,70,,29488,11,,,1,30,,29499,11,,,1,70,,29521,11,,,1,30,,29512,11,,,1,70,,29503,11,,,1,30,,29492,11,,,1,70,,29525,11,,,1,30,,29500,11,,,1,70,,29484,11,,,1,30,,29478,11,,,1,70,,29506,11,,,1,30,,29505,11,,,1,70,,29507,11,,,1,30,,29494,11,,,1,70,,29482,11,,,1,30,,29497,11,,,1,70,,29509,11,,,1
21600,'2',1813,,29540,11,,,1,30,,29544,11,,,1,70,,29537,11,,,1,30,,29528,11,,,1,70,,29535,11,,,1,30,,29534,11,,,1,70,,29538,11,,,1,30,,29545,11,,,1,70,,29531,11,,,1,30,,29533,11,,,1,70,,29547,11,,,1,30,,29541,11,,,1
21600,'3',1813,,29562,11,,,1,30,,29551,11,,,1,70,,29558,11,,,1,30,,29550,11,,,1,70,,29549,11,,,1,30,,29552,11,,,1,70,,29571,11,,,1,30,,29555,11,,,1,70,,29554,11,,,1,30,,29569,11,,,1,70,,29570,11,,,1,30,,29559,11,,,1
21600,'4',1813,,29582,11,,,1,30,,29595,11,,,1,70,,29584,11,,,1,30,,29588,11,,,1,70,,29593,11,,,1,30,,29575,11,,,1,70,,29591,11,,,1,30,,29589,11,,,1,70,,29580,11,,,1,30,,29579,11,,,1,70,,29574,11,,,1,30,,29585,11,,,1
21600,'5',1813,,29601,11,,,1,30,,29604,11,,,1,70,,29606,11,,,1,30,,29619,11,,,1,70,,29603,11,,,1,30,,29600,11,,,1,70,,29612,11,,,1,30,,29609,11,,,1,70,,29614,11,,,1,30,,29598,11,,,1,70,,29608,11,,,1,30,,29618,11,,,1
21600,'6',713,,29671,11,,,1,30,,29667,11,,,1,70,,29653,11,,,1,30,,29664,11,,,1,70,,29638,11,,,1,30,,29639,11,,,1,70,,29673,11,,,1,30,,29658,11,,,1,70,,29629,11,,,1,30,,29676,11,,,1,70,,29632,11,,,1,30,,29637,11,,,1,70,,29654,11,,,1,30,,29670,11,,,1,70,,29636,11,,,1,30,,29622,11,,,1,70,,29623,11,,,1,30,,29661,11,,,1,70,,29621,11,,,1,30,,29652,11,,,1,70,,29647,11,,,1,30,,29657,11,,,1,70,,29642,11,,,1,30,,29668,11,,,1,70,,29665,11,,,1,30,,29627,11,,,1,70,,29659,11,,,1,30,,29672,11,,,1,70,,29646,11,,,1
21600,'7',1813,,29690,11,,,1,30,,29696,11,,,1,70,,29684,11,,,1,30,,29698,11,,,1,70,,29699,11,,,1,30,,29702,11,,,1,70,,29693,11,,,1,30,,29681,11,,,1,70,,29700,11,,,1,30,,29679,11,,,1,70,,29683,11,,,1,30,,29680,11,,,1
21600,'8',1813,,29713,11,,,1,30,,29706,11,,,1,70,,29725,11,,,1,30,,29722,11,,,1,70,,29724,11,,,1,30,,29711,11,,,1,70,,29703,11,,,1,30,,29716,11,,,1,70,,29704,11,,,1,30,,29714,11,,,1,70,,29720,11,,,1,30,,29710,11,,,1
21600,'9',1813,,29741,11,,,1,30,,29747,11,,,1,70,,29730,11,,,1,30,,29729,11,,,1,70,,29732,11,,,1,30,,29738,11,,,1,70,,29737,11,,,1,30,,29739,11,,,1,70,,29731,11,,,1,30,,29734,11,,,1,70,,29745,11,,,1,30,,29735,11,,,1
