11601,'10',627,,14971,2,0,13,1,30,,18675,2,0,13,1,70,,18705,2,0,13,1,30,,18711,2,0,13,1,70,,15905,2,0,13,1,30,,18686,2,0,13,1,70,,18679,2,0,13,1,30,,18704,2,0,13,1,70,,18689,2,0,13,1,30,,18697,2,0,13,1,70,,18688,2,0,13,1,30,,18678,2,0,13,1,70,,18701,2,0,13,1,30,,18706,2,0,13,1,70,,18703,2,0,13,1,30,,18684,2,0,13,1,70,,18672,2,0,13,1,30,,18680,2,0,13,1,70,,18692,2,0,13,1,30,,18708,2,0,13,1,70,,14749,2,0,13,1,30,,18702,2,0,13,1,70,,18707,2,0,13,1,30,,18693,2,0,13,1
11601,'7',627,,14925,2,0,13,1,30,,18717,2,0,13,1,70,,18746,2,0,13,1,30,,18752,2,0,13,1,70,,18715,2,0,13,1,30,,18727,2,0,13,1,70,,18721,2,0,13,1,30,,18745,2,0,13,1,70,,18730,2,0,13,1,30,,18738,2,0,13,1,70,,18729,2,0,13,1,30,,18720,2,0,13,1,70,,18742,2,0,13,1,30,,18747,2,0,13,1,70,,18744,2,0,13,1,30,,18725,2,0,13,1,70,,18713,2,0,13,1,30,,15693,2,0,13,1,70,,18733,2,0,13,1,30,,18749,2,0,13,1,70,,14698,2,0,13,1,30,,18743,2,0,13,1,70,,18748,2,0,13,1,30,,18734,2,0,13,1
20301,'10',2400,,16215,2,,,1
20301,'7',2400,,16131,2,,,1
20400,'10',1901,,18840,2,,,1,30,,18841,2,,,1,70,,18839,2,,,1,30,,18845,2,,,1,70,,18842,2,,,1,30,,18844,2,,,1,70,,18843,2,,,1,30,,15600,2,,,1,70,,18838,2,,,1,30,,15911,2,,,1
20400,'5',731,,18853,2,,,1,70,,18868,2,,,1,30,,18859,2,,,1,70,,18871,2,,,1,30,,18869,2,,,1,70,,18873,2,,,1,30,,18856,2,,,1,70,,18872,2,,,1,30,,18870,2,,,1,70,,18867,2,,,1,30,,18854,2,,,1,70,,18861,2,,,1,30,,18865,2,,,1,70,,18849,2,,,1,30,,18848,2,,,1,70,,18852,2,,,1,30,,18846,2,,,1,70,,18847,2,,,1,30,,18866,2,,,1,70,,18857,2,,,1,30,,18851,2,,,1,70,,18863,2,,,1,30,,18858,2,,,1,70,,18855,2,,,1,30,,18862,2,,,1,70,,18850,2,,,1,30,,18864,2,,,1,70,,18860,2,,,1
20400,'7',1901,,18877,2,,,1,30,,18878,2,,,1,70,,18876,2,,,1,30,,18882,2,,,1,70,,18879,2,,,1,30,,18881,2,,,1,70,,18880,2,,,1,30,,15576,2,,,1,70,,18875,2,,,1,30,,18874,2,,,1
21601,'10',1827,,19664,2,0,13,1,30,,19667,2,0,13,1,70,,19666,2,0,13,1,30,,16180,2,0,13,1,70,,19672,2,0,13,1,30,,19660,2,0,13,1,70,,16201,2,0,13,1,30,,19668,2,0,13,1,70,,15063,2,0,13,1,30,,15749,2,0,13,1,70,,19658,2,0,13,1
21601,'5',657,,19688,2,0,13,1,70,,19699,2,0,13,1,30,,19697,2,0,13,1,70,,16250,2,0,13,1,30,,19706,2,0,13,1,70,,19722,2,0,13,1,30,,19714,2,0,13,1,70,,19692,2,0,13,1,30,,19715,2,0,13,1,70,,19685,2,0,13,1,30,,19679,2,0,13,1,70,,16346,2,0,13,1,30,,19674,2,0,13,1,70,,16620,2,0,13,1,30,,19673,2,0,13,1,70,,19720,2,0,13,1,30,,19696,2,0,13,1,70,,19695,2,0,13,1,30,,19708,2,0,13,1,70,,19704,2,0,13,1,30,,19693,2,0,13,1,70,,19712,2,0,13,1,30,,19713,2,0,13,1,70,,19703,2,0,13,1,30,,19675,2,0,13,1,70,,19689,2,0,13,1,30,,19711,2,0,13,1,70,,19718,2,0,13,1,30,,19681,2,0,13,1
21601,'7',1827,,19733,2,0,13,1,30,,19736,2,0,13,1,70,,19735,2,0,13,1,30,,16136,2,0,13,1,70,,19741,2,0,13,1,30,,19729,2,0,13,1,70,,16157,2,0,13,1,30,,19737,2,0,13,1,70,,15030,2,0,13,1,30,,15738,2,0,13,1,70,,19727,2,0,13,1
