11301,'1',652,,24838,14,,,1,100,,24841,14,,,1,100,,18571,14,,,1,100,,24833,14,,,1,100,,24815,14,,,1,100,,24822,14,,,1,100,,24837,14,,,1,100,,17395,14,,,1,100,,24817,14,,,1,100,,24832,14,,,1,100,,24834,14,,,1,100,,24806,14,,,1,100,,24827,14,,,1
11301,'2',652,,24868,14,,,1,100,,24856,14,,,1,100,,24864,14,,,1,100,,24869,14,,,1,100,,14749,14,,,1,100,,24854,14,,,1,100,,24852,14,,,1,100,,24857,14,,,1,100,,24858,14,,,1,100,,24855,14,,,1,100,,24845,14,,,1,100,,24860,14,,,1,100,,24875,14,,,1
11301,'3',652,,24903,14,,,1,100,,24895,14,,,1,100,,24896,14,,,1,100,,24894,14,,,1,100,,24890,14,,,1,100,,24905,14,,,1,100,,24904,14,,,1,100,,24886,14,,,1,100,,24916,14,,,1,100,,24907,14,,,1,100,,24882,14,,,1,100,,24901,14,,,1,100,,24887,14,,,1
11301,'4',652,,24926,14,,,1,100,,24921,14,,,1,100,,24951,14,,,1,100,,24932,14,,,1,100,,24939,14,,,1,100,,24928,14,,,1,100,,24956,14,,,1,100,,24954,14,,,1,100,,24955,14,,,1,100,,24959,14,,,1,100,,24933,14,,,1,100,,24937,14,,,1,100,,24938,14,,,1
11301,'5',652,,24978,14,,,1,100,,24996,14,,,1,100,,24972,14,,,1,100,,24990,14,,,1,100,,24964,14,,,1,100,,24992,14,,,1,100,,24999,14,,,1,100,,24976,14,,,1,100,,24981,14,,,1,100,,24984,14,,,1,100,,24987,14,,,1,100,,24985,14,,,1,100,,24986,14,,,1
11301,'7',652,,25037,14,,,1,100,,25015,14,,,1,100,,25024,14,,,1,100,,25031,14,,,1,100,,25028,14,,,1,100,,25006,14,,,1,100,,25020,14,,,1,100,,25021,14,,,1,100,,25038,14,,,1,100,,25016,14,,,1,100,,25030,14,,,1,100,,25036,14,,,1,100,,25005,14,,,1
11301,'8',652,,25051,14,,,1,100,,25043,14,,,1,100,,25062,14,,,1,100,,25064,14,,,1,100,,25075,14,,,1,100,,25082,14,,,1,100,,25083,14,,,1,100,,25081,14,,,1,100,,25057,14,,,1,100,,25060,14,,,1,100,,25070,14,,,1,100,,25048,14,,,1,100,,25066,14,,,1
11301,'9',652,,25101,14,,,1,100,,25095,14,,,1,100,,25117,14,,,1,100,,25114,14,,,1,100,,25122,14,,,1,100,,25105,14,,,1,100,,25115,14,,,1,100,,25094,14,,,1,100,,25085,14,,,1,100,,25090,14,,,1,100,,25087,14,,,1,100,,25119,14,,,1,100,,25084,14,,,1
21301,'1',1952,,29030,14,,,1,100,,29026,14,,,1,100,,29027,14,,,1,100,,29032,14,,,1
21301,'10',752,,29048,14,,,1,100,,29059,14,,,1,100,,29056,14,,,1,100,,29053,14,,,1,100,,29044,14,,,1,100,,29072,14,,,1,100,,29052,14,,,1,100,,29065,14,,,1,100,,29067,14,,,1,100,,29042,14,,,1,100,,29071,14,,,1,100,,29074,14,,,1,100,,29046,14,,,1
21301,'11',752,,29100,14,,,1,100,,29081,14,,,1,100,,29085,14,,,1,100,,29109,14,,,1,100,,29083,14,,,1,100,,29098,14,,,1,100,,29094,14,,,1,100,,29115,14,,,1,100,,29105,14,,,1,100,,29112,14,,,1,100,,29092,14,,,1,100,,29084,14,,,1,100,,29088,14,,,1
21301,'2',1952,,29119,14,,,1,100,,29117,14,,,1,100,,29120,14,,,1,100,,29122,14,,,1
21301,'3',1952,,29132,14,,,1,100,,29129,14,,,1,100,,29133,14,,,1,100,,29135,14,,,1
21301,'4',1952,,29138,14,,,1,100,,29141,14,,,1,100,,29137,14,,,1,100,,29145,14,,,1
21301,'5',1952,,29158,14,,,1,100,,29157,14,,,1,100,,29155,14,,,1,100,,29150,14,,,1
21301,'6',752,,29177,14,,,1,100,,29162,14,,,1,100,,29195,14,,,1,100,,29178,14,,,1,100,,29161,14,,,1,100,,29171,14,,,1,100,,29159,14,,,1,100,,29185,14,,,1,100,,29180,14,,,1,100,,29167,14,,,1,100,,29189,14,,,1,100,,29176,14,,,1,100,,29182,14,,,1
21301,'7',1952,,29208,14,,,1,100,,29202,14,,,1,100,,29203,14,,,1,100,,29207,14,,,1
21301,'8',1952,,29218,14,,,1,100,,29212,14,,,1,100,,29213,14,,,1,100,,29215,14,,,1
21301,'9',1952,,29231,14,,,1,100,,29230,14,,,1,100,,29222,14,,,1,100,,29224,14,,,1
