10700,'10',641,,17801,16,4,,1,100,,17790,16,4,,1,70,,17802,16,4,,1,30,,17796,16,4,,1,70,,17804,16,4,,1,30,,17793,16,4,,1,100,,17798,16,4,,1,100,,17789,16,4,,1,100,,17803,16,4,,1,100,,17799,16,4,,1,100,,15221,16,4,,1,70,,17792,16,4,,1,30,,17788,16,4,,1,70,,17794,16,4,,1,30,,17797,16,4,,1,70,,17791,16,4,,1,30,,14678,16,4,,1,70,,17800,16,4,,1,30,,17795,16,4,,1
10700,'7',641,,17818,16,4,,1,100,,17807,16,4,,1,70,,17809,16,4,,1,30,,17813,16,4,,1,70,,17819,16,4,,1,30,,17811,16,4,,1,100,,17815,16,4,,1,100,,17806,16,4,,1,100,,17820,16,4,,1,100,,17816,16,4,,1,100,,15207,16,4,,1,70,,17810,16,4,,1,30,,17805,16,4,,1,70,,14729,16,4,,1,30,,17814,16,4,,1,70,,17808,16,4,,1,30,,14665,16,4,,1,70,,17817,16,4,,1,30,,17812,16,4,,1
10701,'10',555,,17868,1,0,5 6,1,48,,17862,9,4,,1,12,,17856,1,,,1,40,,17860,1,0,5 6,1,48,,12126,9,4,,1,12,,17836,1,,,1,10,,17850,1,0,5 6,1,8,,15520,9,4,,1,12,,17843,1,,,1,10,,17848,1,0,5 6,1,48,,14080,9,4,,1,12,,17844,1,,,1,10,,17866,1,0,5 6,1,8,,17858,9,4,,1,12,,17852,1,,,1,10,,17827,1,0,5 6,1,48,,17853,9,4,,1,12,,17865,1,,,1,40,,15624,1,0,5 6,1,48,,17835,9,4,,1,12,,17854,1,,,1,40,,17833,1,0,5 6,1,48,,17851,9,4,,1,12,,17829,1,,,1,40,,17864,1,0,5 6,1,48,,17847,9,4,,1,12,,16103,1,,,1,40,,17867,1,0,5 6,1,48,,17834,9,4,,1,12,,17842,1,,,1,40,,17845,1,0,5 6,1,48,,17871,9,4,,1,12,,17837,1,,,1,10,,17822,1,0,5 6,1,8,,17832,9,4,,1,12,,16036,1,,,1,10,,17838,1,0,5 6,1,48,,17831,9,4,,1,12,,17855,1,,,1,10,,17863,1,0,5 6,1,8,,17830,9,4,,1,12,,17841,1,,,1,10,,17861,1,0,5 6,1,48,,17846,9,4,,1,12,,14854,1,,,1,10,,17828,1,0,5 6,1,8,,17825,9,4,,1,12,,17826,1,,,1,10,,17840,1,0,5 6,1,48,,13286,9,4,,1,12,,17824,1,,,1,10,,17859,1,0,5 6,1,8,,17869,9,4,,1,12,,17823,1,,,1,10,,15399,1,0,5 6,1,48,,17849,9,4,,1,12,,17857,1,,,1,40,,17870,1,0,5 6,1,48,,17839,9,4,,1,12,,17821,1,,,1
10701,'7',555,,17918,1,0,5 6,1,48,,17913,9,4,,1,12,,17907,1,,,1,40,,17911,1,0,5 6,1,48,,12073,9,4,,1,12,,17886,1,,,1,10,,17885,1,0,5 6,1,8,,17892,9,4,,1,12,,17920,1,,,1,10,,17898,1,0,5 6,1,48,,14063,9,4,,1,12,,17894,1,,,1,10,,15695,1,0,5 6,1,8,,17904,9,4,,1,12,,17877,1,,,1,10,,17878,1,0,5 6,1,48,,17901,9,4,,1,12,,17916,1,,,1,40,,15602,1,0,5 6,1,48,,17884,9,4,,1,12,,17902,1,,,1,40,,17882,1,0,5 6,1,48,,17900,9,4,,1,12,,17879,1,,,1,40,,17915,1,0,5 6,1,48,,17897,9,4,,1,12,,16062,1,,,1,40,,17917,1,0,5 6,1,48,,17883,9,4,,1,12,,17893,1,,,1,40,,17895,1,0,5 6,1,48,,17922,9,4,,1,12,,17887,1,,,1,10,,17903,1,0,5 6,1,8,,17906,9,4,,1,12,,16880,1,,,1,10,,17888,1,0,5 6,1,48,,17881,9,4,,1,12,,17905,1,,,1,10,,17914,1,0,5 6,1,8,,17880,9,4,,1,12,,17891,1,,,1,10,,17912,1,0,5 6,1,48,,17896,9,4,,1,12,,14835,1,,,1,10,,17874,1,0,5 6,1,8,,17910,9,4,,1,12,,17873,1,,,1,10,,17890,1,0,5 6,1,48,,14916,9,4,,1,12,,17876,1,,,1,10,,17909,1,0,5 6,1,8,,17919,9,4,,1,12,,17875,1,,,1,10,,15368,1,0,5 6,1,48,,17899,9,4,,1,12,,17908,1,,,1,40,,17921,1,0,5 6,1,48,,17889,9,4,,1,12,,17872,1,,,1
10800,'10',708,,17932,13,4,,1,7,,17935,1,,,1,23,,17931,13,4,,1,7,,17942,1,,,1,63,,17924,13,4,,1,7,,17949,1,,,1,23,,15154,13,4,,1,7,,17944,1,,,1,63,,17945,13,4,,1,7,,17939,1,,,1,23,,17929,13,4,,1,7,,14649,1,,,1,93,,17927,13,4,,1,7,,17936,1,,,1,93,,17928,13,4,,1,7,,17946,1,,,1,93,,16388,13,4,,1,7,,17930,1,,,1,93,,17938,13,4,,1,7,,17933,1,,,1,93,,17937,13,4,,1,7,,17950,1,,,1,63,,17940,13,4,,1,7,,17943,1,,,1,23,,17925,13,4,,1,7,,17941,1,,,1,63,,17948,13,4,,1,7,,17953,1,,,1,23,,17926,13,4,,1,7,,17952,1,,,1,63,,17947,13,4,,1,7,,17934,1,,,1,23,,17923,13,4,,1,7,,17951,1,,,1
10800,'7',708,,16222,13,4,,1,7,,15564,1,,,1,23,,17977,13,4,,1,7,,17976,1,,,1,63,,17970,13,4,,1,7,,17959,1,,,1,23,,17983,13,4,,1,7,,17975,1,,,1,63,,17962,13,4,,1,7,,17955,1,,,1,23,,17966,13,4,,1,7,,12938,1,,,1,93,,17958,13,4,,1,7,,17957,1,,,1,93,,17961,13,4,,1,7,,17973,1,,,1,93,,16370,13,4,,1,7,,17963,1,,,1,93,,17968,13,4,,1,7,,17964,1,,,1,93,,17967,13,4,,1,7,,17979,1,,,1,63,,17969,13,4,,1,7,,17972,1,,,1,23,,17956,13,4,,1,7,,17971,1,,,1,63,,17978,13,4,,1,7,,17982,1,,,1,23,,17960,13,4,,1,7,,17981,1,,,1,63,,17974,13,4,,1,7,,17965,1,,,1,23,,17954,13,4,,1,7,,17980,1,,,1
11401,'10',647,,18520,22,,,1,100,,18521,22,,,1,100,,18519,22,,,1,100,,18514,22,,,1,100,,18517,22,,,1,100,,18516,22,,,1,100,,18522,22,,,1,100,,15309,22,,,1,100,,18518,22,,,1,100,,18524,22,,,1,100,,18515,22,,,1,100,,18523,22,,,1
11401,'7',647,,18531,22,,,1,100,,18532,22,,,1,100,,18530,22,,,1,100,,18525,22,,,1,100,,18528,22,,,1,100,,18527,22,,,1,100,,18533,22,,,1,100,,15251,22,,,1,100,,18529,22,,,1,100,,18535,22,,,1,100,,18526,22,,,1,100,,18534,22,,,1
21401,'10',1848,,19543,28,,,1,100,,19542,28,,,1,100,,19544,28,,,1,100,,19546,28,,,1,100,,19545,28,,,1
21401,'5',748,,19557,28,,,1,100,,19547,28,,,1,100,,19558,28,,,1,100,,19548,28,,,1,100,,19556,28,,,1,100,,19551,28,,,1,100,,16437,28,,,1,100,,19553,28,,,1,100,,19555,28,,,1,100,,19550,28,,,1,100,,19554,28,,,1,100,,19549,28,,,1,100,,19552,28,,,1
21401,'7',1848,,19559,28,,,1,100,,19562,28,,,1,100,,19560,28,,,1,100,,19563,28,,,1,100,,19561,28,,,1
