10101,'1',643,,19889,7,,,1,70,,19898,7,,,1,30,,19892,7,,,1,70,,19890,7,,,1,30,,19901,7,,,1,70,,19887,7,,,1,30,,19897,7,,,1,100,,19900,7,,,1,100,,19886,7,,,1,100,,19903,7,,,1,100,,19896,7,,,1,102,,19902,7,,,1,70,,19888,7,,,1,30,,19899,7,,,1,70,,19894,7,,,1,30,,19891,7,,,1,70,,19893,7,,,1,30,,19895,7,,,1
10101,'2',643,,19909,7,,,1,70,,19915,7,,,1,30,,19912,7,,,1,70,,19919,7,,,1,30,,19907,7,,,1,70,,19911,7,,,1,30,,19913,7,,,1,100,,19908,7,,,1,100,,19904,7,,,1,100,,19920,7,,,1,100,,19906,7,,,1,102,,19917,7,,,1,70,,19910,7,,,1,30,,19914,7,,,1,70,,18685,7,,,1,30,,19916,7,,,1,70,,19905,7,,,1,30,,19918,7,,,1
10101,'3',643,,19933,7,,,1,70,,19937,7,,,1,30,,19930,7,,,1,70,,19923,7,,,1,30,,19931,7,,,1,70,,19927,7,,,1,30,,19921,7,,,1,100,,19935,7,,,1,100,,19928,7,,,1,100,,19932,7,,,1,100,,19926,7,,,1,102,,19934,7,,,1,70,,19925,7,,,1,30,,19936,7,,,1,70,,19938,7,,,1,30,,19922,7,,,1,70,,19929,7,,,1,30,,19924,7,,,1
10101,'4',643,,19945,7,,,1,70,,19949,7,,,1,30,,19943,7,,,1,70,,19942,7,,,1,30,,19948,7,,,1,70,,19939,7,,,1,30,,19950,7,,,1,100,,19941,7,,,1,100,,19954,7,,,1,100,,19955,7,,,1,100,,19940,7,,,1,102,,19947,7,,,1,70,,19944,7,,,1,30,,19952,7,,,1,70,,19956,7,,,1,30,,19946,7,,,1,70,,19951,7,,,1,30,,19953,7,,,1
10101,'5',643,,19963,7,,,1,70,,19959,7,,,1,30,,19961,7,,,1,70,,19965,7,,,1,30,,19962,7,,,1,70,,19967,7,,,1,30,,19968,7,,,1,100,,19964,7,,,1,100,,19957,7,,,1,100,,19958,7,,,1,100,,19969,7,,,1,102,,19974,7,,,1,70,,19972,7,,,1,30,,19970,7,,,1,70,,19960,7,,,1,30,,19973,7,,,1,70,,19966,7,,,1,30,,19971,7,,,1
10101,'7',643,,19992,7,,,1,70,,19982,7,,,1,30,,19978,7,,,1,70,,19988,7,,,1,30,,19984,7,,,1,70,,19990,7,,,1,30,,19989,7,,,1,100,,19983,7,,,1,100,,19980,7,,,1,100,,19975,7,,,1,100,,19977,7,,,1,102,,19985,7,,,1,70,,19986,7,,,1,30,,19987,7,,,1,70,,19991,7,,,1,30,,19976,7,,,1,70,,19979,7,,,1,30,,19981,7,,,1
10101,'8',643,,20005,7,,,1,70,,19995,7,,,1,30,,20002,7,,,1,70,,20001,7,,,1,30,,20003,7,,,1,70,,20008,7,,,1,30,,19994,7,,,1,100,,19997,7,,,1,100,,20006,7,,,1,100,,19993,7,,,1,100,,19996,7,,,1,102,,19998,7,,,1,70,,20010,7,,,1,30,,20004,7,,,1,70,,20007,7,,,1,30,,19999,7,,,1,70,,20009,7,,,1,30,,20000,7,,,1
10101,'9',643,,20018,7,,,1,70,,20015,7,,,1,30,,20013,7,,,1,70,,20011,7,,,1,30,,20027,7,,,1,70,,20028,7,,,1,30,,20022,7,,,1,100,,20025,7,,,1,100,,20021,7,,,1,100,,20023,7,,,1,100,,20014,7,,,1,102,,20020,7,,,1,70,,20019,7,,,1,30,,20016,7,,,1,70,,20026,7,,,1,30,,20012,7,,,1,70,,20024,7,,,1,30,,20017,7,,,1
11101,'1',620,,24046,4,,,1,30,,24048,4,,,1,70,,24058,4,,,1,30,,24040,4,,,1,70,,24052,4,,,1,30,,24047,4,,,1,70,,24049,4,,,1,30,,24057,4,,,1,70,,24055,4,,,1,30,,24034,4,,,1,70,,24043,4,,,1,30,,24050,4,,,1,70,,24051,4,,,1,30,,24041,4,,,1,70,,24036,4,,,1,30,,24037,4,,,1,70,,24056,4,,,1,30,,24045,4,,,1,70,,24042,4,,,1,30,,24035,4,,,1,70,,24044,4,,,1,30,,24054,4,,,1,70,,24053,4,,,1,30,,24038,4,,,1,70,,24039,4,,,1
11101,'2',620,,24081,4,,,1,30,,24070,4,,,1,70,,24083,4,,,1,30,,24073,4,,,1,70,,24076,4,,,1,30,,24079,4,,,1,70,,24066,4,,,1,30,,24063,4,,,1,70,,24082,4,,,1,30,,24059,4,,,1,70,,24064,4,,,1,30,,24069,4,,,1,70,,24071,4,,,1,30,,24067,4,,,1,70,,24061,4,,,1,30,,24060,4,,,1,70,,24072,4,,,1,30,,24077,4,,,1,70,,24080,4,,,1,30,,24065,4,,,1,70,,24062,4,,,1,30,,24074,4,,,1,70,,24075,4,,,1,30,,24078,4,,,1,70,,24068,4,,,1
11101,'3',620,,24108,4,,,1,30,,24096,4,,,1,70,,24094,4,,,1,30,,24095,4,,,1,70,,24087,4,,,1,30,,24091,4,,,1,70,,24106,4,,,1,30,,24100,4,,,1,70,,24102,4,,,1,30,,24105,4,,,1,70,,24099,4,,,1,30,,24088,4,,,1,70,,24098,4,,,1,30,,24092,4,,,1,70,,24089,4,,,1,30,,24097,4,,,1,70,,24104,4,,,1,30,,24103,4,,,1,70,,24101,4,,,1,30,,24093,4,,,1,70,,24085,4,,,1,30,,24107,4,,,1,70,,24084,4,,,1,30,,24086,4,,,1,70,,24090,4,,,1
11101,'4',620,,24111,4,,,1,30,,24122,4,,,1,70,,24132,4,,,1,30,,24116,4,,,1,70,,24123,4,,,1,30,,24128,4,,,1,70,,24119,4,,,1,30,,24125,4,,,1,70,,24133,4,,,1,30,,24127,4,,,1,70,,24113,4,,,1,30,,24121,4,,,1,70,,24124,4,,,1,30,,24130,4,,,1,70,,24129,4,,,1,30,,24114,4,,,1,70,,24118,4,,,1,30,,24112,4,,,1,70,,24115,4,,,1,30,,24126,4,,,1,70,,24109,4,,,1,30,,24120,4,,,1,70,,24110,4,,,1,30,,24117,4,,,1,70,,24131,4,,,1
11101,'5',620,,24134,4,,,1,30,,24140,4,,,1,70,,24141,4,,,1,30,,24137,4,,,1,70,,24155,4,,,1,30,,24142,4,,,1,70,,24138,4,,,1,30,,24154,4,,,1,70,,24151,4,,,1,30,,24156,4,,,1,70,,24149,4,,,1,30,,24143,4,,,1,70,,24146,4,,,1,30,,24158,4,,,1,70,,24153,4,,,1,30,,24145,4,,,1,70,,24147,4,,,1,30,,24135,4,,,1,70,,24148,4,,,1,30,,24136,4,,,1,70,,24139,4,,,1,30,,24152,4,,,1,70,,24157,4,,,1,30,,24150,4,,,1,70,,24144,4,,,1
11101,'7',620,,24182,4,,,1,30,,24176,4,,,1,70,,24161,4,,,1,30,,24171,4,,,1,70,,24165,4,,,1,30,,24180,4,,,1,70,,24172,4,,,1,30,,24175,4,,,1,70,,24179,4,,,1,30,,24160,4,,,1,70,,24181,4,,,1,30,,24164,4,,,1,70,,24173,4,,,1,30,,24170,4,,,1,70,,24178,4,,,1,30,,24177,4,,,1,70,,24166,4,,,1,30,,24163,4,,,1,70,,24174,4,,,1,30,,24162,4,,,1,70,,24159,4,,,1,30,,24169,4,,,1,70,,24168,4,,,1,30,,24167,4,,,1,70,,24183,4,,,1
11101,'8',620,,24203,4,,,1,30,,24197,4,,,1,70,,24185,4,,,1,30,,24201,4,,,1,70,,24190,4,,,1,30,,24188,4,,,1,70,,24192,4,,,1,30,,24198,4,,,1,70,,24202,4,,,1,30,,24193,4,,,1,70,,24184,4,,,1,30,,24196,4,,,1,70,,24208,4,,,1,30,,24207,4,,,1,70,,24205,4,,,1,30,,24206,4,,,1,70,,24187,4,,,1,30,,24200,4,,,1,70,,24194,4,,,1,30,,24186,4,,,1,70,,24195,4,,,1,30,,24204,4,,,1,70,,24191,4,,,1,30,,24189,4,,,1,70,,24199,4,,,1
11101,'9',620,,24209,4,,,1,30,,24223,4,,,1,70,,24225,4,,,1,30,,24224,4,,,1,70,,24230,4,,,1,30,,24210,4,,,1,70,,24212,4,,,1,30,,24218,4,,,1,70,,24215,4,,,1,30,,24221,4,,,1,70,,24231,4,,,1,30,,24227,4,,,1,70,,24226,4,,,1,30,,24211,4,,,1,70,,24220,4,,,1,30,,24216,4,,,1,70,,24219,4,,,1,30,,24213,4,,,1,70,,24222,4,,,1,30,,24217,4,,,1,70,,24233,4,,,1,30,,24228,4,,,1,70,,24232,4,,,1,30,,24229,4,,,1,70,,24214,4,,,1
21101,'1',1850,,28806,4,,,1,70,,28803,4,,,1,30,,28805,4,,,1,70,,28804,4,,,1,30,,28808,4,,,1,70,,28802,4,,,1,30,,28801,4,,,1,70,,28809,4,,,1,30,,28807,4,,,1
21101,'10',720,,28819,4,,,1,30,,28825,4,,,1,70,,28829,4,,,1,30,,28828,4,,,1,70,,28826,4,,,1,30,,28817,4,,,1,70,,28836,4,,,1,30,,28813,4,,,1,70,,28822,4,,,1,30,,28823,4,,,1,70,,28827,4,,,1,30,,28833,4,,,1,70,,28811,4,,,1,30,,28815,4,,,1,70,,28824,4,,,1,30,,28835,4,,,1,70,,28816,4,,,1,30,,28810,4,,,1,70,,28812,4,,,1,30,,28814,4,,,1,70,,28832,4,,,1,30,,28821,4,,,1,70,,28831,4,,,1,30,,28818,4,,,1,70,,28830,4,,,1,30,,28834,4,,,1,70,,28820,4,,,1
21101,'11',720,,28853,4,,,1,30,,28854,4,,,1,70,,28845,4,,,1,30,,28838,4,,,1,70,,28837,4,,,1,30,,28861,4,,,1,70,,28841,4,,,1,30,,28843,4,,,1,70,,28860,4,,,1,30,,28863,4,,,1,70,,28840,4,,,1,30,,28852,4,,,1,70,,28848,4,,,1,30,,28839,4,,,1,70,,28858,4,,,1,30,,28857,4,,,1,70,,28850,4,,,1,30,,28846,4,,,1,70,,28851,4,,,1,30,,28842,4,,,1,70,,28859,4,,,1,30,,28856,4,,,1,70,,28844,4,,,1,30,,28855,4,,,1,70,,28862,4,,,1,30,,28847,4,,,1,70,,28849,4,,,1
21101,'2',1850,,28870,4,,,1,70,,28866,4,,,1,30,,28868,4,,,1,70,,28871,4,,,1,30,,28864,4,,,1,70,,28865,4,,,1,30,,28867,4,,,1,70,,28869,4,,,1,30,,28872,4,,,1
21101,'3',1850,,28880,4,,,1,70,,28873,4,,,1,30,,28881,4,,,1,70,,28877,4,,,1,30,,28878,4,,,1,70,,28874,4,,,1,30,,28875,4,,,1,70,,28876,4,,,1,30,,28879,4,,,1
21101,'4',1850,,28885,4,,,1,70,,28886,4,,,1,30,,28884,4,,,1,70,,28887,4,,,1,30,,28883,4,,,1,70,,28882,4,,,1,30,,28888,4,,,1,70,,28889,4,,,1,30,,28890,4,,,1
21101,'5',1850,,28893,4,,,1,70,,28891,4,,,1,30,,28894,4,,,1,70,,28896,4,,,1,30,,28892,4,,,1,70,,28899,4,,,1,30,,28895,4,,,1,70,,28898,4,,,1,30,,28897,4,,,1
21101,'6',720,,28919,4,,,1,30,,28913,4,,,1,70,,28903,4,,,1,30,,28909,4,,,1,70,,28900,4,,,1,30,,28905,4,,,1,70,,28926,4,,,1,30,,28904,4,,,1,70,,28901,4,,,1,30,,28915,4,,,1,70,,28923,4,,,1,30,,28916,4,,,1,70,,28920,4,,,1,30,,28924,4,,,1,70,,28911,4,,,1,30,,28918,4,,,1,70,,28907,4,,,1,30,,28921,4,,,1,70,,28914,4,,,1,30,,28902,4,,,1,70,,28925,4,,,1,30,,28922,4,,,1,70,,28910,4,,,1,30,,28917,4,,,1,70,,28908,4,,,1,30,,28912,4,,,1,70,,28906,4,,,1
21101,'7',1850,,28933,4,,,1,70,,28934,4,,,1,30,,28930,4,,,1,70,,28928,4,,,1,30,,28932,4,,,1,70,,28935,4,,,1,30,,28931,4,,,1,70,,28929,4,,,1,30,,28927,4,,,1
21101,'8',1850,,28940,4,,,1,70,,28937,4,,,1,30,,28941,4,,,1,70,,28943,4,,,1,30,,28939,4,,,1,70,,28938,4,,,1,30,,28944,4,,,1,70,,28936,4,,,1,30,,28942,4,,,1
21101,'9',1850,,28946,4,,,1,70,,28953,4,,,1,30,,28952,4,,,1,70,,28950,4,,,1,30,,28948,4,,,1,70,,28947,4,,,1,30,,28951,4,,,1,70,,28949,4,,,1,30,,28945,4,,,1
