10700,'1',633,,21914,4,0,5 6,1,100,,21915,4,0,5 6,1,70,,21920,4,0,5 6,1,30,,21926,4,0,5 6,1,70,,21913,4,0,5 6,1,30,,21912,4,0,5 6,1,100,,21917,4,0,5 6,1,100,,21923,4,0,5 6,1,100,,21924,4,0,5 6,1,100,,17265,4,0,5 6,1,100,,21925,4,0,5 6,1,70,,21922,4,0,5 6,1,30,,21919,4,0,5 6,1,70,,18192,4,0,5 6,1,30,,21911,4,0,5 6,1,70,,21921,4,0,5 6,1,30,,18668,4,0,5 6,1,70,,21916,4,0,5 6,1,30,,21918,4,0,5 6,1
10700,'2',633,,21936,4,0,5 6,1,100,,21932,4,0,5 6,1,70,,21927,4,0,5 6,1,30,,21943,4,0,5 6,1,70,,21933,4,0,5 6,1,30,,21944,4,0,5 6,1,100,,21935,4,0,5 6,1,100,,21942,4,0,5 6,1,100,,21937,4,0,5 6,1,100,,21938,4,0,5 6,1,100,,15154,4,0,5 6,1,70,,21934,4,0,5 6,1,30,,21931,4,0,5 6,1,70,,21930,4,0,5 6,1,30,,21940,4,0,5 6,1,70,,21939,4,0,5 6,1,30,,21941,4,0,5 6,1,70,,21928,4,0,5 6,1,30,,21929,4,0,5 6,1
10700,'3',633,,21959,4,0,5 6,1,100,,21954,4,0,5 6,1,70,,21956,4,0,5 6,1,30,,21948,4,0,5 6,1,70,,21962,4,0,5 6,1,30,,21957,4,0,5 6,1,100,,21963,4,0,5 6,1,100,,21961,4,0,5 6,1,100,,21950,4,0,5 6,1,100,,21945,4,0,5 6,1,100,,21947,4,0,5 6,1,70,,21949,4,0,5 6,1,30,,21953,4,0,5 6,1,70,,21955,4,0,5 6,1,30,,21951,4,0,5 6,1,70,,21952,4,0,5 6,1,30,,21958,4,0,5 6,1,70,,21960,4,0,5 6,1,30,,21946,4,0,5 6,1
10700,'4',633,,21981,4,0,5 6,1,100,,21977,4,0,5 6,1,70,,21968,4,0,5 6,1,30,,21966,4,0,5 6,1,70,,21979,4,0,5 6,1,30,,21980,4,0,5 6,1,100,,21976,4,0,5 6,1,100,,21973,4,0,5 6,1,100,,21969,4,0,5 6,1,100,,21971,4,0,5 6,1,100,,21974,4,0,5 6,1,70,,21970,4,0,5 6,1,30,,21972,4,0,5 6,1,70,,21978,4,0,5 6,1,30,,21964,4,0,5 6,1,70,,21982,4,0,5 6,1,30,,21967,4,0,5 6,1,70,,21965,4,0,5 6,1,30,,21975,4,0,5 6,1
10700,'5',633,,22000,4,0,5 6,1,100,,22001,4,0,5 6,1,70,,21994,4,0,5 6,1,30,,21992,4,0,5 6,1,70,,21999,4,0,5 6,1,30,,21993,4,0,5 6,1,100,,21998,4,0,5 6,1,100,,21986,4,0,5 6,1,100,,21991,4,0,5 6,1,100,,21995,4,0,5 6,1,100,,21983,4,0,5 6,1,70,,21989,4,0,5 6,1,30,,21990,4,0,5 6,1,70,,21984,4,0,5 6,1,30,,21996,4,0,5 6,1,70,,21997,4,0,5 6,1,30,,21987,4,0,5 6,1,70,,21985,4,0,5 6,1,30,,21988,4,0,5 6,1
10700,'7',633,,22012,4,0,5 6,1,100,,22007,4,0,5 6,1,70,,22008,4,0,5 6,1,30,,22017,4,0,5 6,1,70,,22018,4,0,5 6,1,30,,22004,4,0,5 6,1,100,,22009,4,0,5 6,1,100,,22019,4,0,5 6,1,100,,22015,4,0,5 6,1,100,,22003,4,0,5 6,1,100,,22006,4,0,5 6,1,70,,22011,4,0,5 6,1,30,,22020,4,0,5 6,1,70,,22005,4,0,5 6,1,30,,22016,4,0,5 6,1,70,,22013,4,0,5 6,1,30,,22002,4,0,5 6,1,70,,22014,4,0,5 6,1,30,,22010,4,0,5 6,1
10700,'8',633,,22029,4,0,5 6,1,100,,22031,4,0,5 6,1,70,,22026,4,0,5 6,1,30,,22030,4,0,5 6,1,70,,22027,4,0,5 6,1,30,,22035,4,0,5 6,1,100,,22034,4,0,5 6,1,100,,22024,4,0,5 6,1,100,,22025,4,0,5 6,1,100,,22032,4,0,5 6,1,100,,22033,4,0,5 6,1,70,,22022,4,0,5 6,1,30,,22038,4,0,5 6,1,70,,22021,4,0,5 6,1,30,,22023,4,0,5 6,1,70,,22039,4,0,5 6,1,30,,22037,4,0,5 6,1,70,,22036,4,0,5 6,1,30,,22028,4,0,5 6,1
10700,'9',633,,22044,4,0,5 6,1,100,,22057,4,0,5 6,1,70,,22058,4,0,5 6,1,30,,22048,4,0,5 6,1,70,,22043,4,0,5 6,1,30,,22045,4,0,5 6,1,100,,22055,4,0,5 6,1,100,,22051,4,0,5 6,1,100,,22054,4,0,5 6,1,100,,22052,4,0,5 6,1,100,,22046,4,0,5 6,1,70,,22047,4,0,5 6,1,30,,22042,4,0,5 6,1,70,,22049,4,0,5 6,1,30,,22053,4,0,5 6,1,70,,22050,4,0,5 6,1,30,,22041,4,0,5 6,1,70,,22056,4,0,5 6,1,30,,22040,4,0,5 6,1
21000,'1',1903,,28340,4,,,1,30,,28339,4,,,1,70,,28344,4,,,1,30,,28341,4,,,1,70,,28342,4,,,1,30,,28343,4,,,1,70,,28338,4,,,1,30,,28337,4,,,1,70,,18348,4,,,1
21000,'10',733,,28364,4,,,1,70,,28349,4,,,1,30,,28351,4,,,1,70,,28370,4,,,1,30,,28354,4,,,1,70,,28353,4,,,1,30,,28371,4,,,1,70,,28368,4,,,1,30,,28360,4,,,1,70,,28365,4,,,1,30,,28347,4,,,1,70,,28352,4,,,1,30,,28345,4,,,1,70,,28361,4,,,1,30,,28362,4,,,1,70,,28357,4,,,1,30,,28359,4,,,1,70,,28356,4,,,1,30,,28350,4,,,1,70,,28346,4,,,1,30,,28358,4,,,1,70,,28367,4,,,1,30,,28369,4,,,1,70,,28366,4,,,1,30,,28363,4,,,1,70,,28355,4,,,1,30,,28348,4,,,1
21000,'11',733,,28374,4,,,1,70,,28395,4,,,1,30,,28397,4,,,1,70,,28388,4,,,1,30,,28389,4,,,1,70,,28372,4,,,1,30,,28387,4,,,1,70,,28396,4,,,1,30,,28375,4,,,1,70,,28392,4,,,1,30,,28391,4,,,1,70,,28385,4,,,1,30,,28398,4,,,1,70,,28384,4,,,1,30,,28394,4,,,1,70,,28383,4,,,1,30,,28377,4,,,1,70,,28380,4,,,1,30,,28373,4,,,1,70,,28376,4,,,1,30,,28386,4,,,1,70,,28379,4,,,1,30,,28378,4,,,1,70,,28382,4,,,1,30,,28381,4,,,1,70,,28393,4,,,1,30,,28390,4,,,1
21000,'2',1903,,18174,4,,,1,30,,28401,4,,,1,70,,28399,4,,,1,30,,28402,4,,,1,70,,28405,4,,,1,30,,28400,4,,,1,70,,28403,4,,,1,30,,28404,4,,,1,70,,28406,4,,,1
21000,'3',1903,,28411,4,,,1,30,,28408,4,,,1,70,,28410,4,,,1,30,,28412,4,,,1,70,,28414,4,,,1,30,,28415,4,,,1,70,,28407,4,,,1,30,,28413,4,,,1,70,,28409,4,,,1
21000,'4',1903,,28422,4,,,1,30,,28420,4,,,1,70,,28421,4,,,1,30,,28416,4,,,1,70,,28417,4,,,1,30,,28424,4,,,1,70,,28418,4,,,1,30,,28419,4,,,1,70,,28423,4,,,1
21000,'5',1903,,28431,4,,,1,30,,28433,4,,,1,70,,28428,4,,,1,30,,28427,4,,,1,70,,28425,4,,,1,30,,28430,4,,,1,70,,28426,4,,,1,30,,28429,4,,,1,70,,28432,4,,,1
21000,'6',733,,28446,4,,,1,70,,28437,4,,,1,30,,28458,4,,,1,70,,28443,4,,,1,30,,28457,4,,,1,70,,28435,4,,,1,30,,28434,4,,,1,70,,28440,4,,,1,30,,28444,4,,,1,70,,28438,4,,,1,30,,28455,4,,,1,70,,28436,4,,,1,30,,28450,4,,,1,70,,28453,4,,,1,30,,28451,4,,,1,70,,28456,4,,,1,30,,28448,4,,,1,70,,28447,4,,,1,30,,28441,4,,,1,70,,28454,4,,,1,30,,28449,4,,,1,70,,28445,4,,,1,30,,28442,4,,,1,70,,28439,4,,,1,30,,28460,4,,,1,70,,28452,4,,,1,30,,28459,4,,,1
21000,'7',1903,,28462,4,,,1,30,,28463,4,,,1,70,,28467,4,,,1,30,,28465,4,,,1,70,,28461,4,,,1,30,,28468,4,,,1,70,,28464,4,,,1,30,,28469,4,,,1,70,,28466,4,,,1
21000,'8',1903,,28478,4,,,1,30,,28470,4,,,1,70,,28476,4,,,1,30,,28471,4,,,1,70,,28475,4,,,1,30,,28477,4,,,1,70,,28473,4,,,1,30,,28472,4,,,1,70,,28474,4,,,1
21000,'9',1903,,28486,4,,,1,30,,28483,4,,,1,70,,28479,4,,,1,30,,28485,4,,,1,70,,28484,4,,,1,30,,28480,4,,,1,70,,28481,4,,,1,30,,28482,4,,,1,70,,28487,4,,,1
