11301,'1',601,,24835,4,4,,1,100,,24836,1,,,1,100,,17709,1,,,1,100,,24831,4,4,,1,100,,24829,1,,,1,100,,24813,4,4,,1,100,,24828,4,4,,1,100,,24840,1,,,1,100,,24820,4,4,,1,100,,24805,4,4,,1,100,,24825,1,,,1,100,,24830,1,,,1,100,,24821,4,4,,1,100,,24839,1,,,1
11301,'2',601,,24878,1,,,1,100,,24844,4,4,,1,100,,24867,1,,,1,100,,18446,4,4,,1,100,,24849,1,,,1,100,,24877,4,4,,1,100,,24850,1,,,1,100,,24865,1,,,1,100,,15518,4,4,,1,100,,24876,1,,,1,100,,24871,1,,,1,100,,24866,1,,,1,100,,17465,4,4,,1,100,,24863,1,,,1
11301,'3',601,,24902,1,,,1,100,,24909,1,,,1,100,,24910,4,4,,1,100,,24880,1,,,1,100,,24914,1,,,1,100,,24912,4,4,,1,100,,24885,4,4,,1,100,,24919,1,,,1,100,,24891,1,,,1,100,,24906,1,,,1,100,,24917,4,4,,1,100,,24918,1,,,1,100,,24898,1,,,1,100,,24915,4,4,,1
11301,'4',601,,24946,1,,,1,100,,24957,4,4,,1,100,,24952,4,4,,1,100,,24925,4,4,,1,100,,24960,4,4,,1,100,,24953,4,4,,1,100,,24935,4,4,,1,100,,24958,1,,,1,100,,24948,1,,,1,100,,24942,1,,,1,100,,24950,4,4,,1,100,,24945,4,4,,1,100,,24943,4,4,,1,100,,24944,4,4,,1
11301,'5',601,,24989,4,4,,1,100,,24991,4,4,,1,100,,24998,4,4,,1,100,,25000,1,,,1,100,,24988,1,,,1,100,,25001,1,,,1,100,,24997,1,,,1,100,,24965,4,4,,1,100,,24975,4,4,,1,100,,24983,4,4,,1,100,,24980,4,4,,1,100,,24993,4,4,,1,100,,24970,4,4,,1,100,,24967,4,4,,1
11301,'7',601,,25034,4,4,,1,100,,25029,4,4,,1,100,,25035,1,,,1,100,,25026,4,4,,1,100,,25013,4,4,,1,100,,25042,4,4,,1,100,,25033,1,,,1,100,,25032,4,4,,1,100,,25012,4,4,,1,100,,25027,4,4,,1,100,,25039,4,4,,1,100,,25007,4,4,,1,100,,25008,4,4,,1,100,,25025,1,,,1
11301,'8',601,,25046,1,,,1,100,,25076,1,,,1,100,,25056,1,,,1,100,,25067,1,,,1,100,,25049,4,4,,1,100,,25071,1,,,1,100,,25080,4,4,,1,100,,25078,4,4,,1,100,,25068,1,,,1,100,,25079,4,4,,1,100,,25047,4,4,,1,100,,25055,4,4,,1,100,,25077,4,4,,1,100,,25074,1,,,1
11301,'9',601,,25093,4,4,,1,100,,25116,4,4,,1,100,,25110,1,,,1,100,,25096,1,,,1,100,,25109,4,4,,1,100,,25121,4,4,,1,100,,25124,4,4,,1,100,,25113,4,4,,1,100,,25118,1,,,1,100,,25120,4,4,,1,100,,25103,1,,,1,100,,25098,4,4,,1,100,,25123,4,4,,1,100,,25100,1,,,1
21301,'1',2000,,29034,4,4,,1,1,,29025,1,,,1,99,,29031,4,4,,1,1,,29035,1,,,1,99,,29033,4,4,,1,1,,29029,1,,,1,99,,29028,4,4,,1
21301,'10',700,,29039,4,4,,1,1,,29041,1,,,1,101,,29060,4,4,,1,1,,29045,1,,,1,99,,29062,4,4,,1,1,,29050,1,,,1,99,,29049,4,4,,1,1,,29058,1,,,1,99,,29055,4,4,,1,1,,29073,1,,,1,99,,29036,4,4,,1,1,,29038,1,,,1,99,,29069,4,4,,1,1,,29043,1,,,1,99,,29047,4,4,,1,1,,29040,1,,,1,99,,29051,4,4,,1,1,,29057,1,,,1,99,,29066,4,4,,1,1,,29061,1,,,1,99,,29068,4,4,,1,1,,29070,1,,,1,99,,29063,4,4,,1,1,,29037,1,,,1,99,,29075,4,4,,1,1,,29064,1,,,1,99,,29054,4,4,,1
21301,'11',700,,29106,4,4,,1,1,,29093,1,,,1,101,,29077,4,4,,1,1,,29111,1,,,1,99,,29113,4,4,,1,1,,29091,1,,,1,99,,29108,4,4,,1,1,,29080,1,,,1,99,,29082,4,4,,1,1,,29103,1,,,1,99,,29099,4,4,,1,1,,29086,1,,,1,99,,29078,4,4,,1,1,,29087,1,,,1,99,,29096,4,4,,1,1,,29107,1,,,1,99,,29104,4,4,,1,1,,29097,1,,,1,99,,29110,4,4,,1,1,,29089,1,,,1,99,,29079,4,4,,1,1,,29102,1,,,1,99,,29095,4,4,,1,1,,29076,1,,,1,99,,29101,4,4,,1,1,,29114,1,,,1,99,,29090,4,4,,1
21301,'2',2000,,29124,4,4,,1,1,,29118,1,,,1,99,,29121,4,4,,1,1,,29125,1,,,1,99,,29116,4,4,,1,1,,29123,1,,,1,99,,19193,4,4,,1
21301,'3',2000,,29136,4,4,,1,1,,29130,1,,,1,99,,29126,4,4,,1,1,,29128,1,,,1,99,,29131,4,4,,1,1,,29134,1,,,1,99,,29127,4,4,,1
21301,'4',2000,,29142,4,4,,1,1,,29147,1,,,1,99,,29143,4,4,,1,1,,29144,1,,,1,99,,29146,4,4,,1,1,,29140,1,,,1,99,,29139,4,4,,1
21301,'5',2000,,29151,4,4,,1,1,,29153,1,,,1,99,,29152,4,4,,1,1,,29149,1,,,1,99,,29154,4,4,,1,1,,29148,1,,,1,99,,29156,4,4,,1
21301,'6',700,,29183,4,4,,1,1,,29191,1,,,1,101,,29192,4,4,,1,1,,29198,1,,,1,99,,29174,4,4,,1,1,,29193,1,,,1,99,,29190,4,4,,1,1,,29160,1,,,1,99,,29179,4,4,,1,1,,29170,1,,,1,99,,29172,4,4,,1,1,,29165,1,,,1,99,,29164,4,4,,1,1,,29194,1,,,1,99,,29196,4,4,,1,1,,29197,1,,,1,99,,29163,4,4,,1,1,,29186,1,,,1,99,,29173,4,4,,1,1,,29188,1,,,1,99,,29187,4,4,,1,1,,29166,1,,,1,99,,29184,4,4,,1,1,,29175,1,,,1,99,,29168,4,4,,1,1,,29181,1,,,1,99,,29169,4,4,,1
21301,'7',2000,,29206,4,4,,1,1,,29201,1,,,1,99,,29200,4,4,,1,1,,29204,1,,,1,99,,29199,4,4,,1,1,,29209,1,,,1,99,,29205,4,4,,1
21301,'8',2000,,29214,4,4,,1,1,,29216,1,,,1,99,,29210,4,4,,1,1,,29220,1,,,1,99,,29217,4,4,,1,1,,29211,1,,,1,99,,29219,4,4,,1
21301,'9',2000,,29229,4,4,,1,1,,29221,1,,,1,99,,29226,4,4,,1,1,,29227,1,,,1,99,,29225,4,4,,1,1,,29223,1,,,1,99,,29228,4,4,,1
