11600,'1',644,,25805,12,,,1,70,,25771,12,,,1,30,,19042,12,,,1,70,,17594,12,,,1,30,,25808,12,,,1,70,,25777,12,,,1,30,,25807,12,,,1,70,,25810,12,,,1,30,,25774,12,,,1,70,,25811,12,,,1,30,,25781,12,,,1,70,,25789,12,,,1,30,,25798,12,,,1,70,,25799,12,,,1,30,,25790,12,,,1,70,,25804,12,,,1,30,,25792,12,,,1,70,,25784,12,,,1,30,,25802,12,,,1,70,,25785,12,,,1,30,,25768,12,,,1,70,,25783,12,,,1,30,,25797,12,,,1
11600,'2',644,,25816,12,,,1,70,,14960,12,,,1,30,,25837,12,,,1,70,,25826,12,,,1,30,,25813,12,,,1,70,,25845,12,,,1,30,,25828,12,,,1,70,,25815,12,,,1,30,,25819,12,,,1,70,,25834,12,,,1,30,,25843,12,,,1,70,,25847,12,,,1,30,,25856,12,,,1,70,,25853,12,,,1,30,,25824,12,,,1,70,,25836,12,,,1,30,,25820,12,,,1,70,,25833,12,,,1,30,,25812,12,,,1,70,,25855,12,,,1,30,,25839,12,,,1,70,,25838,12,,,1,30,,25818,12,,,1
11600,'3',644,,25888,12,,,1,70,,25885,12,,,1,30,,25902,12,,,1,70,,25893,12,,,1,30,,25864,12,,,1,70,,25899,12,,,1,30,,25897,12,,,1,70,,25900,12,,,1,30,,25887,12,,,1,70,,25859,12,,,1,30,,25866,12,,,1,70,,25884,12,,,1,30,,25865,12,,,1,70,,25901,12,,,1,30,,25868,12,,,1,70,,25860,12,,,1,30,,25898,12,,,1,70,,25870,12,,,1,30,,25873,12,,,1,70,,25890,12,,,1,30,,25889,12,,,1,70,,25879,12,,,1,30,,25874,12,,,1
11600,'4',644,,25919,12,,,1,70,,25909,12,,,1,30,,25904,12,,,1,70,,25929,12,,,1,30,,25922,12,,,1,70,,25938,12,,,1,30,,25946,12,,,1,70,,25944,12,,,1,30,,25925,12,,,1,70,,25923,12,,,1,30,,25932,12,,,1,70,,25910,12,,,1,30,,25905,12,,,1,70,,25927,12,,,1,30,,25933,12,,,1,70,,25941,12,,,1,30,,25937,12,,,1,70,,25918,12,,,1,30,,25908,12,,,1,70,,25930,12,,,1,30,,25934,12,,,1,70,,25921,12,,,1,30,,25942,12,,,1
11600,'5',644,,25988,12,,,1,70,,25950,12,,,1,30,,25969,12,,,1,70,,25989,12,,,1,30,,25966,12,,,1,70,,25963,12,,,1,30,,25994,12,,,1,70,,25979,12,,,1,30,,25962,12,,,1,70,,25972,12,,,1,30,,25975,12,,,1,70,,25971,12,,,1,30,,25952,12,,,1,70,,25991,12,,,1,30,,25974,12,,,1,70,,25978,12,,,1,30,,25986,12,,,1,70,,25980,12,,,1,30,,25985,12,,,1,70,,25951,12,,,1,30,,25953,12,,,1,70,,25965,12,,,1,30,,25970,12,,,1
11600,'7',644,,26021,12,,,1,70,,26032,12,,,1,30,,26010,12,,,1,70,,26036,12,,,1,30,,26033,12,,,1,70,,26013,12,,,1,30,,26001,12,,,1,70,,26026,12,,,1,30,,26025,12,,,1,70,,26018,12,,,1,30,,26020,12,,,1,70,,26028,12,,,1,30,,26037,12,,,1,70,,26007,12,,,1,30,,26004,12,,,1,70,,26034,12,,,1,30,,26029,12,,,1,70,,26040,12,,,1,30,,26030,12,,,1,70,,25997,12,,,1,30,,26012,12,,,1,70,,26002,12,,,1,30,,26003,12,,,1
11600,'8',644,,26048,12,,,1,70,,26079,12,,,1,30,,26069,12,,,1,70,,26065,12,,,1,30,,26041,12,,,1,70,,26083,12,,,1,30,,26078,12,,,1,70,,26059,12,,,1,30,,26046,12,,,1,70,,26053,12,,,1,30,,26067,12,,,1,70,,26077,12,,,1,30,,26074,12,,,1,70,,26058,12,,,1,30,,26072,12,,,1,70,,26042,12,,,1,30,,26084,12,,,1,70,,26080,12,,,1,30,,26070,12,,,1,70,,26061,12,,,1,30,,26075,12,,,1,70,,26068,12,,,1,30,,26082,12,,,1
11600,'9',644,,26114,12,,,1,70,,26094,12,,,1,30,,26123,12,,,1,70,,26128,12,,,1,30,,26113,12,,,1,70,,26101,12,,,1,30,,26118,12,,,1,70,,26087,12,,,1,30,,26099,12,,,1,70,,26089,12,,,1,30,,26109,12,,,1,70,,26126,12,,,1,30,,26117,12,,,1,70,,26110,12,,,1,30,,26105,12,,,1,70,,26092,12,,,1,30,,26124,12,,,1,70,,26132,12,,,1,30,,26121,12,,,1,70,,26096,12,,,1,30,,26088,12,,,1,70,,26098,12,,,1,30,,26115,12,,,1
21600,'1',1814,,29404,12,,,1,30,,29411,12,,,1,70,,29393,12,,,1,30,,29389,12,,,1,70,,29391,12,,,1,30,,29408,12,,,1,70,,29396,12,,,1,30,,29402,12,,,1,70,,29405,12,,,1,30,,29399,12,,,1,70,,29394,12,,,1,30,,29412,12,,,1
21600,'10',714,,29434,12,,,1,30,,29443,12,,,1,70,,29436,12,,,1,30,,29458,12,,,1,70,,29437,12,,,1,30,,29433,12,,,1,70,,29422,12,,,1,30,,29466,12,,,1,70,,29459,12,,,1,30,,29420,12,,,1,70,,29425,12,,,1,30,,29456,12,,,1,70,,29431,12,,,1,30,,29435,12,,,1,70,,29464,12,,,1,30,,29439,12,,,1,70,,19714,12,,,1,30,,29461,12,,,1,70,,29418,12,,,1,30,,29428,12,,,1,70,,29467,12,,,1,30,,29423,12,,,1,70,,29460,12,,,1,30,,29450,12,,,1,70,,29457,12,,,1,30,,29413,12,,,1,70,,29414,12,,,1,30,,29426,12,,,1,70,,29448,12,,,1
21600,'11',714,,29472,12,,,1,30,,29475,12,,,1,70,,29514,12,,,1,30,,29520,12,,,1,70,,29471,12,,,1,30,,29519,12,,,1,70,,29483,12,,,1,30,,29479,12,,,1,70,,29477,12,,,1,30,,29524,12,,,1,70,,29523,12,,,1,30,,29487,12,,,1,70,,29488,12,,,1,30,,29499,12,,,1,70,,29521,12,,,1,30,,29512,12,,,1,70,,29503,12,,,1,30,,29492,12,,,1,70,,29525,12,,,1,30,,29500,12,,,1,70,,29484,12,,,1,30,,29478,12,,,1,70,,29506,12,,,1,30,,29505,12,,,1,70,,29507,12,,,1,30,,29494,12,,,1,70,,29482,12,,,1,30,,29497,12,,,1,70,,29509,12,,,1
21600,'2',1814,,29540,12,,,1,30,,29544,12,,,1,70,,29537,12,,,1,30,,29528,12,,,1,70,,29535,12,,,1,30,,29534,12,,,1,70,,29538,12,,,1,30,,29545,12,,,1,70,,29531,12,,,1,30,,29533,12,,,1,70,,29547,12,,,1,30,,29541,12,,,1
21600,'3',1814,,29562,12,,,1,30,,29551,12,,,1,70,,29558,12,,,1,30,,29550,12,,,1,70,,29549,12,,,1,30,,29552,12,,,1,70,,29571,12,,,1,30,,29555,12,,,1,70,,29554,12,,,1,30,,29569,12,,,1,70,,29570,12,,,1,30,,29559,12,,,1
21600,'4',1814,,29582,12,,,1,30,,29595,12,,,1,70,,29584,12,,,1,30,,29588,12,,,1,70,,29593,12,,,1,30,,29575,12,,,1,70,,29591,12,,,1,30,,29589,12,,,1,70,,29580,12,,,1,30,,29579,12,,,1,70,,29574,12,,,1,30,,29585,12,,,1
21600,'5',1814,,29601,12,,,1,30,,29604,12,,,1,70,,29606,12,,,1,30,,29619,12,,,1,70,,29603,12,,,1,30,,29600,12,,,1,70,,29612,12,,,1,30,,29609,12,,,1,70,,29614,12,,,1,30,,29598,12,,,1,70,,29608,12,,,1,30,,29618,12,,,1
21600,'6',714,,29671,12,,,1,30,,29667,12,,,1,70,,29653,12,,,1,30,,29664,12,,,1,70,,29638,12,,,1,30,,29639,12,,,1,70,,29673,12,,,1,30,,29658,12,,,1,70,,29629,12,,,1,30,,29676,12,,,1,70,,29632,12,,,1,30,,29637,12,,,1,70,,29654,12,,,1,30,,29670,12,,,1,70,,29636,12,,,1,30,,29622,12,,,1,70,,29623,12,,,1,30,,29661,12,,,1,70,,29621,12,,,1,30,,29652,12,,,1,70,,29647,12,,,1,30,,29657,12,,,1,70,,29642,12,,,1,30,,29668,12,,,1,70,,29665,12,,,1,30,,29627,12,,,1,70,,29659,12,,,1,30,,29672,12,,,1,70,,29646,12,,,1
21600,'7',1814,,29690,12,,,1,30,,29696,12,,,1,70,,29684,12,,,1,30,,29698,12,,,1,70,,29699,12,,,1,30,,29702,12,,,1,70,,29693,12,,,1,30,,29681,12,,,1,70,,29700,12,,,1,30,,29679,12,,,1,70,,29683,12,,,1,30,,29680,12,,,1
21600,'8',1814,,29713,12,,,1,30,,29706,12,,,1,70,,29725,12,,,1,30,,29722,12,,,1,70,,29724,12,,,1,30,,29711,12,,,1,70,,29703,12,,,1,30,,29716,12,,,1,70,,29704,12,,,1,30,,29714,12,,,1,70,,29720,12,,,1,30,,29710,12,,,1
21600,'9',1814,,29741,12,,,1,30,,29747,12,,,1,70,,29730,12,,,1,30,,29729,12,,,1,70,,29732,12,,,1,30,,29738,12,,,1,70,,29737,12,,,1,30,,29739,12,,,1,70,,29731,12,,,1,30,,29734,12,,,1,70,,29745,12,,,1,30,,29735,12,,,1
