10701,'1',620,,22096,9,,,1,100,,22111,9,,,1,30,,22108,9,,,1,70,,22105,9,,,1,30,,22065,9,,,1,70,,22062,9,,,1,100,,22087,9,,,1,100,,22107,9,,,1,100,,22112,9,,,1,100,,22077,9,,,1,100,,22100,9,,,1,30,,22064,9,,,1,70,,22092,9,,,1,30,,22115,9,,,1,70,,22101,9,,,1,30,,22113,9,,,1,70,,22063,9,,,1,30,,22060,9,,,1,70,,22074,9,,,1,100,,22080,9,,,1
10701,'2',620,,22153,9,,,1,100,,22150,9,,,1,30,,22151,9,,,1,70,,22142,9,,,1,30,,22144,9,,,1,70,,22156,9,,,1,100,,22175,9,,,1,100,,22123,9,,,1,100,,22157,9,,,1,100,,22147,9,,,1,100,,22174,9,,,1,30,,22161,9,,,1,70,,22159,9,,,1,30,,22149,9,,,1,70,,22143,9,,,1,30,,22131,9,,,1,70,,22163,9,,,1,30,,22132,9,,,1,70,,22134,9,,,1,100,,18598,9,,,1
10701,'3',620,,22228,9,,,1,100,,22231,9,,,1,30,,22212,9,,,1,70,,22226,9,,,1,30,,22211,9,,,1,70,,22196,9,,,1,100,,22215,9,,,1,100,,22190,9,,,1,100,,22195,9,,,1,100,,22198,9,,,1,100,,22202,9,,,1,30,,22207,9,,,1,70,,22232,9,,,1,30,,22179,9,,,1,70,,22209,9,,,1,30,,22206,9,,,1,70,,22217,9,,,1,30,,22216,9,,,1,70,,22210,9,,,1,100,,22220,9,,,1
10701,'4',620,,22286,9,,,1,100,,22276,9,,,1,30,,22261,9,,,1,70,,22247,9,,,1,30,,22279,9,,,1,70,,22275,9,,,1,100,,22284,9,,,1,100,,22270,9,,,1,100,,22242,9,,,1,100,,22288,9,,,1,100,,22243,9,,,1,30,,22249,9,,,1,70,,22272,9,,,1,30,,22236,9,,,1,70,,22251,9,,,1,30,,22280,9,,,1,70,,22295,9,,,1,30,,22287,9,,,1,70,,22237,9,,,1,100,,22262,9,,,1
10701,'5',620,,22340,9,,,1,100,,22313,9,,,1,30,,22337,9,,,1,70,,22352,9,,,1,30,,22307,9,,,1,70,,22343,9,,,1,100,,22316,9,,,1,100,,22344,9,,,1,100,,22349,9,,,1,100,,22350,9,,,1,100,,22310,9,,,1,30,,22347,9,,,1,70,,22348,9,,,1,30,,22299,9,,,1,70,,22301,9,,,1,30,,22322,9,,,1,70,,22318,9,,,1,30,,22296,9,,,1,70,,22298,9,,,1,100,,22333,9,,,1
10701,'7',620,,22372,9,,,1,100,,22364,9,,,1,30,,22377,9,,,1,70,,22358,9,,,1,30,,22366,9,,,1,70,,22406,9,,,1,100,,22411,9,,,1,100,,22407,9,,,1,100,,22373,9,,,1,100,,22413,9,,,1,100,,22404,9,,,1,30,,22403,9,,,1,70,,22389,9,,,1,30,,22359,9,,,1,70,,22408,9,,,1,30,,22362,9,,,1,70,,22399,9,,,1,30,,22380,9,,,1,70,,22378,9,,,1,100,,22374,9,,,1
10701,'8',620,,22444,9,,,1,100,,22461,9,,,1,30,,22425,9,,,1,70,,22419,9,,,1,30,,22417,9,,,1,70,,22475,9,,,1,100,,22466,9,,,1,100,,22472,9,,,1,100,,22443,9,,,1,100,,22469,9,,,1,100,,22426,9,,,1,30,,22458,9,,,1,70,,22468,9,,,1,30,,22453,9,,,1,70,,22433,9,,,1,30,,22423,9,,,1,70,,22454,9,,,1,30,,22428,9,,,1,70,,22437,9,,,1,100,,22457,9,,,1
10701,'9',620,,22526,9,,,1,100,,22507,9,,,1,30,,22513,9,,,1,70,,22495,9,,,1,30,,22532,9,,,1,70,,22499,9,,,1,100,,22510,9,,,1,100,,22533,9,,,1,100,,22496,9,,,1,100,,22528,9,,,1,100,,22487,9,,,1,30,,22522,9,,,1,70,,22505,9,,,1,30,,22504,9,,,1,70,,22492,9,,,1,30,,22500,9,,,1,70,,22509,9,,,1,30,,22498,9,,,1,70,,22520,9,,,1,100,,22502,9,,,1
11001,'1',618,,23642,5,,,1,30,,23654,5,,,1,70,,23643,5,,,1,30,,23650,5,,,1,70,,23633,5,,,1,30,,23638,5,,,1,70,,23640,5,,,1,30,,23632,5,,,1,70,,23637,5,,,1,30,,23653,5,,,1,70,,23652,5,,,1,30,,23645,5,,,1,70,,23656,5,,,1,30,,23647,5,,,1,70,,23646,5,,,1,30,,23634,5,,,1,70,,23636,5,,,1,30,,23639,5,,,1,70,,23648,5,,,1,30,,23644,5,,,1,70,,23649,5,,,1,30,,23641,5,,,1,70,,23655,5,,,1,30,,23651,5,,,1,70,,23635,5,,,1
11001,'2',618,,23671,5,,,1,30,,23670,5,,,1,70,,23673,5,,,1,30,,23667,5,,,1,70,,23675,5,,,1,30,,23665,5,,,1,70,,23678,5,,,1,30,,23657,5,,,1,70,,23674,5,,,1,30,,23669,5,,,1,70,,23659,5,,,1,30,,23661,5,,,1,70,,23672,5,,,1,30,,18124,5,,,1,70,,23664,5,,,1,30,,23660,5,,,1,70,,23666,5,,,1,30,,18251,5,,,1,70,,23677,5,,,1,30,,23676,5,,,1,70,,23679,5,,,1,30,,23668,5,,,1,70,,23662,5,,,1,30,,23663,5,,,1,70,,23658,5,,,1
11001,'3',618,,23696,5,,,1,30,,23701,5,,,1,70,,23693,5,,,1,30,,23702,5,,,1,70,,23681,5,,,1,30,,23695,5,,,1,70,,23704,5,,,1,30,,23682,5,,,1,70,,23698,5,,,1,30,,23692,5,,,1,70,,23688,5,,,1,30,,23689,5,,,1,70,,23683,5,,,1,30,,23687,5,,,1,70,,23691,5,,,1,30,,23680,5,,,1,70,,23699,5,,,1,30,,23690,5,,,1,70,,23694,5,,,1,30,,23700,5,,,1,70,,23685,5,,,1,30,,23686,5,,,1,70,,23703,5,,,1,30,,23684,5,,,1,70,,23697,5,,,1
11001,'4',618,,23708,5,,,1,30,,23706,5,,,1,70,,23712,5,,,1,30,,23724,5,,,1,70,,23718,5,,,1,30,,23728,5,,,1,70,,23719,5,,,1,30,,23723,5,,,1,70,,23729,5,,,1,30,,23725,5,,,1,70,,23705,5,,,1,30,,23720,5,,,1,70,,23709,5,,,1,30,,23714,5,,,1,70,,23711,5,,,1,30,,23727,5,,,1,70,,23721,5,,,1,30,,23722,5,,,1,70,,23707,5,,,1,30,,23713,5,,,1,70,,23726,5,,,1,30,,23716,5,,,1,70,,23715,5,,,1,30,,23710,5,,,1,70,,23717,5,,,1
11001,'5',618,,23730,5,,,1,30,,23748,5,,,1,70,,23741,5,,,1,30,,23740,5,,,1,70,,23745,5,,,1,30,,23750,5,,,1,70,,23737,5,,,1,30,,23731,5,,,1,70,,23752,5,,,1,30,,23746,5,,,1,70,,23744,5,,,1,30,,23742,5,,,1,70,,23738,5,,,1,30,,23732,5,,,1,70,,23747,5,,,1,30,,23743,5,,,1,70,,23739,5,,,1,30,,23733,5,,,1,70,,23736,5,,,1,30,,23749,5,,,1,70,,23753,5,,,1,30,,23735,5,,,1,70,,23734,5,,,1,30,,23751,5,,,1,70,,23754,5,,,1
11001,'7',618,,23763,5,,,1,30,,23777,5,,,1,70,,23776,5,,,1,30,,23768,5,,,1,70,,23767,5,,,1,30,,23769,5,,,1,70,,23775,5,,,1,30,,23766,5,,,1,70,,23765,5,,,1,30,,23774,5,,,1,70,,23779,5,,,1,30,,23773,5,,,1,70,,23764,5,,,1,30,,23761,5,,,1,70,,23771,5,,,1,30,,23758,5,,,1,70,,23770,5,,,1,30,,23755,5,,,1,70,,23772,5,,,1,30,,23757,5,,,1,70,,23778,5,,,1,30,,23759,5,,,1,70,,23756,5,,,1,30,,23762,5,,,1,70,,23760,5,,,1
11001,'8',618,,23789,5,,,1,30,,23790,5,,,1,70,,23792,5,,,1,30,,23794,5,,,1,70,,23801,5,,,1,30,,23788,5,,,1,70,,23781,5,,,1,30,,23797,5,,,1,70,,23795,5,,,1,30,,23787,5,,,1,70,,23804,5,,,1,30,,23784,5,,,1,70,,23800,5,,,1,30,,23783,5,,,1,70,,23786,5,,,1,30,,23803,5,,,1,70,,23799,5,,,1,30,,23796,5,,,1,70,,23802,5,,,1,30,,23793,5,,,1,70,,23782,5,,,1,30,,23798,5,,,1,70,,23780,5,,,1,30,,23791,5,,,1,70,,23785,5,,,1
11001,'9',618,,23827,5,,,1,30,,23829,5,,,1,70,,23808,5,,,1,30,,23819,5,,,1,70,,23811,5,,,1,30,,23813,5,,,1,70,,23805,5,,,1,30,,23814,5,,,1,70,,23826,5,,,1,30,,23820,5,,,1,70,,23817,5,,,1,30,,23810,5,,,1,70,,23828,5,,,1,30,,23807,5,,,1,70,,23825,5,,,1,30,,23809,5,,,1,70,,23812,5,,,1,30,,23815,5,,,1,70,,23816,5,,,1,30,,23821,5,,,1,70,,23806,5,,,1,30,,23818,5,,,1,70,,23822,5,,,1,30,,23823,5,,,1,70,,23824,5,,,1
21001,'1',1848,,28496,5,,,1,70,,28488,5,,,1,30,,28495,5,,,1,70,,28490,5,,,1,30,,28491,5,,,1,70,,28489,5,,,1,30,,28497,5,,,1,70,,28493,5,,,1,30,,28492,5,,,1,70,,28494,5,,,1
21001,'10',718,,28506,5,,,1,30,,28522,5,,,1,70,,28503,5,,,1,30,,28518,5,,,1,70,,28514,5,,,1,30,,28507,5,,,1,70,,28510,5,,,1,30,,28512,5,,,1,70,,28498,5,,,1,30,,28521,5,,,1,70,,28523,5,,,1,30,,28513,5,,,1,70,,28517,5,,,1,30,,28500,5,,,1,70,,28515,5,,,1,30,,28516,5,,,1,70,,28520,5,,,1,30,,28505,5,,,1,70,,28501,5,,,1,30,,28508,5,,,1,70,,28504,5,,,1,30,,28519,5,,,1,70,,28524,5,,,1,30,,28499,5,,,1,70,,28511,5,,,1,30,,28509,5,,,1,70,,28502,5,,,1,30,,19132,5,,,1
21001,'11',718,,28539,5,,,1,30,,28530,5,,,1,70,,28537,5,,,1,30,,28540,5,,,1,70,,28527,5,,,1,30,,28532,5,,,1,70,,28552,5,,,1,30,,28542,5,,,1,70,,28546,5,,,1,30,,28534,5,,,1,70,,28525,5,,,1,30,,28549,5,,,1,70,,28538,5,,,1,30,,28544,5,,,1,70,,28541,5,,,1,30,,28551,5,,,1,70,,28543,5,,,1,30,,28550,5,,,1,70,,28547,5,,,1,30,,28533,5,,,1,70,,28529,5,,,1,30,,28526,5,,,1,70,,28545,5,,,1,30,,28536,5,,,1,70,,28528,5,,,1,30,,28535,5,,,1,70,,28548,5,,,1,30,,28531,5,,,1
21001,'2',1848,,28557,5,,,1,70,,28553,5,,,1,30,,28559,5,,,1,70,,28562,5,,,1,30,,28556,5,,,1,70,,28555,5,,,1,30,,28560,5,,,1,70,,28558,5,,,1,30,,28554,5,,,1,70,,28561,5,,,1
21001,'3',1848,,28563,5,,,1,70,,28566,5,,,1,30,,28571,5,,,1,70,,28569,5,,,1,30,,28567,5,,,1,70,,28565,5,,,1,30,,28572,5,,,1,70,,28570,5,,,1,30,,28564,5,,,1,70,,28568,5,,,1
21001,'4',1848,,28577,5,,,1,70,,28574,5,,,1,30,,28573,5,,,1,70,,28581,5,,,1,30,,28576,5,,,1,70,,28579,5,,,1,30,,28582,5,,,1,70,,28578,5,,,1,30,,28575,5,,,1,70,,28580,5,,,1
21001,'5',1848,,28590,5,,,1,70,,28584,5,,,1,30,,28591,5,,,1,70,,28583,5,,,1,30,,28587,5,,,1,70,,28586,5,,,1,30,,28589,5,,,1,70,,28588,5,,,1,30,,28592,5,,,1,70,,28585,5,,,1
21001,'6',718,,28596,5,,,1,30,,28620,5,,,1,70,,28594,5,,,1,30,,28595,5,,,1,70,,28614,5,,,1,30,,28603,5,,,1,70,,28605,5,,,1,30,,28598,5,,,1,70,,28609,5,,,1,30,,28617,5,,,1,70,,28613,5,,,1,30,,28597,5,,,1,70,,28612,5,,,1,30,,28607,5,,,1,70,,28606,5,,,1,30,,28602,5,,,1,70,,28610,5,,,1,30,,28608,5,,,1,70,,28616,5,,,1,30,,28599,5,,,1,70,,28593,5,,,1,30,,28600,5,,,1,70,,28618,5,,,1,30,,28611,5,,,1,70,,28601,5,,,1,30,,28615,5,,,1,70,,28619,5,,,1,30,,28604,5,,,1
21001,'7',1848,,28623,5,,,1,70,,28628,5,,,1,30,,28625,5,,,1,70,,28629,5,,,1,30,,28630,5,,,1,70,,28621,5,,,1,30,,28627,5,,,1,70,,28622,5,,,1,30,,28626,5,,,1,70,,28624,5,,,1
21001,'8',1848,,28640,5,,,1,70,,28631,5,,,1,30,,28639,5,,,1,70,,28632,5,,,1,30,,28635,5,,,1,70,,28633,5,,,1,30,,28637,5,,,1,70,,28634,5,,,1,30,,28638,5,,,1,70,,28636,5,,,1
21001,'9',1848,,28648,5,,,1,70,,28645,5,,,1,30,,28643,5,,,1,70,,28646,5,,,1,30,,28641,5,,,1,70,,28650,5,,,1,30,,28644,5,,,1,70,,28647,5,,,1,30,,28642,5,,,1,70,,28649,5,,,1
