10800,'1',724,,22541,14,,,1,30,,22560,14,,,1,70,,22536,14,,,1,30,,22548,14,,,1,70,,22544,14,,,1,30,,22558,14,,,1,100,,22556,14,,,1,100,,22554,14,,,1,100,,22543,14,,,1,100,,22551,14,,,1,100,,22539,14,,,1,70,,22538,14,,,1,30,,22547,14,,,1,70,,22546,14,,,1,30,,22537,14,,,1,70,,22553,14,,,1,30,,22567,14,,,1
10800,'2',724,,22592,14,,,1,30,,22585,14,,,1,70,,22580,14,,,1,30,,22599,14,,,1,70,,22602,14,,,1,30,,22577,14,,,1,100,,22596,14,,,1,100,,22597,14,,,1,100,,22576,14,,,1,100,,22593,14,,,1,100,,22582,14,,,1,70,,22569,14,,,1,30,,22600,14,,,1,70,,22591,14,,,1,30,,22595,14,,,1,70,,22594,14,,,1,30,,22581,14,,,1
10800,'3',724,,22616,14,,,1,30,,22604,14,,,1,70,,22607,14,,,1,30,,22603,14,,,1,70,,22614,14,,,1,30,,22632,14,,,1,100,,22627,14,,,1,100,,22636,14,,,1,100,,22635,14,,,1,100,,22611,14,,,1,100,,22613,14,,,1,70,,22626,14,,,1,30,,22628,14,,,1,70,,22620,14,,,1,30,,22605,14,,,1,70,,22618,14,,,1,30,,22625,14,,,1
10800,'4',724,,22640,14,,,1,30,,22659,14,,,1,70,,22669,14,,,1,30,,22647,14,,,1,70,,22657,14,,,1,30,,22653,14,,,1,100,,22638,14,,,1,100,,22667,14,,,1,100,,22670,14,,,1,100,,22662,14,,,1,100,,22666,14,,,1,70,,22639,14,,,1,30,,22650,14,,,1,70,,22643,14,,,1,30,,22649,14,,,1,70,,22648,14,,,1,30,,22664,14,,,1
10800,'5',724,,22688,14,,,1,30,,22674,14,,,1,70,,22680,14,,,1,30,,22673,14,,,1,70,,22672,14,,,1,30,,22683,14,,,1,100,,22687,14,,,1,100,,22696,14,,,1,100,,22691,14,,,1,100,,22692,14,,,1,100,,22697,14,,,1,70,,22679,14,,,1,30,,22684,14,,,1,70,,22695,14,,,1,30,,22701,14,,,1,70,,22677,14,,,1,30,,22671,14,,,1
10800,'7',724,,22723,14,,,1,30,,22716,14,,,1,70,,22731,14,,,1,30,,22714,14,,,1,70,,22708,14,,,1,30,,22737,14,,,1,100,,22727,14,,,1,100,,22724,14,,,1,100,,22735,14,,,1,100,,22711,14,,,1,100,,22713,14,,,1,70,,22707,14,,,1,30,,22732,14,,,1,70,,22718,14,,,1,30,,22726,14,,,1,70,,22709,14,,,1,30,,22717,14,,,1
10800,'8',724,,22769,14,,,1,30,,22765,14,,,1,70,,22746,14,,,1,30,,22753,14,,,1,70,,22766,14,,,1,30,,22754,14,,,1,100,,22771,14,,,1,100,,22741,14,,,1,100,,22760,14,,,1,100,,22763,14,,,1,100,,22749,14,,,1,70,,22742,14,,,1,30,,22757,14,,,1,70,,22770,14,,,1,30,,22767,14,,,1,70,,22743,14,,,1,30,,22750,14,,,1
10800,'9',724,,22785,14,,,1,30,,22779,14,,,1,70,,22781,14,,,1,30,,22776,14,,,1,70,,22794,14,,,1,30,,22790,14,,,1,100,,22775,14,,,1,100,,22801,14,,,1,100,,22802,14,,,1,100,,22795,14,,,1,100,,22798,14,,,1,70,,22797,14,,,1,30,,22805,14,,,1,70,,22787,14,,,1,30,,22803,14,,,1,70,,22789,14,,,1,30,,22774,14,,,1
10801,'1',624,,22818,2,,,1,30,,22824,2,,,1
10801,'2',624,,22828,2,,,1,30,,22832,2,,,1
10801,'3',624,,22855,2,,,1,30,,22847,2,,,1
10801,'4',624,,22872,2,,,1,30,,22870,2,,,1
10801,'5',624,,22895,2,,,1,30,,22889,2,,,1
10801,'7',624,,22913,2,,,1,30,,22908,2,,,1
10801,'8',624,,22926,2,,,1,30,,22925,2,,,1
10801,'9',624,,22950,2,,,1,30,,22948,2,,,1
