10501,'10',616,,17691,2,,,1,100,,17687,2,,,1,30,,17669,2,,,1,70,,14905,2,,,1,30,,17693,2,,,1,70,,16761,2,,,1,30,,17694,2,,,1,70,,17690,2,,,1,100,,17672,2,,,1,100,,17678,2,,,1,100,,17683,2,,,1,100,,12123,2,,,1,100,,17688,2,,,1,30,,17664,2,,,1,70,,17682,2,,,1,30,,17677,2,,,1,70,,17681,2,,,1,30,,17680,2,,,1,70,,17668,2,,,1
10501,'7',616,,17723,2,,,1,100,,17721,2,,,1,30,,17702,2,,,1,70,,14882,2,,,1,30,,17716,2,,,1,70,,16754,2,,,1,30,,17706,2,,,1,70,,17722,2,,,1,100,,17704,2,,,1,100,,17713,2,,,1,100,,17717,2,,,1,100,,12070,2,,,1,100,,17718,2,,,1,30,,17700,2,,,1,70,,14438,2,,,1,30,,14737,2,,,1,70,,17709,2,,,1,30,,17701,2,,,1,70,,17712,2,,,1
10901,'10',616,,18068,2,,,1,100,,18050,2,,,1,100,,18060,2,,,1,100,,18062,2,,,1,100,,18064,2,,,1,100,,18042,2,,,1,100,,16586,2,,,1,100,,18048,2,,,1,100,,18055,2,,,1,100,,18056,2,,,1,100,,18051,2,,,1,100,,18041,2,,,1
10901,'7',616,,18108,2,,,1,100,,18090,2,,,1,100,,18100,2,,,1,100,,18102,2,,,1,100,,18104,2,,,1,100,,18082,2,,,1,100,,16567,2,,,1,100,,18088,2,,,1,100,,18095,2,,,1,100,,18096,2,,,1,100,,18091,2,,,1,100,,18081,2,,,1
11301,'10',645,,16924,2,0,14 15 16,1,100,,15386,2,0,14 15 16,1,100,,18428,2,0,14 15 16,1,100,,18456,2,0,14 15 16,1,100,,18454,2,0,14 15 16,1,100,,18426,2,0,14 15 16,1,100,,18453,2,0,14 15 16,1,100,,18445,2,0,14 15 16,1,100,,18429,2,0,14 15 16,1,100,,18447,2,0,14 15 16,1,100,,15631,2,0,14 15 16,1,100,,18458,2,0,14 15 16,1,100,,18434,2,0,14 15 16,1
11301,'7',645,,16920,2,0,14 15 16,1,100,,15354,2,0,14 15 16,1,100,,18463,2,0,14 15 16,1,100,,18488,2,0,14 15 16,1,100,,18486,2,0,14 15 16,1,100,,18460,2,0,14 15 16,1,100,,18483,2,0,14 15 16,1,100,,18480,2,0,14 15 16,1,100,,15874,2,0,14 15 16,1,100,,18467,2,0,14 15 16,1,100,,18490,2,0,14 15 16,1,100,,18473,2,0,14 15 16,1,100,,18471,2,0,14 15 16,1
20501,'10',1916,,19011,2,,,1,100,,19013,2,,,1,100,,13612,2,,,1,100,,16377,2,,,1
20501,'5',716,,19025,2,,,1,100,,16976,2,,,1,100,,19031,2,,,1,100,,19035,2,,,1,100,,19028,2,,,1,100,,19029,2,,,1,100,,19014,2,,,1,100,,14174,2,,,1,100,,19023,2,,,1,100,,19026,2,,,1,100,,19024,2,,,1,100,,19016,2,,,1,100,,19019,2,,,1,100,,19030,2,,,1
20501,'7',1916,,19042,2,,,1,100,,19044,2,,,1,100,,13603,2,,,1,100,,16359,2,,,1
20901,'10',1816,,19199,2,,,1,100,,19204,2,,,1,100,,17167,2,,,1,100,,19198,2,,,1,100,,19201,2,,,1
20901,'5',716,,16635,2,,,1,100,,19225,2,,,1,100,,19241,2,,,1,100,,16294,2,,,1,100,,19256,2,,,1,100,,19244,2,,,1,100,,19205,2,,,1,100,,19246,2,,,1,100,,19239,2,,,1,100,,17110,2,,,1,100,,19207,2,,,1,100,,19211,2,,,1,100,,19254,2,,,1,100,,19206,2,,,1
20901,'7',1816,,19265,2,,,1,100,,19272,2,,,1,100,,19267,2,,,1,100,,19258,2,,,1,100,,19263,2,,,1
21301,'10',1945,,19472,2,,,1,100,,19467,2,,,1,100,,19470,2,,,1,100,,19464,2,,,1
21301,'5',745,,16727,2,,,1,100,,19492,2,,,1,100,,19500,2,,,1,100,,19482,2,,,1,100,,19497,2,,,1,100,,19511,2,,,1,100,,19490,2,,,1,100,,19478,2,,,1,100,,19489,2,,,1,100,,19483,2,,,1,100,,19494,2,,,1,100,,19493,2,,,1,100,,17119,2,,,1
21301,'7',1945,,19518,2,,,1,100,,19513,2,,,1,100,,19520,2,,,1,100,,19512,2,,,1
