10101,'1',643,,19889,8,,,1,70,,19898,8,,,1,30,,19892,8,,,1,70,,19890,8,,,1,30,,19901,8,,,1,70,,19887,8,,,1,30,,19897,8,,,1,100,,19900,8,,,1,100,,19886,8,,,1,100,,19903,8,,,1,100,,19896,8,,,1,102,,19902,8,,,1,70,,19888,8,,,1,30,,19899,8,,,1,70,,19894,8,,,1,30,,19891,8,,,1,70,,19893,8,,,1,30,,19895,8,,,1
10101,'2',643,,19909,8,,,1,70,,19915,8,,,1,30,,19912,8,,,1,70,,19919,8,,,1,30,,19907,8,,,1,70,,19911,8,,,1,30,,19913,8,,,1,100,,19908,8,,,1,100,,19904,8,,,1,100,,19920,8,,,1,100,,19906,8,,,1,102,,19917,8,,,1,70,,19910,8,,,1,30,,19914,8,,,1,70,,18685,8,,,1,30,,19916,8,,,1,70,,19905,8,,,1,30,,19918,8,,,1
10101,'3',643,,19933,8,,,1,70,,19937,8,,,1,30,,19930,8,,,1,70,,19923,8,,,1,30,,19931,8,,,1,70,,19927,8,,,1,30,,19921,8,,,1,100,,19935,8,,,1,100,,19928,8,,,1,100,,19932,8,,,1,100,,19926,8,,,1,102,,19934,8,,,1,70,,19925,8,,,1,30,,19936,8,,,1,70,,19938,8,,,1,30,,19922,8,,,1,70,,19929,8,,,1,30,,19924,8,,,1
10101,'4',643,,19945,8,,,1,70,,19949,8,,,1,30,,19943,8,,,1,70,,19942,8,,,1,30,,19948,8,,,1,70,,19939,8,,,1,30,,19950,8,,,1,100,,19941,8,,,1,100,,19954,8,,,1,100,,19955,8,,,1,100,,19940,8,,,1,102,,19947,8,,,1,70,,19944,8,,,1,30,,19952,8,,,1,70,,19956,8,,,1,30,,19946,8,,,1,70,,19951,8,,,1,30,,19953,8,,,1
10101,'5',643,,19963,8,,,1,70,,19959,8,,,1,30,,19961,8,,,1,70,,19965,8,,,1,30,,19962,8,,,1,70,,19967,8,,,1,30,,19968,8,,,1,100,,19964,8,,,1,100,,19957,8,,,1,100,,19958,8,,,1,100,,19969,8,,,1,102,,19974,8,,,1,70,,19972,8,,,1,30,,19970,8,,,1,70,,19960,8,,,1,30,,19973,8,,,1,70,,19966,8,,,1,30,,19971,8,,,1
10101,'7',643,,19992,8,,,1,70,,19982,8,,,1,30,,19978,8,,,1,70,,19988,8,,,1,30,,19984,8,,,1,70,,19990,8,,,1,30,,19989,8,,,1,100,,19983,8,,,1,100,,19980,8,,,1,100,,19975,8,,,1,100,,19977,8,,,1,102,,19985,8,,,1,70,,19986,8,,,1,30,,19987,8,,,1,70,,19991,8,,,1,30,,19976,8,,,1,70,,19979,8,,,1,30,,19981,8,,,1
10101,'8',643,,20005,8,,,1,70,,19995,8,,,1,30,,20002,8,,,1,70,,20001,8,,,1,30,,20003,8,,,1,70,,20008,8,,,1,30,,19994,8,,,1,100,,19997,8,,,1,100,,20006,8,,,1,100,,19993,8,,,1,100,,19996,8,,,1,102,,19998,8,,,1,70,,20010,8,,,1,30,,20004,8,,,1,70,,20007,8,,,1,30,,19999,8,,,1,70,,20009,8,,,1,30,,20000,8,,,1
10101,'9',643,,20018,8,,,1,70,,20015,8,,,1,30,,20013,8,,,1,70,,20011,8,,,1,30,,20027,8,,,1,70,,20028,8,,,1,30,,20022,8,,,1,100,,20025,8,,,1,100,,20021,8,,,1,100,,20023,8,,,1,100,,20014,8,,,1,102,,20020,8,,,1,70,,20019,8,,,1,30,,20016,8,,,1,70,,20026,8,,,1,30,,20012,8,,,1,70,,20024,8,,,1,30,,20017,8,,,1
11101,'1',620,,24046,5,,,1,30,,24048,5,,,1,70,,24058,5,,,1,30,,24040,5,,,1,70,,24052,5,,,1,30,,24047,5,,,1,70,,24049,5,,,1,30,,24057,5,,,1,70,,24055,5,,,1,30,,24034,5,,,1,70,,24043,5,,,1,30,,24050,5,,,1,70,,24051,5,,,1,30,,24041,5,,,1,70,,24036,5,,,1,30,,24037,5,,,1,71,,24056,5,,,1,30,,24045,5,,,1,70,,24042,5,,,1,30,,24035,5,,,1,70,,24044,5,,,1,30,,24054,5,,,1,70,,24053,5,,,1,30,,24038,5,,,1,70,,24039,5,,,1
11101,'2',620,,24081,5,,,1,30,,24070,5,,,1,70,,24083,5,,,1,30,,24073,5,,,1,70,,24076,5,,,1,30,,24079,5,,,1,70,,24066,5,,,1,30,,24063,5,,,1,70,,24082,5,,,1,30,,24059,5,,,1,70,,24064,5,,,1,30,,24069,5,,,1,70,,24071,5,,,1,30,,24067,5,,,1,70,,24061,5,,,1,30,,24060,5,,,1,71,,24072,5,,,1,30,,24077,5,,,1,70,,24080,5,,,1,30,,24065,5,,,1,70,,24062,5,,,1,30,,24074,5,,,1,70,,24075,5,,,1,30,,24078,5,,,1,70,,24068,5,,,1
11101,'3',620,,24108,5,,,1,30,,24096,5,,,1,70,,24094,5,,,1,30,,24095,5,,,1,70,,24087,5,,,1,30,,24091,5,,,1,70,,24106,5,,,1,30,,24100,5,,,1,70,,24102,5,,,1,30,,24105,5,,,1,70,,24099,5,,,1,30,,24088,5,,,1,70,,24098,5,,,1,30,,24092,5,,,1,70,,24089,5,,,1,30,,24097,5,,,1,71,,24104,5,,,1,30,,24103,5,,,1,70,,24101,5,,,1,30,,24093,5,,,1,70,,24085,5,,,1,30,,24107,5,,,1,70,,24084,5,,,1,30,,24086,5,,,1,70,,24090,5,,,1
11101,'4',620,,24111,5,,,1,30,,24122,5,,,1,70,,24132,5,,,1,30,,24116,5,,,1,70,,24123,5,,,1,30,,24128,5,,,1,70,,24119,5,,,1,30,,24125,5,,,1,70,,24133,5,,,1,30,,24127,5,,,1,70,,24113,5,,,1,30,,24121,5,,,1,70,,24124,5,,,1,30,,24130,5,,,1,70,,24129,5,,,1,30,,24114,5,,,1,71,,24118,5,,,1,30,,24112,5,,,1,70,,24115,5,,,1,30,,24126,5,,,1,70,,24109,5,,,1,30,,24120,5,,,1,70,,24110,5,,,1,30,,24117,5,,,1,70,,24131,5,,,1
11101,'5',620,,24134,5,,,1,30,,24140,5,,,1,70,,24141,5,,,1,30,,24137,5,,,1,70,,24155,5,,,1,30,,24142,5,,,1,70,,24138,5,,,1,30,,24154,5,,,1,70,,24151,5,,,1,30,,24156,5,,,1,70,,24149,5,,,1,30,,24143,5,,,1,70,,24146,5,,,1,30,,24158,5,,,1,70,,24153,5,,,1,30,,24145,5,,,1,71,,24147,5,,,1,30,,24135,5,,,1,70,,24148,5,,,1,30,,24136,5,,,1,70,,24139,5,,,1,30,,24152,5,,,1,70,,24157,5,,,1,30,,24150,5,,,1,70,,24144,5,,,1
11101,'7',620,,24182,5,,,1,30,,24176,5,,,1,70,,24161,5,,,1,30,,24171,5,,,1,70,,24165,5,,,1,30,,24180,5,,,1,70,,24172,5,,,1,30,,24175,5,,,1,70,,24179,5,,,1,30,,24160,5,,,1,70,,24181,5,,,1,30,,24164,5,,,1,70,,24173,5,,,1,30,,24170,5,,,1,70,,24178,5,,,1,30,,24177,5,,,1,71,,24166,5,,,1,30,,24163,5,,,1,70,,24174,5,,,1,30,,24162,5,,,1,70,,24159,5,,,1,30,,24169,5,,,1,70,,24168,5,,,1,30,,24167,5,,,1,70,,24183,5,,,1
11101,'8',620,,24203,5,,,1,30,,24197,5,,,1,70,,24185,5,,,1,30,,24201,5,,,1,70,,24190,5,,,1,30,,24188,5,,,1,70,,24192,5,,,1,30,,24198,5,,,1,70,,24202,5,,,1,30,,24193,5,,,1,70,,24184,5,,,1,30,,24196,5,,,1,70,,24208,5,,,1,30,,24207,5,,,1,70,,24205,5,,,1,30,,24206,5,,,1,71,,24187,5,,,1,30,,24200,5,,,1,70,,24194,5,,,1,30,,24186,5,,,1,70,,24195,5,,,1,30,,24204,5,,,1,70,,24191,5,,,1,30,,24189,5,,,1,70,,24199,5,,,1
11101,'9',620,,24209,5,,,1,30,,24223,5,,,1,70,,24225,5,,,1,30,,24224,5,,,1,70,,24230,5,,,1,30,,24210,5,,,1,70,,24212,5,,,1,30,,24218,5,,,1,70,,24215,5,,,1,30,,24221,5,,,1,70,,24231,5,,,1,30,,24227,5,,,1,70,,24226,5,,,1,30,,24211,5,,,1,70,,24220,5,,,1,30,,24216,5,,,1,71,,24219,5,,,1,30,,24213,5,,,1,70,,24222,5,,,1,30,,24217,5,,,1,70,,24233,5,,,1,30,,24228,5,,,1,70,,24232,5,,,1,30,,24229,5,,,1,70,,24214,5,,,1
21101,'1',1850,,28806,5,,,1,70,,28803,5,,,1,30,,28805,5,,,1,70,,28804,5,,,1,30,,28808,5,,,1,70,,28802,5,,,1,30,,28801,5,,,1,70,,28809,5,,,1,30,,28807,5,,,1
21101,'10',720,,28819,5,,,1,30,,28825,5,,,1,70,,28829,5,,,1,30,,28828,5,,,1,70,,28826,5,,,1,30,,28817,5,,,1,70,,28836,5,,,1,30,,28813,5,,,1,70,,28822,5,,,1,30,,28823,5,,,1,70,,28827,5,,,1,30,,28833,5,,,1,70,,28811,5,,,1,30,,28815,5,,,1,70,,28824,5,,,1,30,,28835,5,,,1,70,,28816,5,,,1,30,,28810,5,,,1,70,,28812,5,,,1,30,,28814,5,,,1,70,,28832,5,,,1,30,,28821,5,,,1,70,,28831,5,,,1,30,,28818,5,,,1,70,,28830,5,,,1,30,,28834,5,,,1,70,,28820,5,,,1
21101,'11',720,,28853,5,,,1,30,,28854,5,,,1,70,,28845,5,,,1,30,,28838,5,,,1,70,,28837,5,,,1,30,,28861,5,,,1,70,,28841,5,,,1,30,,28843,5,,,1,70,,28860,5,,,1,30,,28863,5,,,1,70,,28840,5,,,1,30,,28852,5,,,1,70,,28848,5,,,1,30,,28839,5,,,1,70,,28858,5,,,1,30,,28857,5,,,1,70,,28850,5,,,1,30,,28846,5,,,1,70,,28851,5,,,1,30,,28842,5,,,1,70,,28859,5,,,1,30,,28856,5,,,1,70,,28844,5,,,1,30,,28855,5,,,1,70,,28862,5,,,1,30,,28847,5,,,1,70,,28849,5,,,1
21101,'2',1850,,28870,5,,,1,70,,28866,5,,,1,30,,28868,5,,,1,70,,28871,5,,,1,30,,28864,5,,,1,70,,28865,5,,,1,30,,28867,5,,,1,70,,28869,5,,,1,30,,28872,5,,,1
21101,'3',1850,,28880,5,,,1,70,,28873,5,,,1,30,,28881,5,,,1,70,,28877,5,,,1,30,,28878,5,,,1,70,,28874,5,,,1,30,,28875,5,,,1,70,,28876,5,,,1,30,,28879,5,,,1
21101,'4',1850,,28885,5,,,1,70,,28886,5,,,1,30,,28884,5,,,1,70,,28887,5,,,1,30,,28883,5,,,1,70,,28882,5,,,1,30,,28888,5,,,1,70,,28889,5,,,1,30,,28890,5,,,1
21101,'5',1850,,28893,5,,,1,70,,28891,5,,,1,30,,28894,5,,,1,70,,28896,5,,,1,30,,28892,5,,,1,70,,28899,5,,,1,30,,28895,5,,,1,70,,28898,5,,,1,30,,28897,5,,,1
21101,'6',720,,28919,5,,,1,30,,28913,5,,,1,70,,28903,5,,,1,30,,28909,5,,,1,70,,28900,5,,,1,30,,28905,5,,,1,70,,28926,5,,,1,30,,28904,5,,,1,70,,28901,5,,,1,30,,28915,5,,,1,70,,28923,5,,,1,30,,28916,5,,,1,70,,28920,5,,,1,30,,28924,5,,,1,70,,28911,5,,,1,30,,28918,5,,,1,70,,28907,5,,,1,30,,28921,5,,,1,70,,28914,5,,,1,30,,28902,5,,,1,70,,28925,5,,,1,30,,28922,5,,,1,70,,28910,5,,,1,30,,28917,5,,,1,70,,28908,5,,,1,30,,28912,5,,,1,70,,28906,5,,,1
21101,'7',1850,,28933,5,,,1,70,,28934,5,,,1,30,,28930,5,,,1,70,,28928,5,,,1,30,,28932,5,,,1,70,,28935,5,,,1,30,,28931,5,,,1,70,,28929,5,,,1,30,,28927,5,,,1
21101,'8',1850,,28940,5,,,1,70,,28937,5,,,1,30,,28941,5,,,1,70,,28943,5,,,1,30,,28939,5,,,1,70,,28938,5,,,1,30,,28944,5,,,1,70,,28936,5,,,1,30,,28942,5,,,1
21101,'9',1850,,28946,5,,,1,70,,28953,5,,,1,30,,28952,5,,,1,70,,28950,5,,,1,30,,28948,5,,,1,70,,28947,5,,,1,30,,28951,5,,,1,70,,28949,5,,,1,30,,28945,5,,,1
