10400,'10',631,,17479,3,0,11 12,1,70,,17482,3,0,11 12,1,30,,17464,3,0,11 12,1,70,,17470,3,0,11 12,1,30,,17475,3,0,11 12,1,70,,16110,3,0,11 12,1,30,,17473,3,0,11 12,1,70,,17466,3,0,11 12,1,30,,17481,3,0,11 12,1,70,,17478,3,0,11 12,1,30,,17469,3,0,11 12,1,70,,16098,3,0,11 12,1,30,,17468,3,0,11 12,1,70,,17476,3,0,11 12,1,30,,17465,3,0,11 12,1,70,,14781,3,0,11 12,1,30,,17467,3,0,11 12,1,70,,17483,3,0,11 12,1,30,,16687,3,0,11 12,1,70,,17474,3,0,11 12,1,30,,17472,3,0,11 12,1,70,,17477,3,0,11 12,1,30,,17480,3,0,11 12,1,70,,17484,3,0,11 12,1,30,,17471,3,0,11 12,1
10400,'7',631,,17499,3,0,11 12,1,70,,17486,3,0,11 12,1,30,,17487,3,0,11 12,1,70,,17489,3,0,11 12,1,30,,17496,3,0,11 12,1,70,,15009,3,0,11 12,1,30,,17492,3,0,11 12,1,70,,17493,3,0,11 12,1,30,,17488,3,0,11 12,1,70,,17485,3,0,11 12,1,30,,17501,3,0,11 12,1,70,,16058,3,0,11 12,1,30,,17504,3,0,11 12,1,70,,17497,3,0,11 12,1,30,,15807,3,0,11 12,1,70,,13190,3,0,11 12,1,30,,17494,3,0,11 12,1,70,,17502,3,0,11 12,1,30,,16669,3,0,11 12,1,70,,17495,3,0,11 12,1,30,,17491,3,0,11 12,1,70,,17498,3,0,11 12,1,30,,17500,3,0,11 12,1,70,,17503,3,0,11 12,1,30,,17490,3,0,11 12,1
11601,'10',627,,14971,3,0,13,1,30,,18675,3,0,13,1,70,,18705,3,0,13,1,30,,18711,3,0,13,1,70,,15905,3,0,13,1,30,,18686,3,0,13,1,70,,18679,3,0,13,1,30,,18704,3,0,13,1,70,,18689,3,0,13,1,30,,18697,3,0,13,1,70,,18688,3,0,13,1,30,,18678,3,0,13,1,70,,18701,3,0,13,1,30,,18706,3,0,13,1,70,,18703,3,0,13,1,30,,18684,3,0,13,1,70,,18672,3,0,13,1,30,,18680,3,0,13,1,70,,18692,3,0,13,1,30,,18708,3,0,13,1,70,,14749,3,0,13,1,30,,18702,3,0,13,1,70,,18707,3,0,13,1,30,,18693,3,0,13,1
11601,'7',627,,14925,3,0,13,1,30,,18717,3,0,13,1,70,,18746,3,0,13,1,30,,18752,3,0,13,1,70,,18715,3,0,13,1,30,,18727,3,0,13,1,70,,18721,3,0,13,1,30,,18745,3,0,13,1,70,,18730,3,0,13,1,30,,18738,3,0,13,1,70,,18729,3,0,13,1,30,,18720,3,0,13,1,70,,18742,3,0,13,1,30,,18747,3,0,13,1,70,,18744,3,0,13,1,30,,18725,3,0,13,1,70,,18713,3,0,13,1,30,,15693,3,0,13,1,70,,18733,3,0,13,1,30,,18749,3,0,13,1,70,,14698,3,0,13,1,30,,18743,3,0,13,1,70,,18748,3,0,13,1,30,,18734,3,0,13,1
20301,'10',2401,,16215,3,,,1
20301,'7',2401,,16131,3,,,1
20400,'10',1901,,18840,3,,,1,30,,18841,3,,,1,70,,18839,3,,,1,30,,18845,3,,,1,70,,18842,3,,,1,30,,18844,3,,,1,70,,18843,3,,,1,30,,15600,3,,,1,70,,18838,3,,,1,30,,15911,3,,,1
20400,'5',731,,18853,3,,,1,70,,18868,3,,,1,30,,18859,3,,,1,70,,18871,3,,,1,30,,18869,3,,,1,70,,18873,3,,,1,30,,18856,3,,,1,70,,18872,3,,,1,30,,18870,3,,,1,70,,18867,3,,,1,30,,18854,3,,,1,70,,18861,3,,,1,30,,18865,3,,,1,70,,18849,3,,,1,30,,18848,3,,,1,70,,18852,3,,,1,30,,18846,3,,,1,70,,18847,3,,,1,30,,18866,3,,,1,70,,18857,3,,,1,30,,18851,3,,,1,70,,18863,3,,,1,30,,18858,3,,,1,70,,18855,3,,,1,30,,18862,3,,,1,70,,18850,3,,,1,30,,18864,3,,,1,70,,18860,3,,,1
20400,'7',1901,,18877,3,,,1,30,,18878,3,,,1,70,,18876,3,,,1,30,,18882,3,,,1,70,,18879,3,,,1,30,,18881,3,,,1,70,,18880,3,,,1,30,,15576,3,,,1,70,,18875,3,,,1,30,,18874,3,,,1
21601,'10',1827,,19664,3,0,13,1,30,,19667,3,0,13,1,70,,19666,3,0,13,1,30,,16180,3,0,13,1,70,,19672,3,0,13,1,30,,19660,3,0,13,1,70,,16201,3,0,13,1,30,,19668,3,0,13,1,70,,15063,3,0,13,1,30,,15749,3,0,13,1,70,,19658,3,0,13,1
21601,'5',657,,19688,3,0,13,1,70,,19699,3,0,13,1,30,,19697,3,0,13,1,70,,16250,3,0,13,1,30,,19706,3,0,13,1,70,,19722,3,0,13,1,30,,19714,3,0,13,1,70,,19692,3,0,13,1,30,,19715,3,0,13,1,70,,19685,3,0,13,1,30,,19679,3,0,13,1,70,,16346,3,0,13,1,30,,19674,3,0,13,1,70,,16620,3,0,13,1,30,,19673,3,0,13,1,70,,19720,3,0,13,1,30,,19696,3,0,13,1,70,,19695,3,0,13,1,30,,19708,3,0,13,1,70,,19704,3,0,13,1,30,,19693,3,0,13,1,70,,19712,3,0,13,1,30,,19713,3,0,13,1,70,,19703,3,0,13,1,30,,19675,3,0,13,1,70,,19689,3,0,13,1,30,,19711,3,0,13,1,70,,19718,3,0,13,1,30,,19681,3,0,13,1
21601,'7',1827,,19733,3,0,13,1,30,,19736,3,0,13,1,70,,19735,3,0,13,1,30,,16136,3,0,13,1,70,,19741,3,0,13,1,30,,19729,3,0,13,1,70,,16157,3,0,13,1,30,,19737,3,0,13,1,70,,15030,3,0,13,1,30,,15738,3,0,13,1,70,,19727,3,0,13,1
