10500,'1',604,,21036,16,,,1,100,,21031,16,,,1,30,,21040,16,,,1,70,,21023,16,,,1,30,,21041,16,,,1,70,,21042,16,,,1,30,,21032,16,,,1,70,,21035,16,,,1,100,,21047,16,,,1,100,,21054,16,,,1,100,,21046,16,,,1,100,,21020,16,,,1,100,,21045,16,,,1,30,,21051,16,,,1,70,,21034,16,,,1,30,,21053,16,,,1,70,,21033,16,,,1,30,,21022,16,,,1,70,,21048,16,,,1
10500,'2',604,,21091,16,,,1,100,,21080,16,,,1,30,,21079,16,,,1,70,,21060,16,,,1,30,,21076,16,,,1,70,,17837,16,,,1,30,,17669,16,,,1,70,,21071,16,,,1,100,,21087,16,,,1,100,,21061,16,,,1,100,,21077,16,,,1,100,,21066,16,,,1,100,,21073,16,,,1,30,,21082,16,,,1,70,,21089,16,,,1,30,,21081,16,,,1,70,,21067,16,,,1,30,,21065,16,,,1,70,,21090,16,,,1
10500,'3',604,,21104,16,,,1,100,,21125,16,,,1,30,,21118,16,,,1,70,,21107,16,,,1,30,,21117,16,,,1,70,,21098,16,,,1,30,,21102,16,,,1,70,,21116,16,,,1,100,,21105,16,,,1,100,,21099,16,,,1,100,,21124,16,,,1,100,,21108,16,,,1,100,,21127,16,,,1,30,,21115,16,,,1,70,,21130,16,,,1,30,,21121,16,,,1,70,,21103,16,,,1,30,,21106,16,,,1,70,,21128,16,,,1
10500,'4',604,,21154,16,,,1,100,,21135,16,,,1,30,,21162,16,,,1,70,,21150,16,,,1,30,,21155,16,,,1,70,,21134,16,,,1,30,,21137,16,,,1,70,,21165,16,,,1,100,,21145,16,,,1,100,,21152,16,,,1,100,,21159,16,,,1,100,,21158,16,,,1,100,,21168,16,,,1,30,,21139,16,,,1,70,,21131,16,,,1,30,,21160,16,,,1,70,,21157,16,,,1,30,,21153,16,,,1,70,,21143,16,,,1
10500,'5',604,,21198,16,,,1,100,,21196,16,,,1,30,,21180,16,,,1,70,,21190,16,,,1,30,,21187,16,,,1,70,,21184,16,,,1,30,,21194,16,,,1,70,,21205,16,,,1,100,,21171,16,,,1,100,,21172,16,,,1,100,,21200,16,,,1,100,,21174,16,,,1,100,,21173,16,,,1,30,,21176,16,,,1,70,,21204,16,,,1,30,,21178,16,,,1,70,,21201,16,,,1,30,,21193,16,,,1,70,,21185,16,,,1
10500,'7',604,,21244,16,,,1,100,,21237,16,,,1,30,,21235,16,,,1,70,,21209,16,,,1,30,,21225,16,,,1,70,,21210,16,,,1,30,,21207,16,,,1,70,,21234,16,,,1,100,,21213,16,,,1,100,,21227,16,,,1,100,,21222,16,,,1,100,,21236,16,,,1,100,,21243,16,,,1,30,,21208,16,,,1,70,,21229,16,,,1,30,,21211,16,,,1,70,,21220,16,,,1,30,,21223,16,,,1,70,,21218,16,,,1
10500,'8',604,,21250,16,,,1,100,,21255,16,,,1,30,,21279,16,,,1,70,,21268,16,,,1,30,,21261,16,,,1,70,,21262,16,,,1,30,,21267,16,,,1,70,,21260,16,,,1,100,,21247,16,,,1,100,,21257,16,,,1,100,,21282,16,,,1,100,,21252,16,,,1,100,,21253,16,,,1,30,,21272,16,,,1,70,,21256,16,,,1,30,,21278,16,,,1,70,,21249,16,,,1,30,,21254,16,,,1,70,,21275,16,,,1
10500,'9',604,,21307,16,,,1,100,,21311,16,,,1,30,,21291,16,,,1,70,,21292,16,,,1,30,,21319,16,,,1,70,,21304,16,,,1,30,,21301,16,,,1,70,,21295,16,,,1,100,,21312,16,,,1,100,,21315,16,,,1,100,,21303,16,,,1,100,,21310,16,,,1,100,,21309,16,,,1,30,,21317,16,,,1,70,,21293,16,,,1,30,,21294,16,,,1,70,,21299,16,,,1,30,,21314,16,,,1,70,,21300,16,,,1
10900,'1',607,,22983,1,,,1,100,,22990,1,,,1,100,,22977,1,,,1,100,,22979,1,,,1,100,,22968,1,,,1,100,,22969,1,,,1,100,,22965,1,,,1,100,,22985,1,,,1,100,,22991,1,,,1,100,,22982,1,,,1,100,,22984,1,,,1,100,,22973,1,,,1,100,,22976,8,4,,1
10900,'2',607,,23022,1,,,1,100,,23003,1,,,1,100,,23005,1,,,1,100,,22994,1,,,1,100,,23014,1,,,1,100,,22995,1,,,1,100,,22996,1,,,1,100,,22999,1,,,1,100,,23007,1,,,1,100,,23000,1,,,1,100,,22997,1,,,1,100,,23015,1,,,1,100,,22998,8,4,,1
10900,'3',607,,23032,1,,,1,100,,23047,1,,,1,100,,23036,1,,,1,100,,23040,1,,,1,100,,23049,1,,,1,100,,23052,1,,,1,100,,23055,1,,,1,100,,23034,1,,,1,100,,23063,1,,,1,100,,23029,1,,,1,100,,23062,1,,,1,100,,23042,1,,,1,100,,23031,8,4,,1
10900,'4',607,,23068,1,,,1,100,,23065,1,,,1,100,,23100,1,,,1,100,,23074,1,,,1,100,,23080,1,,,1,100,,23092,1,,,1,100,,23095,1,,,1,100,,23085,1,,,1,100,,23082,1,,,1,100,,23090,1,,,1,100,,23072,1,,,1,100,,23066,1,,,1,100,,23081,8,4,,1
10900,'5',607,,23134,1,,,1,100,,23125,1,,,1,100,,23132,1,,,1,100,,23112,1,,,1,100,,23115,1,,,1,100,,23111,1,,,1,100,,23105,1,,,1,100,,23136,1,,,1,100,,23118,1,,,1,100,,23120,1,,,1,100,,23104,1,,,1,100,,23108,1,,,1,100,,23107,8,4,,1
10900,'7',607,,23138,1,,,1,100,,23144,1,,,1,100,,23158,1,,,1,100,,23149,1,,,1,100,,23148,1,,,1,100,,23159,1,,,1,100,,23167,1,,,1,100,,23160,1,,,1,100,,23152,1,,,1,100,,23141,1,,,1,100,,23151,1,,,1,100,,23153,1,,,1,100,,23143,8,4,,1
10900,'8',607,,23184,1,,,1,100,,23175,1,,,1,100,,23191,1,,,1,100,,23178,1,,,1,100,,23192,1,,,1,100,,23206,1,,,1,100,,23189,1,,,1,100,,23203,1,,,1,100,,23188,1,,,1,100,,23180,1,,,1,100,,23207,1,,,1,100,,23174,1,,,1,100,,23208,8,4,,1
10900,'9',607,,23228,1,,,1,100,,23238,1,,,1,100,,23222,1,,,1,100,,23233,1,,,1,100,,23235,1,,,1,100,,23227,1,,,1,100,,23234,1,,,1,100,,23219,1,,,1,100,,23240,1,,,1,100,,23237,1,,,1,100,,23216,1,,,1,100,,23221,1,,,1,100,,23215,8,4,,1
11300,'1',638,,24507,27,,,1,100,,24518,27,,,1,100,,24513,27,,,1,100,,24510,27,,,1,100,,24522,27,,,1,100,,19261,27,,,1,100,,24521,27,,,1,100,,24506,27,,,1,100,,24525,27,,,1,100,,24532,27,,,1,100,,24523,27,,,1,100,,24528,27,,,1,100,,24527,27,,,1
11300,'2',638,,24538,27,,,1,100,,24542,27,,,1,100,,24556,27,,,1,100,,24552,27,,,1,100,,24548,27,,,1,100,,24534,27,,,1,100,,24546,27,,,1,100,,24533,27,,,1,100,,24563,27,,,1,100,,24570,27,,,1,100,,24541,27,,,1,100,,24566,27,,,1,100,,24557,27,,,1
11300,'3',638,,24609,27,,,1,100,,24582,27,,,1,100,,24573,27,,,1,100,,24586,27,,,1,100,,24575,27,,,1,100,,24606,27,,,1,100,,24580,27,,,1,100,,24594,27,,,1,100,,24592,27,,,1,100,,24591,27,,,1,100,,24576,27,,,1,100,,24598,27,,,1,100,,24574,27,,,1
11300,'4',638,,24637,27,,,1,100,,24647,27,,,1,100,,24642,27,,,1,100,,24634,27,,,1,100,,24619,27,,,1,100,,24628,27,,,1,100,,24630,27,,,1,100,,24618,27,,,1,100,,24617,27,,,1,100,,24629,27,,,1,100,,24633,27,,,1,100,,24632,27,,,1,100,,24643,27,,,1
11300,'5',638,,24671,27,,,1,100,,24668,27,,,1,100,,24653,27,,,1,100,,24652,27,,,1,100,,24674,27,,,1,100,,24667,27,,,1,100,,24686,27,,,1,100,,24658,27,,,1,100,,24650,27,,,1,100,,24682,27,,,1,100,,24679,27,,,1,100,,24675,27,,,1,100,,24677,27,,,1
11300,'7',638,,24711,27,,,1,100,,24719,27,,,1,100,,24724,27,,,1,100,,24700,27,,,1,100,,24716,27,,,1,100,,24718,27,,,1,100,,24726,27,,,1,100,,24720,27,,,1,100,,24709,27,,,1,100,,24703,27,,,1,100,,24696,27,,,1,100,,24704,27,,,1,100,,24722,27,,,1
11300,'8',638,,24759,27,,,1,100,,24727,27,,,1,100,,24758,27,,,1,100,,24755,27,,,1,100,,24764,27,,,1,100,,24730,27,,,1,100,,24751,27,,,1,100,,24754,27,,,1,100,,24752,27,,,1,100,,24765,27,,,1,100,,24729,27,,,1,100,,24756,27,,,1,100,,24744,27,,,1
11300,'9',638,,24778,27,,,1,100,,24797,27,,,1,100,,24795,27,,,1,100,,24766,27,,,1,100,,24772,27,,,1,100,,24801,27,,,1,100,,24803,27,,,1,100,,24773,27,,,1,100,,24770,27,,,1,100,,24787,27,,,1,100,,24798,27,,,1,100,,24768,27,,,1,100,,24780,27,,,1
20500,'1',1903,,27170,13,,,1,100,,27164,13,,,1,100,,27171,13,,,1,100,,27165,13,,,1
20500,'10',703,,27182,13,,,1,100,,27187,13,,,1,100,,19499,13,,,1,100,,27177,13,,,1,100,,27176,13,,,1,100,,27175,13,,,1,100,,27185,13,,,1,100,,27196,13,,,1,100,,27180,13,,,1,100,,27195,13,,,1,100,,27183,13,,,1,100,,27190,13,,,1,100,,27178,13,,,1,100,,27198,13,,,1
20500,'11',703,,27200,13,,,1,100,,27216,13,,,1,100,,27201,13,,,1,100,,27224,13,,,1,100,,27215,13,,,1,100,,27220,13,,,1,100,,27223,13,,,1,100,,27213,13,,,1,100,,27210,13,,,1,100,,27221,13,,,1,100,,27226,13,,,1,100,,27214,13,,,1,100,,27209,13,,,1,100,,27218,13,,,1
20500,'2',1903,,27230,13,,,1,100,,27227,13,,,1,100,,27234,13,,,1,100,,27233,13,,,1
20500,'3',1903,,27237,13,,,1,100,,27235,13,,,1,100,,27240,13,,,1,100,,27241,13,,,1
20500,'4',1903,,27243,13,,,1,100,,27246,13,,,1,100,,27247,13,,,1,100,,27248,13,,,1
20500,'5',1903,,27256,13,,,1,100,,27253,13,,,1,100,,27251,13,,,1,100,,27254,13,,,1
20500,'6',703,,27284,13,,,1,100,,27277,13,,,1,100,,27286,13,,,1,100,,27283,13,,,1,100,,27281,13,,,1,100,,27279,13,,,1,100,,27261,13,,,1,100,,27268,13,,,1,100,,27272,13,,,1,100,,27275,13,,,1,100,,27280,13,,,1,100,,27263,13,,,1,100,,27285,13,,,1,100,,27262,13,,,1
20500,'7',1903,,27288,13,,,1,100,,27291,13,,,1,100,,27287,13,,,1,100,,27292,13,,,1
20500,'8',1903,,27299,13,,,1,100,,27297,13,,,1,100,,27302,13,,,1,100,,27298,13,,,1
20500,'9',1903,,27305,13,,,1,100,,27309,13,,,1,100,,27308,13,,,1,100,,27307,13,,,1
20900,'1',1807,,17654,1,,,1,98,,27952,8,4,,1,2,,27948,1,,,1,98,,27946,8,4,,1,2,,27940,1,,,1,98,,27942,8,4,,1,2,,27941,1,,,1,98,,27944,8,4,,1,2,,27945,1,,,1
20900,'10',707,,27971,1,,,1,98,,27970,8,4,,1,2,,27976,1,,,1,98,,27962,8,4,,1,2,,27959,1,,,1,98,,27961,8,4,,1,2,,27985,1,,,1,98,,27963,8,4,,1,2,,27993,1,,,1,98,,27983,8,4,,1,2,,27981,1,,,1,98,,27988,8,4,,1,2,,27956,1,,,1,98,,27973,8,4,,1,2,,27982,1,,,1,98,,27969,8,4,,1,2,,27967,1,,,1,98,,27954,8,4,,1,2,,27980,1,,,1,98,,27984,8,4,,1,2,,27958,1,,,1,98,,27989,8,4,,1,2,,27964,1,,,1,98,,27966,8,4,,1,2,,27953,1,,,1,98,,27991,8,4,,1,2,,27986,1,,,1
20900,'11',707,,28017,1,,,1,98,,28026,8,4,,1,2,,28015,1,,,1,98,,28030,8,4,,1,2,,27999,1,,,1,98,,28001,8,4,,1,2,,28013,1,,,1,98,,28034,8,4,,1,2,,28018,1,,,1,98,,28019,8,4,,1,2,,27994,1,,,1,98,,27995,8,4,,1,2,,28002,1,,,1,98,,28005,8,4,,1,2,,28008,1,,,1,98,,27998,8,4,,1,2,,27996,1,,,1,98,,28003,8,4,,1,2,,28000,1,,,1,98,,28014,8,4,,1,2,,28029,1,,,1,98,,28025,8,4,,1,2,,28020,1,,,1,98,,28010,8,4,,1,2,,28016,1,,,1,98,,28023,8,4,,1,2,,28031,1,,,1
20900,'2',1807,,28042,1,,,1,98,,28040,8,4,,1,2,,28039,1,,,1,98,,28048,8,4,,1,2,,28041,1,,,1,98,,28035,8,4,,1,2,,28036,1,,,1,98,,28038,8,4,,1,2,,28037,1,,,1
20900,'3',1807,,28059,1,,,1,98,,28053,8,4,,1,2,,28054,1,,,1,98,,28051,8,4,,1,2,,28058,1,,,1,98,,28052,8,4,,1,2,,28057,1,,,1,98,,28049,8,4,,1,2,,28055,1,,,1
20900,'4',1807,,28068,1,,,1,98,,28071,8,4,,1,2,,28072,1,,,1,98,,28074,8,4,,1,2,,28069,1,,,1,98,,28065,8,4,,1,2,,28063,1,,,1,98,,28070,8,4,,1,2,,28066,1,,,1
20900,'5',1807,,28081,1,,,1,98,,28085,8,4,,1,2,,28077,1,,,1,98,,28087,8,4,,1,2,,28084,1,,,1,98,,28083,8,4,,1,2,,28089,1,,,1,98,,28090,8,4,,1,2,,28082,1,,,1
20900,'6',707,,28126,1,,,1,98,,28118,8,4,,1,2,,28104,1,,,1,98,,28099,8,4,,1,2,,28128,1,,,1,98,,28131,8,4,,1,2,,28095,1,,,1,98,,28092,8,4,,1,2,,28112,1,,,1,98,,28113,8,4,,1,2,,28107,1,,,1,98,,28119,8,4,,1,2,,28117,1,,,1,98,,28105,8,4,,1,2,,28093,1,,,1,98,,28100,8,4,,1,2,,28129,1,,,1,98,,28130,8,4,,1,2,,28124,1,,,1,98,,28098,8,4,,1,2,,28114,1,,,1,98,,28106,8,4,,1,2,,28123,1,,,1,98,,28120,8,4,,1,2,,28091,1,,,1,98,,28121,8,4,,1,2,,28102,1,,,1
20900,'7',1807,,28133,1,,,1,98,,28132,8,4,,1,2,,28140,1,,,1,98,,28135,8,4,,1,2,,28139,1,,,1,98,,28145,8,4,,1,2,,28144,1,,,1,98,,28137,8,4,,1,2,,28134,1,,,1
20900,'8',1807,,28150,1,,,1,98,,28147,8,4,,1,2,,28159,1,,,1,98,,28151,8,4,,1,2,,28149,1,,,1,98,,28157,8,4,,1,2,,28146,1,,,1,98,,28154,8,4,,1,2,,28155,1,,,1
20900,'9',1807,,28172,1,,,1,98,,28173,8,4,,1,2,,28167,1,,,1,98,,28163,8,4,,1,2,,28166,1,,,1,98,,28168,8,4,,1,2,,28162,1,,,1,98,,28165,8,4,,1,2,,28171,1,,,1
21300,'1',1937,,28956,27,,,1,100,,28955,27,,,1,100,,28957,27,,,1,100,,28954,27,,,1
21300,'10',737,,28959,27,,,1,100,,28970,27,,,1,100,,28966,27,,,1,100,,28964,27,,,1,100,,28962,27,,,1,100,,28961,27,,,1,100,,28969,27,,,1,100,,28960,27,,,1,100,,28965,27,,,1,100,,28958,27,,,1,100,,28963,27,,,1,100,,28968,27,,,1,100,,28967,27,,,1
21300,'11',737,,28980,27,,,1,100,,28978,27,,,1,100,,28974,27,,,1,100,,28983,27,,,1,100,,28982,27,,,1,100,,28972,27,,,1,100,,28981,27,,,1,100,,28973,27,,,1,100,,28979,27,,,1,100,,28977,27,,,1,100,,28971,27,,,1,100,,28976,27,,,1,100,,28975,27,,,1
21300,'2',1937,,28985,27,,,1,100,,28987,27,,,1,100,,28986,27,,,1,100,,28984,27,,,1
21300,'3',1937,,28989,27,,,1,100,,28988,27,,,1,100,,28990,27,,,1,100,,28991,27,,,1
21300,'4',1937,,28992,27,,,1,100,,28993,27,,,1,100,,28994,27,,,1,100,,28995,27,,,1
21300,'5',1937,,28998,27,,,1,100,,28996,27,,,1,100,,28999,27,,,1,100,,28997,27,,,1
21300,'6',737,,29009,27,,,1,100,,29010,27,,,1,100,,29003,27,,,1,100,,29002,27,,,1,100,,29000,27,,,1,100,,29005,27,,,1,100,,29001,27,,,1,100,,29008,27,,,1,100,,29006,27,,,1,100,,29011,27,,,1,100,,29004,27,,,1,100,,29007,27,,,1,100,,29012,27,,,1
21300,'7',1937,,29015,27,,,1,100,,29016,27,,,1,100,,29014,27,,,1,100,,29013,27,,,1
21300,'8',1937,,29018,27,,,1,100,,29020,27,,,1,100,,29019,27,,,1,100,,29017,27,,,1
21300,'9',1937,,29023,27,,,1,100,,29021,27,,,1,100,,29024,27,,,1,100,,29022,27,,,1
