10800,'1',726,,22541,18,,,1,30,,22560,18,,,1,70,,22536,18,,,1,30,,22548,18,,,1,70,,22544,18,,,1,30,,22558,18,,,1,100,,22556,18,,,1,100,,22554,18,,,1,100,,22543,18,,,1,100,,22551,18,,,1,100,,22539,18,,,1,70,,22538,18,,,1,30,,22547,18,,,1,70,,22546,18,,,1,30,,22537,18,,,1,70,,22553,18,,,1,30,,22567,18,,,1
10800,'2',726,,22592,18,,,1,30,,22585,18,,,1,70,,22580,18,,,1,30,,22599,18,,,1,70,,22602,18,,,1,30,,22577,18,,,1,100,,22596,18,,,1,100,,22597,18,,,1,100,,22576,18,,,1,100,,22593,18,,,1,100,,22582,18,,,1,70,,22569,18,,,1,30,,22600,18,,,1,70,,22591,18,,,1,30,,22595,18,,,1,70,,22594,18,,,1,30,,22581,18,,,1
10800,'3',726,,22616,18,,,1,30,,22604,18,,,1,70,,22607,18,,,1,30,,22603,18,,,1,70,,22614,18,,,1,30,,22632,18,,,1,100,,22627,18,,,1,100,,22636,18,,,1,100,,22635,18,,,1,100,,22611,18,,,1,100,,22613,18,,,1,70,,22626,18,,,1,30,,22628,18,,,1,70,,22620,18,,,1,30,,22605,18,,,1,70,,22618,18,,,1,30,,22625,18,,,1
10800,'4',726,,22640,18,,,1,30,,22659,18,,,1,70,,22669,18,,,1,30,,22647,18,,,1,70,,22657,18,,,1,30,,22653,18,,,1,100,,22638,18,,,1,100,,22667,18,,,1,100,,22670,18,,,1,100,,22662,18,,,1,100,,22666,18,,,1,70,,22639,18,,,1,30,,22650,18,,,1,70,,22643,18,,,1,30,,22649,18,,,1,70,,22648,18,,,1,30,,22664,18,,,1
10800,'5',726,,22688,18,,,1,30,,22674,18,,,1,70,,22680,18,,,1,30,,22673,18,,,1,70,,22672,18,,,1,30,,22683,18,,,1,100,,22687,18,,,1,100,,22696,18,,,1,100,,22691,18,,,1,100,,22692,18,,,1,100,,22697,18,,,1,70,,22679,18,,,1,30,,22684,18,,,1,70,,22695,18,,,1,30,,22701,18,,,1,70,,22677,18,,,1,30,,22671,18,,,1
10800,'7',726,,22723,18,,,1,30,,22716,18,,,1,70,,22731,18,,,1,30,,22714,18,,,1,70,,22708,18,,,1,30,,22737,18,,,1,100,,22727,18,,,1,100,,22724,18,,,1,100,,22735,18,,,1,100,,22711,18,,,1,100,,22713,18,,,1,70,,22707,18,,,1,30,,22732,18,,,1,70,,22718,18,,,1,30,,22726,18,,,1,70,,22709,18,,,1,30,,22717,18,,,1
10800,'8',726,,22769,18,,,1,30,,22765,18,,,1,70,,22746,18,,,1,30,,22753,18,,,1,70,,22766,18,,,1,30,,22754,18,,,1,100,,22771,18,,,1,100,,22741,18,,,1,100,,22760,18,,,1,100,,22763,18,,,1,100,,22749,18,,,1,70,,22742,18,,,1,30,,22757,18,,,1,70,,22770,18,,,1,30,,22767,18,,,1,70,,22743,18,,,1,30,,22750,18,,,1
10800,'9',726,,22785,18,,,1,30,,22779,18,,,1,70,,22781,18,,,1,30,,22776,18,,,1,70,,22794,18,,,1,30,,22790,18,,,1,100,,22775,18,,,1,100,,22801,18,,,1,100,,22802,18,,,1,100,,22795,18,,,1,100,,22798,18,,,1,70,,22797,18,,,1,30,,22805,18,,,1,70,,22787,18,,,1,30,,22803,18,,,1,70,,22789,18,,,1,30,,22774,18,,,1
10801,'1',626,,22818,6,,,1,30,,22824,6,,,1
10801,'2',626,,22828,6,,,1,30,,22832,6,,,1
10801,'3',626,,22855,6,,,1,30,,22847,6,,,1
10801,'4',626,,22872,6,,,1,30,,22870,6,,,1
10801,'5',626,,22895,6,,,1,30,,22889,6,,,1
10801,'7',626,,22913,6,,,1,30,,22908,6,,,1
10801,'8',626,,22926,6,,,1,30,,22925,6,,,1
10801,'9',626,,22950,6,,,1,30,,22948,6,,,1
