10100,'1',706,,19742,12,,,1,30,,19743,12,,,1,70,,19746,12,,,1,30,,19744,12,,,1,70,,19757,12,,,1,30,,19748,12,,,1,70,,19756,12,,,1,100,,19758,12,,,1,100,,19751,12,,,1,100,,19749,12,,,1,100,,19750,12,,,1,100,,19745,12,,,1,30,,19755,12,,,1,70,,19753,12,,,1,30,,19759,12,,,1,70,,19747,12,,,1,30,,19754,12,,,1,70,,19752,12,,,1
10100,'2',706,,19776,12,,,1,30,,19773,12,,,1,70,,19772,12,,,1,30,,19767,12,,,1,70,,19766,12,,,1,30,,19760,12,,,1,70,,19768,12,,,1,100,,19761,12,,,1,100,,19774,12,,,1,100,,19762,12,,,1,100,,19763,12,,,1,100,,19777,12,,,1,30,,19765,12,,,1,70,,19771,12,,,1,30,,19769,12,,,1,70,,19764,12,,,1,30,,19775,12,,,1,70,,19770,12,,,1
10100,'3',706,,19793,12,,,1,30,,19780,12,,,1,70,,19785,12,,,1,30,,19783,12,,,1,70,,19789,12,,,1,30,,19788,12,,,1,70,,19795,12,,,1,100,,19792,12,,,1,100,,19778,12,,,1,100,,19781,12,,,1,100,,19784,12,,,1,100,,19787,12,,,1,30,,19794,12,,,1,70,,19779,12,,,1,30,,19791,12,,,1,70,,19782,12,,,1,30,,19790,12,,,1,70,,19786,12,,,1
10100,'4',706,,19808,12,,,1,30,,19807,12,,,1,70,,19812,12,,,1,30,,19799,12,,,1,70,,19805,12,,,1,30,,19797,12,,,1,70,,19803,12,,,1,100,,19800,12,,,1,100,,19810,12,,,1,100,,19806,12,,,1,100,,19798,12,,,1,100,,19813,12,,,1,30,,19802,12,,,1,70,,19796,12,,,1,30,,19809,12,,,1,70,,19801,12,,,1,30,,19804,12,,,1,70,,19811,12,,,1
10100,'5',706,,19815,12,,,1,30,,19831,12,,,1,70,,19816,12,,,1,30,,19825,12,,,1,70,,19827,12,,,1,30,,19828,12,,,1,70,,19824,12,,,1,100,,19818,12,,,1,100,,19826,12,,,1,100,,19817,12,,,1,100,,19820,12,,,1,100,,19822,12,,,1,30,,19830,12,,,1,70,,19819,12,,,1,30,,19823,12,,,1,70,,19814,12,,,1,30,,19829,12,,,1,70,,19821,12,,,1
10100,'7',706,,19832,12,,,1,30,,19845,12,,,1,70,,19843,12,,,1,30,,19839,12,,,1,70,,19841,12,,,1,30,,19836,12,,,1,70,,19833,12,,,1,100,,19847,12,,,1,100,,19834,12,,,1,100,,19849,12,,,1,100,,19842,12,,,1,100,,19844,12,,,1,30,,19848,12,,,1,70,,19837,12,,,1,30,,19835,12,,,1,70,,19840,12,,,1,30,,19838,12,,,1,70,,19846,12,,,1
10100,'8',706,,19862,12,,,1,30,,19851,12,,,1,70,,19852,12,,,1,30,,19866,12,,,1,70,,19864,12,,,1,30,,19860,12,,,1,70,,19850,12,,,1,100,,19867,12,,,1,100,,19856,12,,,1,100,,19858,12,,,1,100,,19859,12,,,1,100,,19853,12,,,1,30,,19855,12,,,1,70,,19863,12,,,1,30,,19854,12,,,1,70,,19861,12,,,1,30,,19865,12,,,1,70,,19857,12,,,1
10100,'9',706,,19875,12,,,1,30,,19870,12,,,1,70,,19878,12,,,1,30,,19877,12,,,1,70,,19868,12,,,1,30,,19876,12,,,1,70,,19884,12,,,1,100,,19881,12,,,1,100,,19883,12,,,1,100,,19879,12,,,1,100,,19871,12,,,1,100,,19872,12,,,1,30,,19882,12,,,1,70,,19880,12,,,1,30,,19873,12,,,1,70,,19874,12,,,1,30,,19885,12,,,1,70,,19869,12,,,1
20300,'1',1904,,26519,8,,,1,30,,26514,8,,,1,70,,26516,8,,,1,30,,19313,8,,,1,70,,26513,8,,,1,30,,26517,8,,,1,70,,26515,8,,,1,30,,26512,8,,,1,70,,26518,8,,,1
20300,'10',734,,26525,8,,,1,70,,26536,8,,,1,30,,26521,8,,,1,70,,26546,8,,,1,30,,26545,8,,,1,70,,26529,8,,,1,30,,26544,8,,,1,70,,26526,8,,,1,30,,26530,8,,,1,70,,26531,8,,,1,30,,26528,8,,,1,70,,26537,8,,,1,30,,26523,8,,,1,70,,26527,8,,,1,30,,26520,8,,,1,70,,26542,8,,,1,30,,26524,8,,,1,70,,26533,8,,,1,30,,26540,8,,,1,70,,26522,8,,,1,30,,26538,8,,,1,70,,26532,8,,,1,30,,26543,8,,,1,70,,26534,8,,,1,30,,26535,8,,,1,70,,26541,8,,,1,30,,26539,8,,,1
20300,'11',734,,26571,8,,,1,70,,26558,8,,,1,30,,26572,8,,,1,70,,26553,8,,,1,30,,26573,8,,,1,70,,26547,8,,,1,30,,26561,8,,,1,70,,26560,8,,,1,30,,26569,8,,,1,70,,26549,8,,,1,30,,26566,8,,,1,70,,26554,8,,,1,30,,26550,8,,,1,70,,26551,8,,,1,30,,26556,8,,,1,70,,26548,8,,,1,30,,26564,8,,,1,70,,26563,8,,,1,30,,26559,8,,,1,70,,26555,8,,,1,30,,26562,8,,,1,70,,26552,8,,,1,30,,26557,8,,,1,70,,26567,8,,,1,30,,26565,8,,,1,70,,26570,8,,,1,30,,26568,8,,,1
20300,'2',1904,,26581,8,,,1,30,,26575,8,,,1,70,,26580,8,,,1,30,,26578,8,,,1,70,,26582,8,,,1,30,,26579,8,,,1,70,,26576,8,,,1,30,,26574,8,,,1,70,,26577,8,,,1
20300,'3',1904,,26585,8,,,1,30,,26589,8,,,1,70,,26586,8,,,1,30,,26590,8,,,1,70,,26583,8,,,1,30,,26591,8,,,1,70,,26584,8,,,1,30,,26587,8,,,1,70,,26588,8,,,1
20300,'4',1904,,26598,8,,,1,30,,26592,8,,,1,70,,26594,8,,,1,30,,26595,8,,,1,70,,26599,8,,,1,30,,26597,8,,,1,70,,26600,8,,,1,30,,26596,8,,,1,70,,26593,8,,,1
20300,'5',1904,,26607,8,,,1,30,,26601,8,,,1,70,,26606,8,,,1,30,,26604,8,,,1,70,,26609,8,,,1,30,,26605,8,,,1,70,,26602,8,,,1,30,,26603,8,,,1,70,,26608,8,,,1
20300,'6',734,,26622,8,,,1,70,,26636,8,,,1,30,,26628,8,,,1,70,,26621,8,,,1,30,,26616,8,,,1,70,,26618,8,,,1,30,,26619,8,,,1,70,,26624,8,,,1,30,,26611,8,,,1,70,,26625,8,,,1,30,,26617,8,,,1,70,,26633,8,,,1,30,,26614,8,,,1,70,,26610,8,,,1,30,,26630,8,,,1,70,,26612,8,,,1,30,,26634,8,,,1,70,,26623,8,,,1,30,,26627,8,,,1,70,,26615,8,,,1,30,,26631,8,,,1,70,,26635,8,,,1,30,,26620,8,,,1,70,,26626,8,,,1,30,,26632,8,,,1,70,,26629,8,,,1,30,,26613,8,,,1
20300,'7',1904,,26637,8,,,1,30,,26643,8,,,1,70,,26638,8,,,1,30,,26644,8,,,1,70,,26640,8,,,1,30,,26641,8,,,1,70,,26645,8,,,1,30,,26642,8,,,1,70,,26639,8,,,1
20300,'8',1904,,26650,8,,,1,30,,26652,8,,,1,70,,26649,8,,,1,30,,26654,8,,,1,70,,26646,8,,,1,30,,26648,8,,,1,70,,26651,8,,,1,30,,26647,8,,,1,70,,26653,8,,,1
20300,'9',1904,,26656,8,,,1,30,,26657,8,,,1,70,,26658,8,,,1,30,,26663,8,,,1,70,,26661,8,,,1,30,,26655,8,,,1,70,,26659,8,,,1,30,,26662,8,,,1,70,,26660,8,,,1
