10400,'1',635,,18641,6,,,1,70,,20630,6,,,1,30,,20627,6,,,1,70,,20647,6,,,1,30,,20637,6,,,1,70,,20646,6,,,1,30,,20629,6,,,1,70,,20628,6,,,1,30,,20645,6,,,1,70,,20633,6,,,1,30,,20644,6,,,1,70,,20635,6,,,1,30,,20632,6,,,1,70,,20641,6,,,1,30,,20626,6,,,1,70,,20640,6,,,1,30,,20631,6,,,1,70,,20639,6,,,1,30,,20643,6,,,1,70,,20642,6,,,1,30,,20649,6,,,1,70,,20636,6,,,1,30,,20638,6,,,1,70,,20634,6,,,1,30,,20648,6,,,1
10400,'2',635,,20668,6,,,1,70,,20664,6,,,1,30,,20655,6,,,1,70,,20669,6,,,1,30,,20652,6,,,1,70,,20663,6,,,1,30,,20650,6,,,1,70,,20670,6,,,1,30,,20659,6,,,1,70,,20654,6,,,1,30,,20662,6,,,1,70,,20656,6,,,1,30,,20657,6,,,1,70,,20665,6,,,1,30,,20661,6,,,1,70,,20666,6,,,1,30,,20667,6,,,1,70,,20673,6,,,1,30,,20660,6,,,1,70,,20674,6,,,1,30,,20651,6,,,1,70,,20653,6,,,1,30,,20672,6,,,1,70,,20658,6,,,1,30,,20671,6,,,1
10400,'3',635,,20680,6,,,1,70,,20678,6,,,1,30,,20693,6,,,1,70,,20683,6,,,1,30,,20691,6,,,1,70,,20687,6,,,1,30,,20684,6,,,1,70,,20685,6,,,1,30,,20688,6,,,1,70,,20695,6,,,1,30,,20697,6,,,1,70,,20681,6,,,1,30,,20677,6,,,1,70,,20690,6,,,1,30,,20682,6,,,1,70,,20689,6,,,1,30,,20699,6,,,1,70,,20696,6,,,1,30,,20694,6,,,1,70,,20676,6,,,1,30,,20679,6,,,1,70,,20675,6,,,1,30,,20692,6,,,1,70,,20698,6,,,1,30,,20686,6,,,1
10400,'4',635,,20713,6,,,1,70,,20709,6,,,1,30,,20718,6,,,1,70,,20705,6,,,1,30,,20701,6,,,1,70,,20703,6,,,1,30,,20714,6,,,1,70,,20723,6,,,1,30,,20700,6,,,1,70,,20710,6,,,1,30,,20716,6,,,1,70,,20720,6,,,1,30,,20704,6,,,1,70,,20712,6,,,1,30,,20721,6,,,1,70,,20706,6,,,1,30,,20717,6,,,1,70,,20722,6,,,1,30,,20702,6,,,1,70,,20719,6,,,1,30,,20708,6,,,1,70,,20711,6,,,1,30,,20715,6,,,1,70,,20724,6,,,1,30,,20707,6,,,1
10400,'5',635,,20728,6,,,1,70,,20748,6,,,1,30,,20732,6,,,1,70,,20739,6,,,1,30,,20746,6,,,1,70,,20737,6,,,1,30,,20742,6,,,1,70,,20734,6,,,1,30,,20741,6,,,1,70,,20727,6,,,1,30,,20738,6,,,1,70,,20740,6,,,1,30,,20725,6,,,1,70,,20726,6,,,1,30,,20744,6,,,1,70,,20730,6,,,1,30,,20731,6,,,1,70,,20736,6,,,1,30,,20747,6,,,1,70,,20743,6,,,1,30,,20735,6,,,1,70,,20729,6,,,1,30,,20745,6,,,1,70,,20733,6,,,1,30,,20749,6,,,1
10400,'7',635,,20750,6,,,1,70,,20762,6,,,1,30,,20751,6,,,1,70,,20772,6,,,1,30,,20764,6,,,1,70,,20755,6,,,1,30,,20753,6,,,1,70,,20757,6,,,1,30,,20765,6,,,1,70,,20766,6,,,1,30,,20769,6,,,1,70,,20758,6,,,1,30,,20761,6,,,1,70,,20754,6,,,1,30,,20768,6,,,1,70,,20763,6,,,1,30,,20767,6,,,1,70,,20756,6,,,1,30,,20760,6,,,1,70,,20771,6,,,1,30,,20759,6,,,1,70,,20752,6,,,1,30,,20770,6,,,1,70,,20773,6,,,1,30,,20774,6,,,1
10400,'8',635,,20777,6,,,1,70,,20782,6,,,1,30,,20785,6,,,1,70,,20778,6,,,1,30,,20779,6,,,1,70,,20788,6,,,1,30,,20781,6,,,1,70,,20798,6,,,1,30,,20787,6,,,1,70,,20799,6,,,1,30,,20775,6,,,1,70,,20792,6,,,1,30,,20796,6,,,1,70,,20776,6,,,1,30,,20786,6,,,1,70,,20784,6,,,1,30,,20794,6,,,1,70,,20789,6,,,1,30,,20790,6,,,1,70,,20780,6,,,1,30,,20783,6,,,1,70,,20791,6,,,1,30,,20797,6,,,1,70,,20795,6,,,1,30,,20793,6,,,1
10400,'9',635,,20804,6,,,1,70,,20815,6,,,1,30,,20822,6,,,1,70,,20806,6,,,1,30,,20800,6,,,1,70,,20805,6,,,1,30,,20821,6,,,1,70,,20808,6,,,1,30,,20813,6,,,1,70,,20801,6,,,1,30,,20810,6,,,1,70,,20812,6,,,1,30,,20819,6,,,1,70,,20823,6,,,1,30,,20820,6,,,1,70,,20802,6,,,1,30,,20816,6,,,1,70,,20809,6,,,1,30,,20817,6,,,1,70,,20818,6,,,1,30,,20814,6,,,1,70,,20803,6,,,1,30,,20824,6,,,1,70,,20807,6,,,1,30,,20811,6,,,1
20301,'1',2405,,26673,6,,,1
20301,'2',2405,,26736,6,,,1
20301,'3',2405,,26747,6,,,1
20301,'4',2405,,26755,6,,,1
20301,'5',2405,,26764,6,,,1
20301,'7',2405,,26813,6,,,1
20301,'8',2405,,26822,6,,,1
20301,'9',2405,,26826,6,,,1
20400,'1',1905,,26836,6,,,1,30,,26839,6,,,1,70,,26837,6,,,1,30,,26841,6,,,1,70,,26840,6,,,1,30,,26845,6,,,1,70,,26843,6,,,1,30,,26842,6,,,1,70,,26838,6,,,1,30,,26844,6,,,1
20400,'10',735,,26855,6,,,1,70,,26852,6,,,1,30,,26860,6,,,1,70,,26847,6,,,1,30,,26849,6,,,1,70,,26863,6,,,1,30,,26862,6,,,1,70,,26867,6,,,1,30,,26868,6,,,1,70,,26871,6,,,1,30,,26858,6,,,1,70,,26853,6,,,1,30,,26873,6,,,1,70,,26870,6,,,1,30,,26846,6,,,1,70,,26857,6,,,1,30,,26854,6,,,1,70,,26872,6,,,1,30,,26851,6,,,1,70,,26866,6,,,1,30,,26869,6,,,1,70,,26848,6,,,1,30,,26864,6,,,1,70,,26859,6,,,1,30,,26865,6,,,1,70,,26861,6,,,1,30,,26850,6,,,1,70,,26856,6,,,1
20400,'11',735,,26889,6,,,1,70,,26884,6,,,1,30,,26895,6,,,1,70,,26893,6,,,1,30,,26887,6,,,1,70,,26876,6,,,1,30,,26878,6,,,1,70,,26880,6,,,1,30,,26882,6,,,1,70,,26888,6,,,1,30,,26874,6,,,1,70,,26881,6,,,1,30,,26897,6,,,1,70,,26899,6,,,1,30,,26883,6,,,1,70,,26890,6,,,1,30,,26901,6,,,1,70,,26877,6,,,1,30,,26894,6,,,1,70,,26886,6,,,1,30,,26885,6,,,1,70,,26875,6,,,1,30,,26896,6,,,1,70,,26892,6,,,1,30,,26900,6,,,1,70,,26891,6,,,1,30,,26879,6,,,1,70,,26898,6,,,1
20400,'2',1905,,26906,6,,,1,30,,26910,6,,,1,70,,26903,6,,,1,30,,26904,6,,,1,70,,26911,6,,,1,30,,26905,6,,,1,70,,26909,6,,,1,30,,26902,6,,,1,70,,26907,6,,,1,30,,26908,6,,,1
20400,'3',1905,,26913,6,,,1,30,,26912,6,,,1,70,,26914,6,,,1,30,,26915,6,,,1,70,,26920,6,,,1,30,,26916,6,,,1,70,,26919,6,,,1,30,,26917,6,,,1,70,,26921,6,,,1,30,,26918,6,,,1
20400,'4',1905,,26924,6,,,1,30,,26922,6,,,1,70,,26930,6,,,1,30,,26926,6,,,1,70,,26927,6,,,1,30,,26928,6,,,1,70,,26923,6,,,1,30,,26925,6,,,1,70,,26931,6,,,1,30,,26929,6,,,1
20400,'5',1905,,26937,6,,,1,30,,26941,6,,,1,70,,26934,6,,,1,30,,26935,6,,,1,70,,26932,6,,,1,30,,26933,6,,,1,70,,26939,6,,,1,30,,26936,6,,,1,70,,26940,6,,,1,30,,26938,6,,,1
20400,'6',735,,26964,6,,,1,70,,26958,6,,,1,30,,26948,6,,,1,70,,26955,6,,,1,30,,26945,6,,,1,70,,26961,6,,,1,30,,26951,6,,,1,70,,26949,6,,,1,30,,26963,6,,,1,70,,26952,6,,,1,30,,26947,6,,,1,70,,26960,6,,,1,30,,26956,6,,,1,70,,26962,6,,,1,30,,26965,6,,,1,70,,26943,6,,,1,30,,26953,6,,,1,70,,26944,6,,,1,30,,26954,6,,,1,70,,26957,6,,,1,30,,26946,6,,,1,70,,26969,6,,,1,30,,26942,6,,,1,70,,26967,6,,,1,30,,26968,6,,,1,70,,26966,6,,,1,30,,26959,6,,,1,70,,26950,6,,,1
20400,'7',1905,,26979,6,,,1,30,,26976,6,,,1,70,,26975,6,,,1,30,,26970,6,,,1,70,,26971,6,,,1,30,,26972,6,,,1,70,,26973,6,,,1,30,,26977,6,,,1,70,,26974,6,,,1,30,,26978,6,,,1
20400,'8',1905,,26980,6,,,1,30,,26982,6,,,1,70,,26988,6,,,1,30,,26983,6,,,1,70,,26984,6,,,1,30,,26985,6,,,1,70,,26989,6,,,1,30,,26987,6,,,1,70,,26986,6,,,1,30,,26981,6,,,1
20400,'9',1905,,26991,6,,,1,30,,26996,6,,,1,70,,26998,6,,,1,30,,26990,6,,,1,70,,26993,6,,,1,30,,26997,6,,,1,70,,26992,6,,,1,30,,26995,6,,,1,70,,26994,6,,,1,30,,26999,6,,,1
