10300,'1',639,,20317,14,,,1,100,,20326,14,,,1,70,,20325,14,,,1,30,,20323,14,,,1,70,,20320,14,,,1,30,,20330,14,,,1,70,,20334,14,,,1,30,,20329,14,,,1,100,,20327,14,,,1,100,,20318,14,,,1,100,,20324,14,,,1,100,,20322,14,,,1,100,,20319,14,,,1,70,,20316,14,,,1,30,,20321,14,,,1,70,,20332,14,,,1,30,,20328,14,,,1,70,,20333,14,,,1,30,,20331,14,,,1
10300,'2',639,,20347,14,,,1,100,,20349,14,,,1,70,,20345,14,,,1,30,,20338,14,,,1,70,,20351,14,,,1,30,,20335,14,,,1,70,,20340,14,,,1,30,,20339,14,,,1,100,,18114,14,,,1,100,,20336,14,,,1,100,,20342,14,,,1,100,,20337,14,,,1,100,,20343,14,,,1,70,,20346,14,,,1,30,,20350,14,,,1,70,,20348,14,,,1,30,,20352,14,,,1,70,,20344,14,,,1,30,,20341,14,,,1
10300,'3',639,,20353,14,,,1,100,,20362,14,,,1,70,,20369,14,,,1,30,,20358,14,,,1,70,,20363,14,,,1,30,,20354,14,,,1,70,,20364,14,,,1,30,,20367,14,,,1,100,,20370,14,,,1,100,,20371,14,,,1,100,,20355,14,,,1,100,,20356,14,,,1,100,,20359,14,,,1,70,,20365,14,,,1,30,,20361,14,,,1,70,,20357,14,,,1,30,,20366,14,,,1,70,,20360,14,,,1,30,,20368,14,,,1
10300,'4',639,,20390,14,,,1,100,,20388,14,,,1,70,,20376,14,,,1,30,,20377,14,,,1,70,,20389,14,,,1,30,,20387,14,,,1,70,,20382,14,,,1,30,,20378,14,,,1,100,,20374,14,,,1,100,,20372,14,,,1,100,,20375,14,,,1,100,,20383,14,,,1,100,,20381,14,,,1,70,,20373,14,,,1,30,,20386,14,,,1,70,,20385,14,,,1,30,,20380,14,,,1,70,,20379,14,,,1,30,,20384,14,,,1
10300,'5',639,,20400,14,,,1,100,,20403,14,,,1,70,,20395,14,,,1,30,,20397,14,,,1,70,,20405,14,,,1,30,,20407,14,,,1,70,,20409,14,,,1,30,,20394,14,,,1,100,,20404,14,,,1,100,,20401,14,,,1,100,,20396,14,,,1,100,,20398,14,,,1,100,,20406,14,,,1,70,,20399,14,,,1,30,,20393,14,,,1,70,,20402,14,,,1,30,,20392,14,,,1,70,,20408,14,,,1,30,,20391,14,,,1
10300,'7',639,,20423,14,,,1,100,,20419,14,,,1,70,,20417,14,,,1,30,,20428,14,,,1,70,,20427,14,,,1,30,,20421,14,,,1,70,,20422,14,,,1,30,,20413,14,,,1,100,,20411,14,,,1,100,,20414,14,,,1,100,,20426,14,,,1,100,,20412,14,,,1,100,,20420,14,,,1,70,,20415,14,,,1,30,,20424,14,,,1,70,,20425,14,,,1,30,,20418,14,,,1,70,,20410,14,,,1,30,,20416,14,,,1
10300,'8',639,,20442,14,,,1,100,,20439,14,,,1,70,,20432,14,,,1,30,,20444,14,,,1,70,,20433,14,,,1,30,,20435,14,,,1,70,,20441,14,,,1,30,,20434,14,,,1,100,,20429,14,,,1,100,,20436,14,,,1,100,,20447,14,,,1,100,,20438,14,,,1,100,,20445,14,,,1,70,,20437,14,,,1,30,,20443,14,,,1,70,,20446,14,,,1,30,,20430,14,,,1,70,,20431,14,,,1,30,,20440,14,,,1
10300,'9',639,,20448,14,,,1,100,,20458,14,,,1,70,,20457,14,,,1,30,,20464,14,,,1,70,,20452,14,,,1,30,,20462,14,,,1,70,,20453,14,,,1,30,,20461,14,,,1,100,,20460,14,,,1,100,,20449,14,,,1,100,,20450,14,,,1,100,,20459,14,,,1,100,,20465,14,,,1,70,,20463,14,,,1,30,,20454,14,,,1,70,,20455,14,,,1,30,,20451,14,,,1,70,,20466,14,,,1,30,,20456,14,,,1
20300,'1',1911,,26519,22,,,1,30,,26514,22,,,1,70,,26516,22,,,1,30,,19313,22,,,1,70,,26513,22,,,1,30,,26517,22,,,1,70,,26515,22,,,1,30,,26512,22,,,1,70,,26518,22,,,1
20300,'10',741,,26525,22,,,1,70,,26536,22,,,1,30,,26521,22,,,1,70,,26546,22,,,1,30,,26545,22,,,1,70,,26529,22,,,1,30,,26544,22,,,1,70,,26526,22,,,1,30,,26530,22,,,1,70,,26531,22,,,1,30,,26528,22,,,1,70,,26537,22,,,1,30,,26523,22,,,1,70,,26527,22,,,1,30,,26520,22,,,1,70,,26542,22,,,1,30,,26524,22,,,1,70,,26533,22,,,1,30,,26540,22,,,1,70,,26522,22,,,1,30,,26538,22,,,1,70,,26532,22,,,1,30,,26543,22,,,1,70,,26534,22,,,1,30,,26535,22,,,1,70,,26541,22,,,1,30,,26539,22,,,1
20300,'11',741,,26571,22,,,1,70,,26558,22,,,1,30,,26572,22,,,1,70,,26553,22,,,1,30,,26573,22,,,1,70,,26547,22,,,1,30,,26561,22,,,1,70,,26560,22,,,1,30,,26569,22,,,1,70,,26549,22,,,1,30,,26566,22,,,1,70,,26554,22,,,1,30,,26550,22,,,1,70,,26551,22,,,1,30,,26556,22,,,1,70,,26548,22,,,1,30,,26564,22,,,1,70,,26563,22,,,1,30,,26559,22,,,1,70,,26555,22,,,1,30,,26562,22,,,1,70,,26552,22,,,1,30,,26557,22,,,1,70,,26567,22,,,1,30,,26565,22,,,1,70,,26570,22,,,1,30,,26568,22,,,1
20300,'2',1911,,26581,22,,,1,30,,26575,22,,,1,70,,26580,22,,,1,30,,26578,22,,,1,70,,26582,22,,,1,30,,26579,22,,,1,70,,26576,22,,,1,30,,26574,22,,,1,70,,26577,22,,,1
20300,'3',1911,,26585,22,,,1,30,,26589,22,,,1,70,,26586,22,,,1,30,,26590,22,,,1,70,,26583,22,,,1,30,,26591,22,,,1,70,,26584,22,,,1,30,,26587,22,,,1,70,,26588,22,,,1
20300,'4',1911,,26598,22,,,1,30,,26592,22,,,1,70,,26594,22,,,1,30,,26595,22,,,1,70,,26599,22,,,1,30,,26597,22,,,1,70,,26600,22,,,1,30,,26596,22,,,1,70,,26593,22,,,1
20300,'5',1911,,26607,22,,,1,30,,26601,22,,,1,70,,26606,22,,,1,30,,26604,22,,,1,70,,26609,22,,,1,30,,26605,22,,,1,70,,26602,22,,,1,30,,26603,22,,,1,70,,26608,22,,,1
20300,'6',741,,26622,22,,,1,70,,26636,22,,,1,30,,26628,22,,,1,70,,26621,22,,,1,30,,26616,22,,,1,70,,26618,22,,,1,30,,26619,22,,,1,70,,26624,22,,,1,30,,26611,22,,,1,70,,26625,22,,,1,30,,26617,22,,,1,70,,26633,22,,,1,30,,26614,22,,,1,70,,26610,22,,,1,30,,26630,22,,,1,70,,26612,22,,,1,30,,26634,22,,,1,70,,26623,22,,,1,30,,26627,22,,,1,70,,26615,22,,,1,30,,26631,22,,,1,70,,26635,22,,,1,30,,26620,22,,,1,70,,26626,22,,,1,30,,26632,22,,,1,70,,26629,22,,,1,30,,26613,22,,,1
20300,'7',1911,,26637,22,,,1,30,,26643,22,,,1,70,,26638,22,,,1,30,,26644,22,,,1,70,,26640,22,,,1,30,,26641,22,,,1,70,,26645,22,,,1,30,,26642,22,,,1,70,,26639,22,,,1
20300,'8',1911,,26650,22,,,1,30,,26652,22,,,1,70,,26649,22,,,1,30,,26654,22,,,1,70,,26646,22,,,1,30,,26648,22,,,1,70,,26651,22,,,1,30,,26647,22,,,1,70,,26653,22,,,1
20300,'9',1911,,26656,22,,,1,30,,26657,22,,,1,70,,26658,22,,,1,30,,26663,22,,,1,70,,26661,22,,,1,30,,26655,22,,,1,70,,26659,22,,,1,30,,26662,22,,,1,70,,26660,22,,,1
