10600,'1',649,,21619,17,,,1,100,,21625,17,,,1,70,,21632,17,,,1,30,,21627,17,,,1,70,,21621,17,,,1,30,,21626,17,,,1,100,,21629,17,,,1,100,,21631,17,,,1,100,,21618,17,,,1,100,,16062,17,,,1,100,,21633,17,,,1,70,,21620,17,,,1,30,,21623,17,,,1,70,,21622,17,,,1,23,,21630,17,,,1,77,,21628,17,,,1,23,,21624,17,,,1
10600,'2',649,,21646,17,,,1,100,,21649,17,,,1,70,,17440,17,,,1,30,,21643,17,,,1,70,,21645,17,,,1,30,,21634,17,,,1,100,,21638,17,,,1,100,,21647,17,,,1,100,,21636,17,,,1,100,,21642,17,,,1,100,,21637,17,,,1,70,,21641,17,,,1,30,,21635,17,,,1,70,,21644,17,,,1,23,,21648,17,,,1,77,,21639,17,,,1,23,,21640,17,,,1
10600,'3',649,,21666,17,,,1,100,,21664,17,,,1,70,,21655,17,,,1,30,,21661,17,,,1,70,,21656,17,,,1,30,,21653,17,,,1,100,,21651,17,,,1,100,,21665,17,,,1,100,,21663,17,,,1,100,,21657,17,,,1,100,,21654,17,,,1,70,,21662,17,,,1,30,,21650,17,,,1,70,,21658,17,,,1,23,,21659,17,,,1,77,,21660,17,,,1,23,,21652,17,,,1
10600,'4',649,,21682,17,,,1,100,,21676,17,,,1,70,,21674,17,,,1,30,,21681,17,,,1,70,,21675,17,,,1,30,,21680,17,,,1,100,,21671,17,,,1,100,,21678,17,,,1,100,,21673,17,,,1,100,,21668,17,,,1,100,,21667,17,,,1,70,,21683,17,,,1,30,,21670,17,,,1,70,,21679,17,,,1,23,,21669,17,,,1,77,,21677,17,,,1,23,,21672,17,,,1
10600,'5',649,,21697,17,,,1,100,,21693,17,,,1,70,,21684,17,,,1,30,,21696,17,,,1,70,,21686,17,,,1,30,,21690,17,,,1,100,,21692,17,,,1,100,,21685,17,,,1,100,,21691,17,,,1,100,,21699,17,,,1,100,,21694,17,,,1,70,,21698,17,,,1,30,,21695,17,,,1,70,,21700,17,,,1,23,,21688,17,,,1,77,,21689,17,,,1,23,,21687,17,,,1
10600,'7',649,,21713,17,,,1,100,,21716,17,,,1,70,,21703,17,,,1,30,,21705,17,,,1,70,,21702,17,,,1,30,,21701,17,,,1,100,,21708,17,,,1,100,,21710,17,,,1,100,,21706,17,,,1,100,,21717,17,,,1,100,,21712,17,,,1,70,,21704,17,,,1,30,,21715,17,,,1,70,,21714,17,,,1,23,,21707,17,,,1,77,,21711,17,,,1,23,,21709,17,,,1
10600,'8',649,,21727,17,,,1,100,,21721,17,,,1,70,,21723,17,,,1,30,,21730,17,,,1,70,,21734,17,,,1,30,,21729,17,,,1,100,,21726,17,,,1,100,,21718,17,,,1,100,,21732,17,,,1,100,,21720,17,,,1,100,,21725,17,,,1,70,,21731,17,,,1,30,,21722,17,,,1,70,,21724,17,,,1,23,,21728,17,,,1,77,,21719,17,,,1,23,,21733,17,,,1
10600,'9',649,,21739,17,,,1,100,,21749,17,,,1,70,,21746,17,,,1,30,,21751,17,,,1,70,,21743,17,,,1,30,,21737,17,,,1,100,,21750,17,,,1,100,,21744,17,,,1,100,,21745,17,,,1,100,,21740,17,,,1,100,,21742,17,,,1,70,,21736,17,,,1,30,,21748,17,,,1,70,,21747,17,,,1,23,,21738,17,,,1,77,,21741,17,,,1,23,,21735,17,,,1
11200,'1',701,,24244,24,,,1,100,,24237,24,,,1,100,,24236,24,,,1,100,,24235,24,,,1,100,,24238,24,,,1,100,,24239,24,,,1,100,,24243,24,,,1,100,,24234,24,,,1,100,,24240,24,,,1,100,,24242,24,,,1,100,,24241,24,,,1
11200,'2',701,,24254,24,,,1,100,,24252,24,,,1,100,,24245,24,,,1,100,,24248,24,,,1,100,,24250,24,,,1,100,,24255,24,,,1,100,,24253,24,,,1,100,,24247,24,,,1,100,,24249,24,,,1,100,,24251,24,,,1,100,,24246,24,,,1
11200,'3',701,,24258,24,,,1,100,,24266,24,,,1,100,,24264,24,,,1,100,,24260,24,,,1,100,,24259,24,,,1,100,,24257,24,,,1,100,,24265,24,,,1,100,,24261,24,,,1,100,,24262,24,,,1,100,,24256,24,,,1,100,,24263,24,,,1
11200,'4',701,,24274,24,,,1,100,,24272,24,,,1,100,,24273,24,,,1,100,,24275,24,,,1,100,,24277,24,,,1,100,,24267,24,,,1,100,,24276,24,,,1,100,,24268,24,,,1,100,,24270,24,,,1,100,,24271,24,,,1,100,,24269,24,,,1
11200,'5',701,,24281,24,,,1,100,,24282,24,,,1,100,,24287,24,,,1,100,,24278,24,,,1,100,,24279,24,,,1,100,,24280,24,,,1,100,,24286,24,,,1,100,,24288,24,,,1,100,,24284,24,,,1,100,,24285,24,,,1,100,,24283,24,,,1
11200,'7',701,,24290,24,,,1,100,,24294,24,,,1,100,,24295,24,,,1,100,,24296,24,,,1,100,,24291,24,,,1,100,,24299,24,,,1,100,,24293,24,,,1,100,,24297,24,,,1,100,,24289,24,,,1,100,,24298,24,,,1,100,,24292,24,,,1
11200,'8',701,,24308,24,,,1,100,,24301,24,,,1,100,,24304,24,,,1,100,,24307,24,,,1,100,,24305,24,,,1,100,,24310,24,,,1,100,,24300,24,,,1,100,,24302,24,,,1,100,,24303,24,,,1,100,,24306,24,,,1,100,,24309,24,,,1
11200,'9',701,,24320,24,,,1,100,,24311,24,,,1,100,,24315,24,,,1,100,,24319,24,,,1,100,,24317,24,,,1,100,,24316,24,,,1,100,,24312,24,,,1,100,,24314,24,,,1,100,,24321,24,,,1,100,,24318,24,,,1,100,,24313,24,,,1
20600,'1',1825,,27467,22,,,1,30,,27459,22,,,1,70,,27463,22,,,1,30,,27464,22,,,1,70,,27458,22,,,1,30,,27460,22,,,1,70,,27466,22,,,1,30,,27462,22,,,1,70,,27465,22,,,1,30,,27461,22,,,1
20600,'10',748,,18923,22,,,1,70,,27477,22,,,1,30,,27486,22,,,1,70,,27470,22,,,1,30,,27482,22,,,1,70,,27488,22,,,1,30,,27491,22,,,1,70,,27492,22,,,1,30,,27474,22,,,1,70,,27473,22,,,1,30,,27484,22,,,1,70,,27479,22,,,1,30,,27472,22,,,1,70,,27468,22,,,1,30,,27480,22,,,1,70,,27489,22,,,1,30,,27485,22,,,1,70,,27476,22,,,1,30,,27475,22,,,1,70,,27481,22,,,1,30,,27478,22,,,1,70,,27487,22,,,1,30,,27471,22,,,1,71,,27483,22,,,1,30,,27490,22,,,1,70,,27469,22,,,1
20600,'11',748,,27493,22,,,1,70,,27515,22,,,1,30,,27512,22,,,1,70,,27506,22,,,1,30,,27495,22,,,1,70,,27504,22,,,1,30,,27507,22,,,1,70,,27518,22,,,1,30,,27496,22,,,1,70,,27498,22,,,1,30,,27508,22,,,1,70,,27509,22,,,1,30,,27502,22,,,1,70,,27511,22,,,1,30,,27510,22,,,1,70,,27497,22,,,1,30,,27494,22,,,1,70,,27513,22,,,1,30,,27500,22,,,1,70,,27516,22,,,1,30,,27503,22,,,1,70,,27514,22,,,1,30,,27505,22,,,1,71,,27501,22,,,1,30,,27499,22,,,1,70,,27517,22,,,1
20600,'2',1825,,27521,22,,,1,30,,27528,22,,,1,70,,27526,22,,,1,30,,27522,22,,,1,70,,27519,22,,,1,30,,27525,22,,,1,70,,27520,22,,,1,30,,27527,22,,,1,70,,27524,22,,,1,30,,27523,22,,,1
20600,'3',1825,,27532,22,,,1,30,,27530,22,,,1,70,,27533,22,,,1,30,,27535,22,,,1,70,,27531,22,,,1,30,,27537,22,,,1,70,,27536,22,,,1,30,,27529,22,,,1,70,,27534,22,,,1,30,,27538,22,,,1
20600,'4',1825,,27539,22,,,1,30,,27547,22,,,1,70,,27541,22,,,1,30,,27544,22,,,1,70,,27543,22,,,1,30,,27546,22,,,1,70,,27545,22,,,1,30,,27548,22,,,1,70,,27540,22,,,1,30,,27542,22,,,1
20600,'5',1825,,27550,22,,,1,30,,27555,22,,,1,70,,27558,22,,,1,30,,27549,22,,,1,70,,27551,22,,,1,30,,27556,22,,,1,70,,27554,22,,,1,30,,27552,22,,,1,70,,27557,22,,,1,30,,27553,22,,,1
20600,'6',748,,27575,22,,,1,70,,27571,22,,,1,30,,27579,22,,,1,70,,27584,22,,,1,30,,27562,22,,,1,70,,27578,22,,,1,30,,27566,22,,,1,70,,27570,22,,,1,30,,27563,22,,,1,70,,27559,22,,,1,30,,27582,22,,,1,70,,27560,22,,,1,30,,27567,22,,,1,70,,27577,22,,,1,30,,27561,22,,,1,70,,27583,22,,,1,30,,27574,22,,,1,70,,27573,22,,,1,30,,27564,22,,,1,70,,27581,22,,,1,30,,27572,22,,,1,70,,27565,22,,,1,30,,27569,22,,,1,71,,27568,22,,,1,30,,27580,22,,,1,70,,27576,22,,,1
20600,'7',1825,,27586,22,,,1,30,,27589,22,,,1,70,,27591,22,,,1,30,,27593,22,,,1,70,,27592,22,,,1,30,,27588,22,,,1,70,,27585,22,,,1,30,,27590,22,,,1,70,,27594,22,,,1,30,,27587,22,,,1
20600,'8',1825,,27601,22,,,1,30,,27596,22,,,1,70,,27600,22,,,1,30,,27595,22,,,1,70,,27604,22,,,1,30,,27598,22,,,1,70,,27603,22,,,1,30,,27599,22,,,1,70,,27602,22,,,1,30,,27597,22,,,1
20600,'9',1825,,27608,22,,,1,30,,27611,22,,,1,70,,27614,22,,,1,30,,27607,22,,,1,70,,27609,22,,,1,30,,27613,22,,,1,70,,27610,22,,,1,30,,27605,22,,,1,70,,27612,22,,,1,30,,27606,22,,,1
