10500,'1',603,,21036,13,,,1,100,,21031,13,,,1,30,,21040,13,,,1,70,,21023,13,,,1,30,,21041,13,,,1,70,,21042,13,,,1,30,,21032,13,,,1,70,,21035,13,,,1,100,,21047,13,,,1,100,,21054,13,,,1,100,,21046,13,,,1,100,,21020,13,,,1,100,,21045,13,,,1,30,,21051,13,,,1,70,,21034,13,,,1,30,,21053,13,,,1,70,,21033,13,,,1,30,,21022,13,,,1,70,,21048,13,,,1
10500,'2',603,,21091,13,,,1,100,,21080,13,,,1,30,,21079,13,,,1,70,,21060,13,,,1,30,,21076,13,,,1,70,,17837,13,,,1,30,,17669,13,,,1,70,,21071,13,,,1,100,,21087,13,,,1,100,,21061,13,,,1,100,,21077,13,,,1,100,,21066,13,,,1,100,,21073,13,,,1,30,,21082,13,,,1,70,,21089,13,,,1,30,,21081,13,,,1,70,,21067,13,,,1,30,,21065,13,,,1,70,,21090,13,,,1
10500,'3',603,,21104,13,,,1,100,,21125,13,,,1,30,,21118,13,,,1,70,,21107,13,,,1,30,,21117,13,,,1,70,,21098,13,,,1,30,,21102,13,,,1,70,,21116,13,,,1,100,,21105,13,,,1,100,,21099,13,,,1,100,,21124,13,,,1,100,,21108,13,,,1,100,,21127,13,,,1,30,,21115,13,,,1,70,,21130,13,,,1,30,,21121,13,,,1,70,,21103,13,,,1,30,,21106,13,,,1,70,,21128,13,,,1
10500,'4',603,,21154,13,,,1,100,,21135,13,,,1,30,,21162,13,,,1,70,,21150,13,,,1,30,,21155,13,,,1,70,,21134,13,,,1,30,,21137,13,,,1,70,,21165,13,,,1,100,,21145,13,,,1,100,,21152,13,,,1,100,,21159,13,,,1,100,,21158,13,,,1,100,,21168,13,,,1,30,,21139,13,,,1,70,,21131,13,,,1,30,,21160,13,,,1,70,,21157,13,,,1,30,,21153,13,,,1,70,,21143,13,,,1
10500,'5',603,,21198,13,,,1,100,,21196,13,,,1,30,,21180,13,,,1,70,,21190,13,,,1,30,,21187,13,,,1,70,,21184,13,,,1,30,,21194,13,,,1,70,,21205,13,,,1,100,,21171,13,,,1,100,,21172,13,,,1,100,,21200,13,,,1,100,,21174,13,,,1,100,,21173,13,,,1,30,,21176,13,,,1,70,,21204,13,,,1,30,,21178,13,,,1,70,,21201,13,,,1,30,,21193,13,,,1,70,,21185,13,,,1
10500,'7',603,,21244,13,,,1,100,,21237,13,,,1,30,,21235,13,,,1,70,,21209,13,,,1,30,,21225,13,,,1,70,,21210,13,,,1,30,,21207,13,,,1,70,,21234,13,,,1,100,,21213,13,,,1,100,,21227,13,,,1,100,,21222,13,,,1,100,,21236,13,,,1,100,,21243,13,,,1,30,,21208,13,,,1,70,,21229,13,,,1,30,,21211,13,,,1,70,,21220,13,,,1,30,,21223,13,,,1,70,,21218,13,,,1
10500,'8',603,,21250,13,,,1,100,,21255,13,,,1,30,,21279,13,,,1,70,,21268,13,,,1,30,,21261,13,,,1,70,,21262,13,,,1,30,,21267,13,,,1,70,,21260,13,,,1,100,,21247,13,,,1,100,,21257,13,,,1,100,,21282,13,,,1,100,,21252,13,,,1,100,,21253,13,,,1,30,,21272,13,,,1,70,,21256,13,,,1,30,,21278,13,,,1,70,,21249,13,,,1,30,,21254,13,,,1,70,,21275,13,,,1
10500,'9',603,,21307,13,,,1,100,,21311,13,,,1,30,,21291,13,,,1,70,,21292,13,,,1,30,,21319,13,,,1,70,,21304,13,,,1,30,,21301,13,,,1,70,,21295,13,,,1,100,,21312,13,,,1,100,,21315,13,,,1,100,,21303,13,,,1,100,,21310,13,,,1,100,,21309,13,,,1,30,,21317,13,,,1,70,,21293,13,,,1,30,,21294,13,,,1,70,,21299,13,,,1,30,,21314,13,,,1,70,,21300,13,,,1
20500,'1',1902,,27170,10,,,1,100,,27164,10,,,1,100,,27171,10,,,1,100,,27165,10,,,1
20500,'10',702,,27182,10,,,1,100,,27187,10,,,1,100,,19499,10,,,1,100,,27177,10,,,1,100,,27176,10,,,1,100,,27175,10,,,1,100,,27185,10,,,1,100,,27196,10,,,1,100,,27180,10,,,1,100,,27195,10,,,1,100,,27183,10,,,1,100,,27190,10,,,1,100,,27178,10,,,1,100,,27198,10,,,1
20500,'11',702,,27200,10,,,1,100,,27216,10,,,1,100,,27201,10,,,1,100,,27224,10,,,1,100,,27215,10,,,1,100,,27220,10,,,1,100,,27223,10,,,1,100,,27213,10,,,1,100,,27210,10,,,1,100,,27221,10,,,1,100,,27226,10,,,1,100,,27214,10,,,1,100,,27209,10,,,1,100,,27218,10,,,1
20500,'2',1902,,27230,10,,,1,100,,27227,10,,,1,100,,27234,10,,,1,100,,27233,10,,,1
20500,'3',1902,,27237,10,,,1,100,,27235,10,,,1,100,,27240,10,,,1,100,,27241,10,,,1
20500,'4',1902,,27243,10,,,1,100,,27246,10,,,1,100,,27247,10,,,1,100,,27248,10,,,1
20500,'5',1902,,27256,10,,,1,100,,27253,10,,,1,100,,27251,10,,,1,100,,27254,10,,,1
20500,'6',702,,27284,10,,,1,100,,27277,10,,,1,100,,27286,10,,,1,100,,27283,10,,,1,100,,27281,10,,,1,100,,27279,10,,,1,100,,27261,10,,,1,100,,27268,10,,,1,100,,27272,10,,,1,100,,27275,10,,,1,100,,27280,10,,,1,100,,27263,10,,,1,100,,27285,10,,,1,100,,27262,10,,,1
20500,'7',1902,,27288,10,,,1,100,,27291,10,,,1,100,,27287,10,,,1,100,,27292,10,,,1
20500,'8',1902,,27299,10,,,1,100,,27297,10,,,1,100,,27302,10,,,1,100,,27298,10,,,1
20500,'9',1902,,27305,10,,,1,100,,27309,10,,,1,100,,27308,10,,,1,100,,27307,10,,,1
