10301,'1',619,,20467,20,,,1,100,,20476,20,,,1,30,,20474,20,,,1,70,,20481,20,,,1,30,,20479,20,,,1,70,,20483,20,,,1,30,,20471,20,,,1,70,,20478,20,,,1,100,,20473,20,,,1,100,,20469,20,,,1,100,,20480,20,,,1,100,,20470,20,,,1,100,,20485,20,,,1,30,,17632,20,,,1,70,,20477,20,,,1,30,,20475,20,,,1,70,,20484,20,,,1,30,,20472,20,,,1,70,,20482,20,,,1,30,,20468,20,,,1
10301,'2',619,,20487,20,,,1,100,,20493,20,,,1,30,,20491,20,,,1,70,,20488,20,,,1,30,,20486,20,,,1,70,,20498,20,,,1,30,,20503,20,,,1,70,,20495,20,,,1,100,,20504,20,,,1,100,,20499,20,,,1,100,,20494,20,,,1,100,,20490,20,,,1,100,,20505,20,,,1,30,,20489,20,,,1,70,,20497,20,,,1,30,,20496,20,,,1,70,,20500,20,,,1,30,,20492,20,,,1,70,,20501,20,,,1,30,,20502,20,,,1
10301,'3',619,,20511,20,,,1,100,,20521,20,,,1,30,,20509,20,,,1,70,,20515,20,,,1,30,,20512,20,,,1,70,,20507,20,,,1,30,,20506,20,,,1,70,,20518,20,,,1,100,,20508,20,,,1,100,,20522,20,,,1,100,,20516,20,,,1,100,,20523,20,,,1,100,,20513,20,,,1,30,,20510,20,,,1,70,,20524,20,,,1,30,,20517,20,,,1,70,,20520,20,,,1,30,,20514,20,,,1,70,,20519,20,,,1,30,,20525,20,,,1
10301,'4',619,,20534,20,,,1,100,,20531,20,,,1,30,,20529,20,,,1,70,,20533,20,,,1,30,,20537,20,,,1,70,,20532,20,,,1,30,,20538,20,,,1,70,,20527,20,,,1,100,,20535,20,,,1,100,,20528,20,,,1,100,,20543,20,,,1,100,,20540,20,,,1,100,,20530,20,,,1,30,,20542,20,,,1,70,,20536,20,,,1,30,,20539,20,,,1,70,,20544,20,,,1,30,,20545,20,,,1,70,,20541,20,,,1,30,,20526,20,,,1
10301,'5',619,,20562,20,,,1,100,,20547,20,,,1,30,,20550,20,,,1,70,,20558,20,,,1,30,,20549,20,,,1,70,,20560,20,,,1,30,,20565,20,,,1,70,,20564,20,,,1,100,,20554,20,,,1,100,,20548,20,,,1,100,,20546,20,,,1,100,,20561,20,,,1,100,,20559,20,,,1,30,,20556,20,,,1,70,,20555,20,,,1,30,,20551,20,,,1,70,,20563,20,,,1,30,,20557,20,,,1,70,,20553,20,,,1,30,,20552,20,,,1
10301,'7',619,,20583,20,,,1,100,,20579,20,,,1,30,,20568,20,,,1,70,,20570,20,,,1,30,,20574,20,,,1,70,,20580,20,,,1,30,,20566,20,,,1,70,,20576,20,,,1,100,,20585,20,,,1,100,,20573,20,,,1,100,,20571,20,,,1,100,,20575,20,,,1,100,,20578,20,,,1,30,,20567,20,,,1,70,,20577,20,,,1,30,,20584,20,,,1,70,,20582,20,,,1,30,,20581,20,,,1,70,,20569,20,,,1,30,,20572,20,,,1
10301,'8',619,,20594,20,,,1,100,,20588,20,,,1,30,,20596,20,,,1,70,,20602,20,,,1,30,,20598,20,,,1,70,,20600,20,,,1,30,,20592,20,,,1,70,,20593,20,,,1,100,,20595,20,,,1,100,,20591,20,,,1,100,,20586,20,,,1,100,,20590,20,,,1,100,,20605,20,,,1,30,,20597,20,,,1,70,,20603,20,,,1,30,,20601,20,,,1,70,,20604,20,,,1,30,,20599,20,,,1,70,,20587,20,,,1,30,,20589,20,,,1
10301,'9',619,,20611,20,,,1,100,,20607,20,,,1,30,,20610,20,,,1,70,,20612,20,,,1,30,,20614,20,,,1,70,,20625,20,,,1,30,,20618,20,,,1,70,,20623,20,,,1,100,,20609,20,,,1,100,,20622,20,,,1,100,,20621,20,,,1,100,,20615,20,,,1,100,,20613,20,,,1,30,,20620,20,,,1,70,,20617,20,,,1,30,,20619,20,,,1,70,,20608,20,,,1,30,,20616,20,,,1,70,,20624,20,,,1,30,,20606,20,,,1
20301,'1',1917,,26667,15,0,9 3 10,1,30,,26666,15,0,9 3 10,1,70,,26669,15,0,9 3 10,1,30,,26671,15,0,9 3 10,1,70,,26674,15,0,9 3 10,1,30,,26670,15,0,9 3 10,1,70,,26665,15,0,9 3 10,1,30,,26668,15,0,9 3 10,1,70,,26672,15,0,9 3 10,1,30,,26664,15,0,9 3 10,1
20301,'10',715,,26695,15,0,9 3 10,1,30,,26689,15,0,9 3 10,1,70,,26690,15,0,9 3 10,1,30,,26684,15,0,9 3 10,1,70,,26677,15,0,9 3 10,1,30,,26694,15,0,9 3 10,1,70,,26682,15,0,9 3 10,1,30,,26693,15,0,9 3 10,1,70,,26699,15,0,9 3 10,1,30,,26676,15,0,9 3 10,1,70,,26675,15,0,9 3 10,1,30,,26683,15,0,9 3 10,1,70,,26680,15,0,9 3 10,1,30,,26691,15,0,9 3 10,1,70,,26700,15,0,9 3 10,1,30,,26696,15,0,9 3 10,1,70,,26678,15,0,9 3 10,1,30,,26685,15,0,9 3 10,1,70,,26701,15,0,9 3 10,1,30,,26686,15,0,9 3 10,1,70,,26698,15,0,9 3 10,1,30,,26687,15,0,9 3 10,1,70,,26692,15,0,9 3 10,1,30,,26688,15,0,9 3 10,1,70,,26702,15,0,9 3 10,1,30,,26679,15,0,9 3 10,1,70,,26681,15,0,9 3 10,1,30,,26697,15,0,9 3 10,1
20301,'11',715,,26730,15,0,9 3 10,1,30,,26718,15,0,9 3 10,1,70,,26711,15,0,9 3 10,1,30,,26722,15,0,9 3 10,1,70,,26714,15,0,9 3 10,1,30,,26725,15,0,9 3 10,1,70,,26706,15,0,9 3 10,1,30,,26709,15,0,9 3 10,1,70,,26705,15,0,9 3 10,1,30,,26726,15,0,9 3 10,1,70,,26719,15,0,9 3 10,1,30,,26703,15,0,9 3 10,1,70,,26704,15,0,9 3 10,1,30,,26729,15,0,9 3 10,1,70,,26717,15,0,9 3 10,1,30,,26710,15,0,9 3 10,1,70,,26708,15,0,9 3 10,1,30,,26724,15,0,9 3 10,1,70,,26715,15,0,9 3 10,1,30,,26721,15,0,9 3 10,1,70,,26728,15,0,9 3 10,1,30,,26707,15,0,9 3 10,1,70,,26723,15,0,9 3 10,1,30,,26720,15,0,9 3 10,1,70,,26716,15,0,9 3 10,1,30,,26727,15,0,9 3 10,1,70,,26713,15,0,9 3 10,1,30,,26712,15,0,9 3 10,1
20301,'2',1917,,26740,15,0,9 3 10,1,30,,26735,15,0,9 3 10,1,70,,26732,15,0,9 3 10,1,30,,26734,15,0,9 3 10,1,70,,26739,15,0,9 3 10,1,30,,26731,15,0,9 3 10,1,70,,26741,15,0,9 3 10,1,30,,26733,15,0,9 3 10,1,70,,26738,15,0,9 3 10,1,30,,26737,15,0,9 3 10,1
20301,'3',1917,,26752,15,0,9 3 10,1,30,,26748,15,0,9 3 10,1,70,,26750,15,0,9 3 10,1,30,,26745,15,0,9 3 10,1,70,,26746,15,0,9 3 10,1,30,,26749,15,0,9 3 10,1,70,,26744,15,0,9 3 10,1,30,,26743,15,0,9 3 10,1,70,,26751,15,0,9 3 10,1,30,,26742,15,0,9 3 10,1
20301,'4',1917,,26753,15,0,9 3 10,1,30,,26762,15,0,9 3 10,1,70,,26759,15,0,9 3 10,1,30,,26760,15,0,9 3 10,1,70,,26761,15,0,9 3 10,1,30,,26754,15,0,9 3 10,1,70,,26757,15,0,9 3 10,1,30,,26763,15,0,9 3 10,1,70,,26756,15,0,9 3 10,1,30,,26758,15,0,9 3 10,1
20301,'5',1917,,26770,15,0,9 3 10,1,30,,26766,15,0,9 3 10,1,70,,26772,15,0,9 3 10,1,30,,26773,15,0,9 3 10,1,70,,26765,15,0,9 3 10,1,30,,26767,15,0,9 3 10,1,70,,26774,15,0,9 3 10,1,30,,26771,15,0,9 3 10,1,70,,26769,15,0,9 3 10,1,30,,26768,15,0,9 3 10,1
20301,'6',715,,26786,15,0,9 3 10,1,30,,26798,15,0,9 3 10,1,70,,26794,15,0,9 3 10,1,30,,26801,15,0,9 3 10,1,70,,26785,15,0,9 3 10,1,30,,26782,15,0,9 3 10,1,70,,26797,15,0,9 3 10,1,30,,26775,15,0,9 3 10,1,70,,26781,15,0,9 3 10,1,30,,26788,15,0,9 3 10,1,70,,26796,15,0,9 3 10,1,30,,26790,15,0,9 3 10,1,70,,26778,15,0,9 3 10,1,30,,26799,15,0,9 3 10,1,70,,26791,15,0,9 3 10,1,30,,26776,15,0,9 3 10,1,70,,26783,15,0,9 3 10,1,30,,26777,15,0,9 3 10,1,70,,26793,15,0,9 3 10,1,30,,26802,15,0,9 3 10,1,70,,26784,15,0,9 3 10,1,30,,26787,15,0,9 3 10,1,70,,26779,15,0,9 3 10,1,30,,26800,15,0,9 3 10,1,70,,26780,15,0,9 3 10,1,30,,26792,15,0,9 3 10,1,70,,26795,15,0,9 3 10,1,30,,26789,15,0,9 3 10,1
20301,'7',1917,,26808,15,0,9 3 10,1,30,,26809,15,0,9 3 10,1,70,,26803,15,0,9 3 10,1,30,,26810,15,0,9 3 10,1,70,,26805,15,0,9 3 10,1,30,,26804,15,0,9 3 10,1,70,,26811,15,0,9 3 10,1,30,,26806,15,0,9 3 10,1,70,,26812,15,0,9 3 10,1,30,,26807,15,0,9 3 10,1
20301,'8',1917,,26816,15,0,9 3 10,1,30,,26821,15,0,9 3 10,1,70,,26815,15,0,9 3 10,1,30,,26817,15,0,9 3 10,1,70,,26820,15,0,9 3 10,1,30,,26824,15,0,9 3 10,1,70,,26823,15,0,9 3 10,1,30,,26819,15,0,9 3 10,1,70,,26814,15,0,9 3 10,1,30,,26818,15,0,9 3 10,1
20301,'9',1917,,26825,15,0,9 3 10,1,30,,26828,15,0,9 3 10,1,70,,26834,15,0,9 3 10,1,30,,26831,15,0,9 3 10,1,70,,26832,15,0,9 3 10,1,30,,26835,15,0,9 3 10,1,70,,26830,15,0,9 3 10,1,30,,26829,15,0,9 3 10,1,70,,26827,15,0,9 3 10,1,30,,26833,15,0,9 3 10,1
