10501,'1',629,,21326,9,,,1,100,,21351,9,,,1,30,,21333,9,,,1,70,,21342,9,,,1,30,,21345,9,,,1,70,,21340,9,,,1,30,,21324,9,,,1,70,,21349,9,,,1,100,,21335,9,,,1,100,,21352,9,,,1,100,,21338,9,,,1,100,,21323,9,,,1,100,,21327,9,,,1,30,,21329,9,,,1,70,,21353,9,,,1,30,,21322,9,,,1,70,,21336,9,,,1,30,,21344,9,,,1,70,,21321,9,,,1
10501,'2',629,,21376,9,,,1,100,,21379,9,,,1,30,,21387,9,,,1,70,,21369,9,,,1,30,,21378,9,,,1,70,,21377,9,,,1,30,,21372,9,,,1,70,,21386,9,,,1,100,,21383,9,,,1,100,,21357,9,,,1,100,,21382,9,,,1,100,,21374,9,,,1,100,,18132,9,,,1,30,,21373,9,,,1,70,,21367,9,,,1,30,,21368,9,,,1,70,,21359,9,,,1,30,,17299,9,,,1,70,,21389,9,,,1
10501,'3',629,,21427,9,,,1,100,,21408,9,,,1,30,,21407,9,,,1,70,,21392,9,,,1,30,,21406,9,,,1,70,,21393,9,,,1,30,,21414,9,,,1,70,,21424,9,,,1,100,,21409,9,,,1,100,,21397,9,,,1,100,,21423,9,,,1,100,,21403,9,,,1,100,,21401,9,,,1,30,,21398,9,,,1,70,,21396,9,,,1,30,,21425,9,,,1,70,,21390,9,,,1,30,,21400,9,,,1,70,,21417,9,,,1
10501,'4',629,,21446,9,,,1,100,,21465,9,,,1,30,,21459,9,,,1,70,,21444,9,,,1,30,,21432,9,,,1,70,,21464,9,,,1,30,,21452,9,,,1,70,,21463,9,,,1,100,,21450,9,,,1,100,,21435,9,,,1,100,,21454,9,,,1,100,,21461,9,,,1,100,,21458,9,,,1,30,,21436,9,,,1,70,,21430,9,,,1,30,,21456,9,,,1,70,,21460,9,,,1,30,,21453,9,,,1,70,,21455,9,,,1
10501,'5',629,,21498,9,,,1,100,,21493,9,,,1,30,,21499,9,,,1,70,,21469,9,,,1,30,,21476,9,,,1,70,,21473,9,,,1,30,,21478,9,,,1,70,,21501,9,,,1,100,,21490,9,,,1,100,,21486,9,,,1,100,,21470,9,,,1,100,,21475,9,,,1,100,,21481,9,,,1,30,,21492,9,,,1,70,,21484,9,,,1,30,,21485,9,,,1,70,,21489,9,,,1,30,,21471,9,,,1,70,,21477,9,,,1
10501,'7',629,,21536,9,,,1,100,,21512,9,,,1,30,,21506,9,,,1,70,,21504,9,,,1,30,,21529,9,,,1,70,,21526,9,,,1,30,,21532,9,,,1,70,,21527,9,,,1,100,,21509,9,,,1,100,,21505,9,,,1,100,,21537,9,,,1,100,,21534,9,,,1,100,,21517,9,,,1,30,,21514,9,,,1,70,,21513,9,,,1,30,,21519,9,,,1,70,,21530,9,,,1,30,,21528,9,,,1,70,,21515,9,,,1
10501,'8',629,,21561,9,,,1,100,,21559,9,,,1,30,,21552,9,,,1,70,,21560,9,,,1,30,,21544,9,,,1,70,,21562,9,,,1,30,,21556,9,,,1,70,,21542,9,,,1,100,,21555,9,,,1,100,,21557,9,,,1,100,,21551,9,,,1,100,,21549,9,,,1,100,,21547,9,,,1,30,,21576,9,,,1,70,,21566,9,,,1,30,,21550,9,,,1,70,,21546,9,,,1,30,,21563,9,,,1,70,,21575,9,,,1
10501,'9',629,,21596,9,,,1,100,,21591,9,,,1,30,,21586,9,,,1,70,,21614,9,,,1,30,,21610,9,,,1,70,,21611,9,,,1,30,,21615,9,,,1,70,,21597,9,,,1,100,,21617,9,,,1,100,,21600,9,,,1,100,,21606,9,,,1,100,,21594,9,,,1,100,,21581,9,,,1,30,,21592,9,,,1,70,,21607,9,,,1,30,,21603,9,,,1,70,,21601,9,,,1,30,,21590,9,,,1,70,,21598,9,,,1
20501,'1',1928,,18082,9,,,1,100,,27311,9,,,1,100,,27314,9,,,1,100,,27316,9,,,1
20501,'10',728,,27340,9,,,1,100,,27344,9,,,1,100,,27327,9,,,1,100,,27335,9,,,1,100,,27339,9,,,1,100,,27320,9,,,1,100,,27326,9,,,1,100,,27338,9,,,1,100,,27324,9,,,1,100,,27325,9,,,1,100,,27322,9,,,1,100,,27334,9,,,1,100,,27333,9,,,1,100,,27341,9,,,1
20501,'11',728,,27354,9,,,1,100,,27350,9,,,1,100,,27362,9,,,1,100,,27347,9,,,1,100,,27355,9,,,1,100,,27359,9,,,1,100,,27372,9,,,1,100,,27364,9,,,1,100,,27357,9,,,1,100,,27371,9,,,1,100,,27373,9,,,1,100,,27353,9,,,1,100,,27369,9,,,1,100,,27356,9,,,1
20501,'2',1928,,27378,9,,,1,100,,27376,9,,,1,100,,27379,9,,,1,100,,27377,9,,,1
20501,'3',1928,,27389,9,,,1,100,,27383,9,,,1,100,,27387,9,,,1,100,,27382,9,,,1
20501,'4',1928,,27393,9,,,1,100,,27395,9,,,1,100,,27392,9,,,1,100,,27394,9,,,1
20501,'5',1928,,27405,9,,,1,100,,27401,9,,,1,100,,27402,9,,,1,100,,27399,9,,,1
20501,'6',728,,27408,9,,,1,100,,27432,9,,,1,100,,27424,9,,,1,100,,27433,9,,,1,100,,27417,9,,,1,100,,27412,9,,,1,100,,27420,9,,,1,100,,27410,9,,,1,100,,27430,9,,,1,100,,27411,9,,,1,100,,27429,9,,,1,100,,27406,9,,,1,100,,27409,9,,,1,100,,27426,9,,,1
20501,'7',1928,,27438,9,,,1,100,,27439,9,,,1,100,,27441,9,,,1,100,,27437,9,,,1
20501,'8',1928,,27445,9,,,1,100,,27449,9,,,1,100,,27443,9,,,1,100,,27447,9,,,1
20501,'9',1928,,27457,9,,,1,100,,27452,9,,,1,100,,27450,9,,,1,100,,27453,9,,,1
