11300,'1',622,,24507,6,,,1,100,,24518,6,,,1,100,,24513,6,,,1,100,,24510,6,,,1,100,,24522,6,,,1,100,,19261,6,,,1,100,,24521,6,,,1,100,,24506,6,,,1,100,,24525,6,,,1,100,,24532,6,,,1,100,,24523,6,,,1,100,,24528,6,,,1,100,,24527,6,,,1
11300,'2',622,,24538,6,,,1,100,,24542,6,,,1,100,,24556,6,,,1,100,,24552,6,,,1,100,,24548,6,,,1,100,,24534,6,,,1,100,,24546,6,,,1,100,,24533,6,,,1,100,,24563,6,,,1,100,,24570,6,,,1,100,,24541,6,,,1,100,,24566,6,,,1,100,,24557,6,,,1
11300,'3',622,,24609,6,,,1,100,,24582,6,,,1,100,,24573,6,,,1,100,,24586,6,,,1,100,,24575,6,,,1,100,,24606,6,,,1,100,,24580,6,,,1,100,,24594,6,,,1,100,,24592,6,,,1,100,,24591,6,,,1,100,,24576,6,,,1,100,,24598,6,,,1,100,,24574,6,,,1
11300,'4',622,,24637,6,,,1,100,,24647,6,,,1,100,,24642,6,,,1,100,,24634,6,,,1,100,,24619,6,,,1,100,,24628,6,,,1,100,,24630,6,,,1,100,,24618,6,,,1,100,,24617,6,,,1,100,,24629,6,,,1,100,,24633,6,,,1,100,,24632,6,,,1,100,,24643,6,,,1
11300,'5',622,,24671,6,,,1,100,,24668,6,,,1,100,,24653,6,,,1,100,,24652,6,,,1,100,,24674,6,,,1,100,,24667,6,,,1,100,,24686,6,,,1,100,,24658,6,,,1,100,,24650,6,,,1,100,,24682,6,,,1,100,,24679,6,,,1,100,,24675,6,,,1,100,,24677,6,,,1
11300,'7',622,,24711,6,,,1,100,,24719,6,,,1,100,,24724,6,,,1,100,,24700,6,,,1,100,,24716,6,,,1,100,,24718,6,,,1,100,,24726,6,,,1,100,,24720,6,,,1,100,,24709,6,,,1,100,,24703,6,,,1,100,,24696,6,,,1,100,,24704,6,,,1,100,,24722,6,,,1
11300,'8',622,,24759,6,,,1,100,,24727,6,,,1,100,,24758,6,,,1,100,,24755,6,,,1,100,,24764,6,,,1,100,,24730,6,,,1,100,,24751,6,,,1,100,,24754,6,,,1,100,,24752,6,,,1,100,,24765,6,,,1,100,,24729,6,,,1,100,,24756,6,,,1,100,,24744,6,,,1
11300,'9',622,,24778,6,,,1,100,,24797,6,,,1,100,,24795,6,,,1,100,,24766,6,,,1,100,,24772,6,,,1,100,,24801,6,,,1,100,,24803,6,,,1,100,,24773,6,,,1,100,,24770,6,,,1,100,,24787,6,,,1,100,,24798,6,,,1,100,,24768,6,,,1,100,,24780,6,,,1
21300,'1',1922,,28956,6,,,1,100,,28955,6,,,1,100,,28957,6,,,1,100,,28954,6,,,1
21300,'10',722,,28959,6,,,1,100,,28970,6,,,1,100,,28966,6,,,1,100,,28964,6,,,1,100,,28962,6,,,1,100,,28961,6,,,1,100,,28969,6,,,1,100,,28960,6,,,1,100,,28965,6,,,1,100,,28958,6,,,1,100,,28963,6,,,1,100,,28968,6,,,1,100,,28967,6,,,1
21300,'11',722,,28980,6,,,1,100,,28978,6,,,1,100,,28974,6,,,1,100,,28983,6,,,1,100,,28982,6,,,1,100,,28972,6,,,1,100,,28981,6,,,1,100,,28973,6,,,1,100,,28979,6,,,1,100,,28977,6,,,1,100,,28971,6,,,1,100,,28976,6,,,1,100,,28975,6,,,1
21300,'2',1922,,28985,6,,,1,100,,28987,6,,,1,100,,28986,6,,,1,100,,28984,6,,,1
21300,'3',1922,,28989,6,,,1,100,,28988,6,,,1,100,,28990,6,,,1,100,,28991,6,,,1
21300,'4',1922,,28992,6,,,1,100,,28993,6,,,1,100,,28994,6,,,1,100,,28995,6,,,1
21300,'5',1922,,28998,6,,,1,100,,28996,6,,,1,100,,28999,6,,,1,100,,28997,6,,,1
21300,'6',722,,29009,6,,,1,100,,29010,6,,,1,100,,29003,6,,,1,100,,29002,6,,,1,100,,29000,6,,,1,100,,29005,6,,,1,100,,29001,6,,,1,100,,29008,6,,,1,100,,29006,6,,,1,100,,29011,6,,,1,100,,29004,6,,,1,100,,29007,6,,,1,100,,29012,6,,,1
21300,'7',1922,,29015,6,,,1,100,,29016,6,,,1,100,,29014,6,,,1,100,,29013,6,,,1
21300,'8',1922,,29018,6,,,1,100,,29020,6,,,1,100,,29019,6,,,1,100,,29017,6,,,1
21300,'9',1922,,29023,6,,,1,100,,29021,6,,,1,100,,29024,6,,,1,100,,29022,6,,,1
