11600,'1',642,,25805,8,,,1,70,,25771,8,,,1,30,,19042,8,,,1,70,,17594,8,,,1,30,,25808,8,,,1,70,,25777,8,,,1,30,,25807,8,,,1,70,,25810,8,,,1,30,,25774,8,,,1,70,,25811,8,,,1,30,,25781,8,,,1,70,,25789,8,,,1,30,,25798,8,,,1,70,,25799,8,,,1,30,,25790,8,,,1,70,,25804,8,,,1,30,,25792,8,,,1,70,,25784,8,,,1,30,,25802,8,,,1,70,,25785,8,,,1,30,,25768,8,,,1,70,,25783,8,,,1,30,,25797,8,,,1
11600,'2',642,,25816,8,,,1,70,,14960,8,,,1,30,,25837,8,,,1,70,,25826,8,,,1,30,,25813,8,,,1,70,,25845,8,,,1,30,,25828,8,,,1,70,,25815,8,,,1,30,,25819,8,,,1,70,,25834,8,,,1,30,,25843,8,,,1,70,,25847,8,,,1,30,,25856,8,,,1,70,,25853,8,,,1,30,,25824,8,,,1,70,,25836,8,,,1,30,,25820,8,,,1,70,,25833,8,,,1,30,,25812,8,,,1,70,,25855,8,,,1,30,,25839,8,,,1,70,,25838,8,,,1,30,,25818,8,,,1
11600,'3',642,,25888,8,,,1,70,,25885,8,,,1,30,,25902,8,,,1,70,,25893,8,,,1,30,,25864,8,,,1,70,,25899,8,,,1,30,,25897,8,,,1,70,,25900,8,,,1,30,,25887,8,,,1,70,,25859,8,,,1,30,,25866,8,,,1,70,,25884,8,,,1,30,,25865,8,,,1,70,,25901,8,,,1,30,,25868,8,,,1,70,,25860,8,,,1,30,,25898,8,,,1,70,,25870,8,,,1,30,,25873,8,,,1,70,,25890,8,,,1,30,,25889,8,,,1,70,,25879,8,,,1,30,,25874,8,,,1
11600,'4',642,,25919,8,,,1,70,,25909,8,,,1,30,,25904,8,,,1,70,,25929,8,,,1,30,,25922,8,,,1,70,,25938,8,,,1,30,,25946,8,,,1,70,,25944,8,,,1,30,,25925,8,,,1,70,,25923,8,,,1,30,,25932,8,,,1,70,,25910,8,,,1,30,,25905,8,,,1,70,,25927,8,,,1,30,,25933,8,,,1,70,,25941,8,,,1,30,,25937,8,,,1,70,,25918,8,,,1,30,,25908,8,,,1,70,,25930,8,,,1,30,,25934,8,,,1,70,,25921,8,,,1,30,,25942,8,,,1
11600,'5',642,,25988,8,,,1,70,,25950,8,,,1,30,,25969,8,,,1,70,,25989,8,,,1,30,,25966,8,,,1,70,,25963,8,,,1,30,,25994,8,,,1,70,,25979,8,,,1,30,,25962,8,,,1,70,,25972,8,,,1,30,,25975,8,,,1,70,,25971,8,,,1,30,,25952,8,,,1,70,,25991,8,,,1,30,,25974,8,,,1,70,,25978,8,,,1,30,,25986,8,,,1,70,,25980,8,,,1,30,,25985,8,,,1,70,,25951,8,,,1,30,,25953,8,,,1,70,,25965,8,,,1,30,,25970,8,,,1
11600,'7',642,,26021,8,,,1,70,,26032,8,,,1,30,,26010,8,,,1,70,,26036,8,,,1,30,,26033,8,,,1,70,,26013,8,,,1,30,,26001,8,,,1,70,,26026,8,,,1,30,,26025,8,,,1,70,,26018,8,,,1,30,,26020,8,,,1,70,,26028,8,,,1,30,,26037,8,,,1,70,,26007,8,,,1,30,,26004,8,,,1,70,,26034,8,,,1,30,,26029,8,,,1,70,,26040,8,,,1,30,,26030,8,,,1,70,,25997,8,,,1,30,,26012,8,,,1,70,,26002,8,,,1,30,,26003,8,,,1
11600,'8',642,,26048,8,,,1,70,,26079,8,,,1,30,,26069,8,,,1,70,,26065,8,,,1,30,,26041,8,,,1,70,,26083,8,,,1,30,,26078,8,,,1,70,,26059,8,,,1,30,,26046,8,,,1,70,,26053,8,,,1,30,,26067,8,,,1,70,,26077,8,,,1,30,,26074,8,,,1,70,,26058,8,,,1,30,,26072,8,,,1,70,,26042,8,,,1,30,,26084,8,,,1,70,,26080,8,,,1,30,,26070,8,,,1,70,,26061,8,,,1,30,,26075,8,,,1,70,,26068,8,,,1,30,,26082,8,,,1
11600,'9',642,,26114,8,,,1,70,,26094,8,,,1,30,,26123,8,,,1,70,,26128,8,,,1,30,,26113,8,,,1,70,,26101,8,,,1,30,,26118,8,,,1,70,,26087,8,,,1,30,,26099,8,,,1,70,,26089,8,,,1,30,,26109,8,,,1,70,,26126,8,,,1,30,,26117,8,,,1,70,,26110,8,,,1,30,,26105,8,,,1,70,,26092,8,,,1,30,,26124,8,,,1,70,,26132,8,,,1,30,,26121,8,,,1,70,,26096,8,,,1,30,,26088,8,,,1,70,,26098,8,,,1,30,,26115,8,,,1
21600,'1',1812,,29404,8,,,1,30,,29411,8,,,1,70,,29393,8,,,1,30,,29389,8,,,1,70,,29391,8,,,1,30,,29408,8,,,1,70,,29396,8,,,1,30,,29402,8,,,1,70,,29405,8,,,1,30,,29399,8,,,1,70,,29394,8,,,1,30,,29412,8,,,1
21600,'10',712,,29434,8,,,1,30,,29443,8,,,1,70,,29436,8,,,1,30,,29458,8,,,1,70,,29437,8,,,1,30,,29433,8,,,1,70,,29422,8,,,1,30,,29466,8,,,1,70,,29459,8,,,1,30,,29420,8,,,1,70,,29425,8,,,1,30,,29456,8,,,1,70,,29431,8,,,1,30,,29435,8,,,1,70,,29464,8,,,1,30,,29439,8,,,1,70,,19714,8,,,1,30,,29461,8,,,1,70,,29418,8,,,1,30,,29428,8,,,1,70,,29467,8,,,1,30,,29423,8,,,1,70,,29460,8,,,1,30,,29450,8,,,1,70,,29457,8,,,1,30,,29413,8,,,1,70,,29414,8,,,1,30,,29426,8,,,1,70,,29448,8,,,1
21600,'11',712,,29472,8,,,1,30,,29475,8,,,1,70,,29514,8,,,1,30,,29520,8,,,1,70,,29471,8,,,1,30,,29519,8,,,1,70,,29483,8,,,1,30,,29479,8,,,1,70,,29477,8,,,1,30,,29524,8,,,1,70,,29523,8,,,1,30,,29487,8,,,1,70,,29488,8,,,1,30,,29499,8,,,1,70,,29521,8,,,1,30,,29512,8,,,1,70,,29503,8,,,1,30,,29492,8,,,1,70,,29525,8,,,1,30,,29500,8,,,1,70,,29484,8,,,1,30,,29478,8,,,1,70,,29506,8,,,1,30,,29505,8,,,1,70,,29507,8,,,1,30,,29494,8,,,1,70,,29482,8,,,1,30,,29497,8,,,1,70,,29509,8,,,1
21600,'2',1812,,29540,8,,,1,30,,29544,8,,,1,70,,29537,8,,,1,30,,29528,8,,,1,70,,29535,8,,,1,30,,29534,8,,,1,70,,29538,8,,,1,30,,29545,8,,,1,70,,29531,8,,,1,30,,29533,8,,,1,70,,29547,8,,,1,30,,29541,8,,,1
21600,'3',1812,,29562,8,,,1,30,,29551,8,,,1,70,,29558,8,,,1,30,,29550,8,,,1,70,,29549,8,,,1,30,,29552,8,,,1,70,,29571,8,,,1,30,,29555,8,,,1,70,,29554,8,,,1,30,,29569,8,,,1,70,,29570,8,,,1,30,,29559,8,,,1
21600,'4',1812,,29582,8,,,1,30,,29595,8,,,1,70,,29584,8,,,1,30,,29588,8,,,1,70,,29593,8,,,1,30,,29575,8,,,1,70,,29591,8,,,1,30,,29589,8,,,1,70,,29580,8,,,1,30,,29579,8,,,1,70,,29574,8,,,1,30,,29585,8,,,1
21600,'5',1812,,29601,8,,,1,30,,29604,8,,,1,70,,29606,8,,,1,30,,29619,8,,,1,70,,29603,8,,,1,30,,29600,8,,,1,70,,29612,8,,,1,30,,29609,8,,,1,70,,29614,8,,,1,30,,29598,8,,,1,70,,29608,8,,,1,30,,29618,8,,,1
21600,'6',712,,29671,8,,,1,30,,29667,8,,,1,70,,29653,8,,,1,30,,29664,8,,,1,70,,29638,8,,,1,30,,29639,8,,,1,70,,29673,8,,,1,30,,29658,8,,,1,70,,29629,8,,,1,30,,29676,8,,,1,70,,29632,8,,,1,30,,29637,8,,,1,70,,29654,8,,,1,30,,29670,8,,,1,70,,29636,8,,,1,30,,29622,8,,,1,70,,29623,8,,,1,30,,29661,8,,,1,70,,29621,8,,,1,30,,29652,8,,,1,70,,29647,8,,,1,30,,29657,8,,,1,70,,29642,8,,,1,30,,29668,8,,,1,70,,29665,8,,,1,30,,29627,8,,,1,70,,29659,8,,,1,30,,29672,8,,,1,70,,29646,8,,,1
21600,'7',1812,,29690,8,,,1,30,,29696,8,,,1,70,,29684,8,,,1,30,,29698,8,,,1,70,,29699,8,,,1,30,,29702,8,,,1,70,,29693,8,,,1,30,,29681,8,,,1,70,,29700,8,,,1,30,,29679,8,,,1,70,,29683,8,,,1,30,,29680,8,,,1
21600,'8',1812,,29713,8,,,1,30,,29706,8,,,1,70,,29725,8,,,1,30,,29722,8,,,1,70,,29724,8,,,1,30,,29711,8,,,1,70,,29703,8,,,1,30,,29716,8,,,1,70,,29704,8,,,1,30,,29714,8,,,1,70,,29720,8,,,1,30,,29710,8,,,1
21600,'9',1812,,29741,8,,,1,30,,29747,8,,,1,70,,29730,8,,,1,30,,29729,8,,,1,70,,29732,8,,,1,30,,29738,8,,,1,70,,29737,8,,,1,30,,29739,8,,,1,70,,29731,8,,,1,30,,29734,8,,,1,70,,29745,8,,,1,30,,29735,8,,,1
