10601,'1',601,,21756,11,,,1,100,,21766,11,,,1,30,,21752,11,,,1,70,,21767,11,,,1,30,,21760,11,,,1,70,,21758,11,,,1,30,,21754,11,4,,1,70,,21755,11,,,1,100,,21757,11,,,1,100,,21764,11,,,1,100,,18489,11,,,1,100,,21759,11,,,1,30,,21765,11,,,1,70,,21763,11,,,1,30,,21753,11,,,1,70,,21770,11,,,1,30,,21769,11,,,1,70,,21761,11,,,1,30,,21762,11,,,1,70,,21768,11,,,1
10601,'2',601,,21775,11,,,1,100,,21776,11,,,1,30,,21790,11,,,1,70,,21780,11,,,1,30,,21788,11,,,1,70,,21784,11,,,1,30,,21778,11,4,,1,70,,21782,11,,,1,100,,21787,11,,,1,100,,21786,11,,,1,100,,21771,11,,,1,100,,21779,11,,,1,30,,21773,11,,,1,70,,21772,11,,,1,30,,21785,11,,,1,70,,21777,11,,,1,30,,21781,11,,,1,70,,21783,11,,,1,30,,21789,11,,,1,70,,21774,11,,,1
10601,'3',601,,21802,11,,,1,100,,21803,11,,,1,30,,21799,11,,,1,70,,21797,11,,,1,30,,21795,11,,,1,70,,21798,11,,,1,30,,21804,11,4,,1,70,,21793,11,,,1,100,,21808,11,,,1,100,,21805,11,,,1,100,,21810,11,,,1,100,,21792,11,,,1,30,,21807,11,,,1,70,,21800,11,,,1,30,,21791,11,,,1,70,,21794,11,,,1,30,,21806,11,,,1,70,,21796,11,,,1,30,,21809,11,,,1,70,,21801,11,,,1
10601,'4',601,,21812,11,,,1,100,,21818,11,,,1,30,,21822,11,,,1,70,,21820,11,,,1,30,,21828,11,,,1,70,,21830,11,,,1,30,,21819,11,4,,1,70,,21815,11,,,1,100,,21821,11,,,1,100,,21814,11,,,1,100,,21816,11,,,1,100,,21826,11,,,1,30,,21825,11,,,1,70,,21823,11,,,1,30,,21813,11,,,1,70,,21829,11,,,1,30,,21824,11,,,1,70,,21811,11,,,1,30,,21817,11,,,1,70,,21827,11,,,1
10601,'5',601,,21840,11,,,1,100,,21834,11,,,1,30,,21835,11,,,1,70,,21833,11,,,1,30,,21838,11,,,1,70,,21843,11,,,1,30,,21849,11,4,,1,70,,21845,11,,,1,100,,21839,11,,,1,100,,21848,11,,,1,100,,21842,11,,,1,100,,21832,11,,,1,30,,21846,11,,,1,70,,21844,11,,,1,30,,21837,11,,,1,70,,21841,11,,,1,30,,21850,11,,,1,70,,21831,11,,,1,30,,21836,11,,,1,70,,21847,11,,,1
10601,'7',601,,21851,11,,,1,100,,21868,11,,,1,30,,21853,11,,,1,70,,21865,11,,,1,30,,21863,11,,,1,70,,21857,11,,,1,30,,21864,11,4,,1,70,,21867,11,,,1,100,,21861,11,,,1,100,,21866,11,,,1,100,,21860,11,,,1,100,,21856,11,,,1,30,,21854,11,,,1,70,,21859,11,,,1,30,,21862,11,,,1,70,,21855,11,,,1,30,,21870,11,,,1,70,,21858,11,,,1,30,,21869,11,,,1,70,,21852,11,,,1
10601,'8',601,,21882,11,,,1,100,,21875,11,,,1,30,,21888,11,,,1,70,,21877,11,,,1,30,,21879,11,,,1,70,,21881,11,,,1,30,,21890,11,4,,1,70,,21886,11,,,1,100,,21885,11,,,1,100,,21874,11,,,1,100,,21889,11,,,1,100,,21880,11,,,1,30,,21872,11,,,1,70,,21883,11,,,1,30,,21878,11,,,1,70,,21884,11,,,1,30,,21887,11,,,1,70,,21876,11,,,1,30,,21873,11,,,1,70,,21871,11,,,1
10601,'9',601,,21902,11,,,1,100,,21895,11,,,1,30,,21903,11,,,1,70,,21893,11,,,1,30,,21904,11,,,1,70,,21910,11,,,1,30,,21901,11,4,,1,70,,21900,11,,,1,100,,21897,11,,,1,100,,21898,11,,,1,100,,21909,11,,,1,100,,21896,11,,,1,30,,21899,11,,,1,70,,21907,11,,,1,30,,21908,11,,,1,70,,21905,11,,,1,30,,21894,11,,,1,70,,21891,11,,,1,30,,21892,11,,,1,70,,21906,11,,,1
11201,'1',715,,24332,13,4,,1,100,,24338,13,4,,1,100,,24328,13,4,,1,100,,24335,13,4,,1,100,,24329,13,4,,1,100,,24325,13,4,,1,100,,24326,13,4,,1,100,,24340,13,4,,1,100,,17429,13,4,,1,100,,24327,13,4,,1,100,,24342,13,4,,1
11201,'2',715,,24350,13,4,,1,100,,24361,13,4,,1,100,,24344,13,4,,1,100,,24349,13,4,,1,100,,24343,13,4,,1,100,,24357,13,4,,1,100,,24363,13,4,,1,100,,24362,13,4,,1,100,,24355,13,4,,1,100,,24358,13,4,,1,100,,24351,13,4,,1
11201,'3',715,,24376,13,4,,1,100,,24381,13,4,,1,100,,24379,13,4,,1,100,,24370,13,4,,1,100,,24369,13,4,,1,100,,24384,13,4,,1,100,,24373,13,4,,1,100,,24372,13,4,,1,100,,24377,13,4,,1,100,,24368,13,4,,1,100,,24375,13,4,,1
11201,'4',715,,24388,13,4,,1,100,,24400,13,4,,1,100,,24398,13,4,,1,100,,24389,13,4,,1,100,,24386,13,4,,1,100,,24397,13,4,,1,100,,24395,13,4,,1,100,,24399,13,4,,1,100,,24396,13,4,,1,100,,24390,13,4,,1,100,,24402,13,4,,1
11201,'5',715,,24416,13,4,,1,100,,24410,13,4,,1,100,,24409,13,4,,1,100,,24420,13,4,,1,100,,24411,13,4,,1,100,,24425,13,4,,1,100,,24424,13,4,,1,100,,24422,13,4,,1,100,,24414,13,4,,1,100,,24415,13,4,,1,100,,24421,13,4,,1
11201,'7',715,,24434,13,4,,1,100,,24436,13,4,,1,100,,24445,13,4,,1,100,,24433,13,4,,1,100,,24439,13,4,,1,100,,24443,13,4,,1,100,,24446,13,4,,1,100,,24444,13,4,,1,100,,24450,13,4,,1,100,,24437,13,4,,1,100,,24430,13,4,,1
11201,'8',715,,24455,13,4,,1,100,,24462,13,4,,1,100,,24453,13,4,,1,100,,24457,13,4,,1,100,,24458,13,4,,1,100,,24465,13,4,,1,100,,24464,13,4,,1,100,,24463,13,4,,1,100,,24471,13,4,,1,100,,24460,13,4,,1,100,,24470,13,4,,1
11201,'9',715,,24475,13,4,,1,100,,24489,13,4,,1,100,,24492,13,4,,1,100,,24483,13,4,,1,100,,24495,13,4,,1,100,,24493,13,4,,1,100,,24486,13,4,,1,100,,24476,13,4,,1,100,,24490,13,4,,1,100,,24491,13,4,,1,100,,24480,13,4,,1
20601,'1',1835,,27629,11,4,,1,1,,27627,1,,,1,69,,27630,11,4,,1,1,,27616,1,,,1,29,,27615,11,4,,1,1,,27620,1,,,1,69,,27624,11,4,,1,1,,27617,1,,,1,29,,27625,11,4,,1,1,,27619,1,,,1,69,,27633,11,4,,1,1,,27618,1,,,1,29,,27623,11,4,,1,1,,27632,1,,,1,69,,27626,11,4,,1,1,,27634,1,,,1,29,,27628,11,4,,1,1,,27621,1,,,1,69,,27631,11,4,,1,1,,27622,1,,,1
20601,'10',702,,27668,11,4,,1,1,,27674,1,,,1,29,,27673,11,4,,1,1,,16663,1,,,1,69,,27638,11,4,,1,1,,27664,1,,,1,29,,27680,11,4,,1,1,,27670,1,,,1,69,,27657,11,4,,1,1,,27659,1,,,1,29,,27635,11,4,,1,1,,27678,1,,,1,69,,27672,11,4,,1,1,,27666,1,,,1,29,,27642,11,4,,1,1,,27667,1,,,1,69,,27650,11,4,,1,1,,27683,1,,,1,29,,27653,11,4,,1,1,,27648,1,,,1,69,,27656,11,4,,1,1,,27655,1,,,1,29,,27675,11,4,,1,1,,27677,1,,,1,69,,27682,11,4,,1,1,,27662,1,,,1,29,,27647,11,4,,1,1,,27658,1,,,1,69,,27665,11,4,,1,1,,27669,1,,,1,29,,27688,11,4,,1,1,,27637,1,,,1,69,,27640,11,4,,1,1,,27685,1,,,1,29,,27684,11,4,,1,1,,27660,1,,,1,69,,27636,11,4,,1,1,,27649,1,,,1,29,,27644,11,4,,1,1,,27641,1,,,1,69,,27681,11,4,,1,1,,27686,1,,,1,29,,27671,11,4,,1,1,,27676,1,,,1,69,,19502,11,4,,1,1,,27645,1,,,1,29,,27679,11,4,,1,1,,27663,1,,,1,69,,27639,11,4,,1,3,,27643,1,,,1,27,,27646,11,4,,1,1,,27654,1,,,1,69,,27651,11,4,,1,1,,27687,1,,,1,29,,27661,11,4,,1,1,,27652,1,,,1
20601,'11',702,,27723,11,4,,1,1,,27696,1,,,1,29,,27699,11,4,,1,1,,27718,1,,,1,69,,27707,11,4,,1,1,,27710,1,,,1,29,,27727,11,4,,1,1,,27720,1,,,1,69,,27744,11,4,,1,1,,27716,1,,,1,29,,27736,11,4,,1,1,,27693,1,,,1,69,,27717,11,4,,1,1,,27730,1,,,1,29,,27742,11,4,,1,1,,27731,1,,,1,69,,27712,11,4,,1,1,,27715,1,,,1,29,,27701,11,4,,1,1,,27721,1,,,1,69,,27719,11,4,,1,1,,27708,1,,,1,29,,27713,11,4,,1,1,,27728,1,,,1,69,,27694,11,4,,1,1,,27738,1,,,1,29,,27725,11,4,,1,1,,27691,1,,,1,69,,27709,11,4,,1,1,,27722,1,,,1,29,,27704,11,4,,1,1,,27697,1,,,1,69,,27695,11,4,,1,1,,27689,1,,,1,29,,27690,11,4,,1,1,,27732,1,,,1,69,,27692,11,4,,1,1,,27706,1,,,1,29,,27739,11,4,,1,1,,27740,1,,,1,69,,27737,11,4,,1,1,,27734,1,,,1,29,,27735,11,4,,1,1,,27703,1,,,1,69,,27711,11,4,,1,1,,27714,1,,,1,29,,27729,11,4,,1,1,,27700,1,,,1,69,,27705,11,4,,1,3,,27724,1,,,1,27,,27743,11,4,,1,1,,27726,1,,,1,69,,27698,11,4,,1,1,,27702,1,,,1,29,,27741,11,4,,1,1,,27733,1,,,1
20601,'2',1835,,27754,11,4,,1,1,,27746,1,,,1,69,,27751,11,4,,1,1,,27750,1,,,1,29,,18171,11,4,,1,1,,27752,1,,,1,69,,27760,11,4,,1,1,,27753,1,,,1,29,,27756,11,4,,1,1,,27763,1,,,1,69,,27762,11,4,,1,1,,27755,1,,,1,29,,27759,11,4,,1,1,,27761,1,,,1,69,,27747,11,4,,1,1,,27758,1,,,1,29,,27757,11,4,,1,1,,27745,1,,,1,69,,27749,11,4,,1,1,,27748,1,,,1
20601,'3',1835,,27774,11,4,,1,1,,27766,1,,,1,69,,27769,11,4,,1,1,,27783,1,,,1,29,,27767,11,4,,1,1,,27776,1,,,1,69,,27764,11,4,,1,1,,27779,1,,,1,29,,27777,11,4,,1,1,,27765,1,,,1,69,,27782,11,4,,1,1,,27768,1,,,1,29,,27781,11,4,,1,1,,27771,1,,,1,69,,27772,11,4,,1,1,,27778,1,,,1,29,,27780,11,4,,1,1,,27773,1,,,1,69,,27775,11,4,,1,1,,27770,1,,,1
20601,'4',1835,,27787,11,4,,1,1,,27791,1,,,1,69,,27798,11,4,,1,1,,27795,1,,,1,29,,27800,11,4,,1,1,,27789,1,,,1,69,,27797,11,4,,1,1,,27793,1,,,1,29,,27792,11,4,,1,1,,27796,1,,,1,69,,27786,11,4,,1,1,,27803,1,,,1,29,,27801,11,4,,1,1,,27785,1,,,1,69,,27784,11,4,,1,1,,27799,1,,,1,29,,27790,11,4,,1,1,,27794,1,,,1,69,,27802,11,4,,1,1,,27788,1,,,1
20601,'5',1835,,27805,11,4,,1,1,,27808,1,,,1,69,,27823,11,4,,1,1,,27820,1,,,1,29,,27811,11,4,,1,1,,27816,1,,,1,69,,27809,11,4,,1,1,,27804,1,,,1,29,,27806,11,4,,1,1,,27822,1,,,1,69,,27818,11,4,,1,1,,27815,1,,,1,29,,27817,11,4,,1,1,,27810,1,,,1,69,,27821,11,4,,1,1,,27812,1,,,1,29,,27807,11,4,,1,1,,27819,1,,,1,69,,27813,11,4,,1,1,,27814,1,,,1
20601,'6',702,,27869,11,4,,1,1,,27854,1,,,1,29,,27865,11,4,,1,1,,27858,1,,,1,69,,27863,11,4,,1,1,,27855,1,,,1,29,,27827,11,4,,1,1,,27838,1,,,1,69,,27844,11,4,,1,1,,27824,1,,,1,29,,27842,11,4,,1,1,,27843,1,,,1,69,,27873,11,4,,1,1,,27875,1,,,1,29,,27828,11,4,,1,1,,27850,1,,,1,69,,27874,11,4,,1,1,,27851,1,,,1,29,,27829,11,4,,1,1,,27833,1,,,1,69,,27868,11,4,,1,1,,27866,1,,,1,29,,27847,11,4,,1,1,,27841,1,,,1,69,,27839,11,4,,1,1,,27870,1,,,1,29,,27879,11,4,,1,1,,27849,1,,,1,69,,27867,11,4,,1,1,,27846,1,,,1,29,,27825,11,4,,1,1,,27836,1,,,1,69,,27862,11,4,,1,1,,27852,1,,,1,29,,27860,11,4,,1,1,,27848,1,,,1,69,,27871,11,4,,1,1,,27845,1,,,1,29,,27831,11,4,,1,1,,27859,1,,,1,69,,27857,11,4,,1,1,,27830,1,,,1,29,,27872,11,4,,1,1,,27840,1,,,1,69,,27856,11,4,,1,1,,27861,1,,,1,29,,27878,11,4,,1,1,,27832,1,,,1,69,,27834,11,4,,1,3,,27877,1,,,1,27,,27835,11,4,,1,1,,27826,1,,,1,69,,27837,11,4,,1,1,,27864,1,,,1,29,,27876,11,4,,1,1,,27853,1,,,1
20601,'7',1835,,27888,11,4,,1,1,,27881,1,,,1,69,,27885,11,4,,1,1,,27884,1,,,1,29,,27897,11,4,,1,1,,27889,1,,,1,69,,27890,11,4,,1,1,,27892,1,,,1,29,,27896,11,4,,1,1,,27894,1,,,1,69,,27886,11,4,,1,1,,27883,1,,,1,29,,27882,11,4,,1,1,,27880,1,,,1,69,,27895,11,4,,1,1,,27891,1,,,1,29,,27893,11,4,,1,1,,27887,1,,,1,69,,27898,11,4,,1,1,,27899,1,,,1
20601,'8',1835,,27901,11,4,,1,1,,27912,1,,,1,69,,27909,11,4,,1,1,,27916,1,,,1,29,,27905,11,4,,1,1,,27910,1,,,1,69,,27913,11,4,,1,1,,27904,1,,,1,29,,27906,11,4,,1,1,,27914,1,,,1,69,,27917,11,4,,1,1,,27919,1,,,1,29,,27918,11,4,,1,1,,27908,1,,,1,69,,27902,11,4,,1,1,,27911,1,,,1,29,,27900,11,4,,1,1,,27915,1,,,1,69,,27907,11,4,,1,1,,27903,1,,,1
20601,'9',1835,,27920,11,4,,1,1,,27929,1,,,1,69,,27936,11,4,,1,1,,27932,1,,,1,29,,27928,11,4,,1,1,,27922,1,,,1,69,,27939,11,4,,1,1,,27938,1,,,1,29,,27937,11,4,,1,1,,27927,1,,,1,69,,27923,11,4,,1,1,,27924,1,,,1,29,,27925,11,4,,1,1,,27926,1,,,1,69,,27935,11,4,,1,1,,27933,1,,,1,29,,27931,11,4,,1,1,,27934,1,,,1,69,,27930,11,4,,1,1,,27921,1,,,1
