10400,'1',636,,18641,8,,,1,70,,20630,8,,,1,30,,20627,8,,,1,70,,20647,8,,,1,30,,20637,8,,,1,70,,20646,8,,,1,30,,20629,8,,,1,70,,20628,8,,,1,30,,20645,8,,,1,70,,20633,8,,,1,30,,20644,8,,,1,70,,20635,8,,,1,30,,20632,8,,,1,70,,20641,8,,,1,30,,20626,8,,,1,70,,20640,8,,,1,30,,20631,8,,,1,70,,20639,8,,,1,30,,20643,8,,,1,70,,20642,8,,,1,30,,20649,8,,,1,70,,20636,8,,,1,30,,20638,8,,,1,70,,20634,8,,,1,30,,20648,8,,,1
10400,'2',636,,20668,8,,,1,70,,20664,8,,,1,30,,20655,8,,,1,70,,20669,8,,,1,30,,20652,8,,,1,70,,20663,8,,,1,30,,20650,8,,,1,70,,20670,8,,,1,30,,20659,8,,,1,70,,20654,8,,,1,30,,20662,8,,,1,70,,20656,8,,,1,30,,20657,8,,,1,70,,20665,8,,,1,30,,20661,8,,,1,70,,20666,8,,,1,30,,20667,8,,,1,70,,20673,8,,,1,30,,20660,8,,,1,70,,20674,8,,,1,30,,20651,8,,,1,70,,20653,8,,,1,30,,20672,8,,,1,70,,20658,8,,,1,30,,20671,8,,,1
10400,'3',636,,20680,8,,,1,70,,20678,8,,,1,30,,20693,8,,,1,70,,20683,8,,,1,30,,20691,8,,,1,70,,20687,8,,,1,30,,20684,8,,,1,70,,20685,8,,,1,30,,20688,8,,,1,70,,20695,8,,,1,30,,20697,8,,,1,70,,20681,8,,,1,30,,20677,8,,,1,70,,20690,8,,,1,30,,20682,8,,,1,70,,20689,8,,,1,30,,20699,8,,,1,70,,20696,8,,,1,30,,20694,8,,,1,70,,20676,8,,,1,30,,20679,8,,,1,70,,20675,8,,,1,30,,20692,8,,,1,70,,20698,8,,,1,30,,20686,8,,,1
10400,'4',636,,20713,8,,,1,70,,20709,8,,,1,30,,20718,8,,,1,70,,20705,8,,,1,30,,20701,8,,,1,70,,20703,8,,,1,30,,20714,8,,,1,70,,20723,8,,,1,30,,20700,8,,,1,70,,20710,8,,,1,30,,20716,8,,,1,70,,20720,8,,,1,30,,20704,8,,,1,70,,20712,8,,,1,30,,20721,8,,,1,70,,20706,8,,,1,30,,20717,8,,,1,70,,20722,8,,,1,30,,20702,8,,,1,70,,20719,8,,,1,30,,20708,8,,,1,70,,20711,8,,,1,30,,20715,8,,,1,70,,20724,8,,,1,30,,20707,8,,,1
10400,'5',636,,20728,8,,,1,70,,20748,8,,,1,30,,20732,8,,,1,70,,20739,8,,,1,30,,20746,8,,,1,70,,20737,8,,,1,30,,20742,8,,,1,70,,20734,8,,,1,30,,20741,8,,,1,70,,20727,8,,,1,30,,20738,8,,,1,70,,20740,8,,,1,30,,20725,8,,,1,70,,20726,8,,,1,30,,20744,8,,,1,70,,20730,8,,,1,30,,20731,8,,,1,70,,20736,8,,,1,30,,20747,8,,,1,70,,20743,8,,,1,30,,20735,8,,,1,70,,20729,8,,,1,30,,20745,8,,,1,70,,20733,8,,,1,30,,20749,8,,,1
10400,'7',636,,20750,8,,,1,70,,20762,8,,,1,30,,20751,8,,,1,70,,20772,8,,,1,30,,20764,8,,,1,70,,20755,8,,,1,30,,20753,8,,,1,70,,20757,8,,,1,30,,20765,8,,,1,70,,20766,8,,,1,30,,20769,8,,,1,70,,20758,8,,,1,30,,20761,8,,,1,70,,20754,8,,,1,30,,20768,8,,,1,70,,20763,8,,,1,30,,20767,8,,,1,70,,20756,8,,,1,30,,20760,8,,,1,70,,20771,8,,,1,30,,20759,8,,,1,70,,20752,8,,,1,30,,20770,8,,,1,70,,20773,8,,,1,30,,20774,8,,,1
10400,'8',636,,20777,8,,,1,70,,20782,8,,,1,30,,20785,8,,,1,70,,20778,8,,,1,30,,20779,8,,,1,70,,20788,8,,,1,30,,20781,8,,,1,70,,20798,8,,,1,30,,20787,8,,,1,70,,20799,8,,,1,30,,20775,8,,,1,70,,20792,8,,,1,30,,20796,8,,,1,70,,20776,8,,,1,30,,20786,8,,,1,70,,20784,8,,,1,30,,20794,8,,,1,70,,20789,8,,,1,30,,20790,8,,,1,70,,20780,8,,,1,30,,20783,8,,,1,70,,20791,8,,,1,30,,20797,8,,,1,70,,20795,8,,,1,30,,20793,8,,,1
10400,'9',636,,20804,8,,,1,70,,20815,8,,,1,30,,20822,8,,,1,70,,20806,8,,,1,30,,20800,8,,,1,70,,20805,8,,,1,30,,20821,8,,,1,70,,20808,8,,,1,30,,20813,8,,,1,70,,20801,8,,,1,30,,20810,8,,,1,70,,20812,8,,,1,30,,20819,8,,,1,70,,20823,8,,,1,30,,20820,8,,,1,70,,20802,8,,,1,30,,20816,8,,,1,70,,20809,8,,,1,30,,20817,8,,,1,70,,20818,8,,,1,30,,20814,8,,,1,70,,20803,8,,,1,30,,20824,8,,,1,70,,20807,8,,,1,30,,20811,8,,,1
20301,'1',2406,,26673,8,,,1
20301,'2',2406,,26736,8,,,1
20301,'3',2406,,26747,8,,,1
20301,'4',2406,,26755,8,,,1
20301,'5',2406,,26764,8,,,1
20301,'7',2406,,26813,8,,,1
20301,'8',2406,,26822,8,,,1
20301,'9',2406,,26826,8,,,1
20400,'1',1906,,26836,8,,,1,30,,26839,8,,,1,70,,26837,8,,,1,30,,26841,8,,,1,70,,26840,8,,,1,30,,26845,8,,,1,70,,26843,8,,,1,30,,26842,8,,,1,70,,26838,8,,,1,30,,26844,8,,,1
20400,'10',736,,26855,8,,,1,70,,26852,8,,,1,30,,26860,8,,,1,70,,26847,8,,,1,30,,26849,8,,,1,70,,26863,8,,,1,30,,26862,8,,,1,70,,26867,8,,,1,30,,26868,8,,,1,70,,26871,8,,,1,30,,26858,8,,,1,70,,26853,8,,,1,30,,26873,8,,,1,70,,26870,8,,,1,30,,26846,8,,,1,70,,26857,8,,,1,30,,26854,8,,,1,70,,26872,8,,,1,30,,26851,8,,,1,70,,26866,8,,,1,30,,26869,8,,,1,70,,26848,8,,,1,30,,26864,8,,,1,70,,26859,8,,,1,30,,26865,8,,,1,70,,26861,8,,,1,30,,26850,8,,,1,70,,26856,8,,,1
20400,'11',736,,26889,8,,,1,70,,26884,8,,,1,30,,26895,8,,,1,70,,26893,8,,,1,30,,26887,8,,,1,70,,26876,8,,,1,30,,26878,8,,,1,70,,26880,8,,,1,30,,26882,8,,,1,70,,26888,8,,,1,30,,26874,8,,,1,70,,26881,8,,,1,30,,26897,8,,,1,70,,26899,8,,,1,30,,26883,8,,,1,70,,26890,8,,,1,30,,26901,8,,,1,70,,26877,8,,,1,30,,26894,8,,,1,70,,26886,8,,,1,30,,26885,8,,,1,70,,26875,8,,,1,30,,26896,8,,,1,70,,26892,8,,,1,30,,26900,8,,,1,70,,26891,8,,,1,30,,26879,8,,,1,70,,26898,8,,,1
20400,'2',1906,,26906,8,,,1,30,,26910,8,,,1,70,,26903,8,,,1,30,,26904,8,,,1,70,,26911,8,,,1,30,,26905,8,,,1,70,,26909,8,,,1,30,,26902,8,,,1,70,,26907,8,,,1,30,,26908,8,,,1
20400,'3',1906,,26913,8,,,1,30,,26912,8,,,1,70,,26914,8,,,1,30,,26915,8,,,1,70,,26920,8,,,1,30,,26916,8,,,1,70,,26919,8,,,1,30,,26917,8,,,1,70,,26921,8,,,1,30,,26918,8,,,1
20400,'4',1906,,26924,8,,,1,30,,26922,8,,,1,70,,26930,8,,,1,30,,26926,8,,,1,70,,26927,8,,,1,30,,26928,8,,,1,70,,26923,8,,,1,30,,26925,8,,,1,70,,26931,8,,,1,30,,26929,8,,,1
20400,'5',1906,,26937,8,,,1,30,,26941,8,,,1,70,,26934,8,,,1,30,,26935,8,,,1,70,,26932,8,,,1,30,,26933,8,,,1,70,,26939,8,,,1,30,,26936,8,,,1,70,,26940,8,,,1,30,,26938,8,,,1
20400,'6',736,,26964,8,,,1,70,,26958,8,,,1,30,,26948,8,,,1,70,,26955,8,,,1,30,,26945,8,,,1,70,,26961,8,,,1,30,,26951,8,,,1,70,,26949,8,,,1,30,,26963,8,,,1,70,,26952,8,,,1,30,,26947,8,,,1,70,,26960,8,,,1,30,,26956,8,,,1,70,,26962,8,,,1,30,,26965,8,,,1,70,,26943,8,,,1,30,,26953,8,,,1,70,,26944,8,,,1,30,,26954,8,,,1,70,,26957,8,,,1,30,,26946,8,,,1,70,,26969,8,,,1,30,,26942,8,,,1,70,,26967,8,,,1,30,,26968,8,,,1,70,,26966,8,,,1,30,,26959,8,,,1,70,,26950,8,,,1
20400,'7',1906,,26979,8,,,1,30,,26976,8,,,1,70,,26975,8,,,1,30,,26970,8,,,1,70,,26971,8,,,1,30,,26972,8,,,1,70,,26973,8,,,1,30,,26977,8,,,1,70,,26974,8,,,1,30,,26978,8,,,1
20400,'8',1906,,26980,8,,,1,30,,26982,8,,,1,70,,26988,8,,,1,30,,26983,8,,,1,70,,26984,8,,,1,30,,26985,8,,,1,70,,26989,8,,,1,30,,26987,8,,,1,70,,26986,8,,,1,30,,26981,8,,,1
20400,'9',1906,,26991,8,,,1,30,,26996,8,,,1,70,,26998,8,,,1,30,,26990,8,,,1,70,,26993,8,,,1,30,,26997,8,,,1,70,,26992,8,,,1,30,,26995,8,,,1,70,,26994,8,,,1,30,,26999,8,,,1
