21401,'1',1844,,29314,22,,,1,100,,29315,22,,,1,100,,29313,22,,,1,100,,29312,22,,,1,100,,29311,22,,,1
21401,'10',744,,29324,22,,,1,100,,29323,22,,,1,100,,29327,22,,,1,100,,29322,22,,,1,100,,29325,22,,,1,100,,29316,22,,,1,100,,29326,22,,,1,100,,29319,22,,,1,100,,29320,22,,,1,100,,17231,22,,,1,100,,29317,22,,,1,100,,29318,22,,,1,100,,29321,22,,,1
21401,'11',744,,29335,22,,,1,100,,29331,22,,,1,100,,29334,22,,,1,100,,29328,22,,,1,100,,29329,22,,,1,100,,29336,22,,,1,100,,29330,22,,,1,100,,29338,22,,,1,100,,29339,22,,,1,100,,29332,22,,,1,100,,29337,22,,,1,100,,29340,22,,,1,100,,29333,22,,,1
21401,'2',1844,,29344,22,,,1,100,,29343,22,,,1,100,,29342,22,,,1,100,,29341,22,,,1,100,,29345,22,,,1
21401,'3',1844,,29347,22,,,1,100,,29350,22,,,1,100,,29348,22,,,1,100,,29346,22,,,1,100,,29349,22,,,1
21401,'4',1844,,29354,22,,,1,100,,29352,22,,,1,100,,29355,22,,,1,100,,29353,22,,,1,100,,29351,22,,,1
21401,'5',1844,,29360,22,,,1,100,,29358,22,,,1,100,,29357,22,,,1,100,,29356,22,,,1,100,,29359,22,,,1
21401,'6',744,,29373,22,,,1,100,,29365,22,,,1,100,,29368,22,,,1,100,,29367,22,,,1,100,,29370,22,,,1,100,,29366,22,,,1,100,,29361,22,,,1,100,,29364,22,,,1,100,,29372,22,,,1,100,,29369,22,,,1,100,,29363,22,,,1,100,,29371,22,,,1,100,,29362,22,,,1
21401,'7',1844,,29377,22,,,1,100,,29374,22,,,1,100,,29375,22,,,1,100,,29378,22,,,1,100,,29376,22,,,1
21401,'8',1844,,29382,22,,,1,100,,29379,22,,,1,100,,29380,22,,,1,100,,29381,22,,,1,100,,29383,22,,,1
21401,'9',1844,,29388,22,,,1,100,,29386,22,,,1,100,,29387,22,,,1,100,,29385,22,,,1,100,,29384,22,,,1
