10901,'1',618,,23246,3,,,1,100,,23253,3,,,1,100,,23254,3,,,1,100,,23251,3,,,1,100,,23249,3,,,1,100,,23250,3,,,1,100,,23248,3,,,1,100,,23261,3,,,1,100,,23259,3,,,1,100,,17453,3,,,1,100,,23262,3,,,1,100,,23256,3,,,1
10901,'2',618,,23267,3,,,1,100,,23273,3,,,1,100,,23270,3,,,1,100,,23287,3,,,1,100,,23277,3,,,1,100,,23276,3,,,1,100,,23278,3,,,1,100,,23281,3,,,1,100,,23283,3,,,1,100,,23266,3,,,1,100,,23284,3,,,1,100,,23280,3,,,1
10901,'3',618,,23292,3,,,1,100,,23297,3,,,1,100,,23311,3,,,1,100,,23301,3,,,1,100,,23307,3,,,1,100,,23300,3,,,1,100,,23291,3,,,1,100,,23305,3,,,1,100,,23295,3,,,1,100,,23293,3,,,1,100,,23309,3,,,1,100,,23312,3,,,1
10901,'4',618,,23322,3,,,1,100,,23331,3,,,1,100,,23317,3,,,1,100,,23327,3,,,1,100,,23314,3,,,1,100,,23333,3,,,1,100,,23325,3,,,1,100,,23319,3,,,1,100,,23328,3,,,1,100,,23329,3,,,1,100,,23326,3,,,1,100,,23324,3,,,1
10901,'5',618,,23359,3,,,1,100,,23344,3,,,1,100,,23358,3,,,1,100,,23355,3,,,1,100,,23339,3,,,1,100,,23351,3,,,1,100,,23345,3,,,1,100,,23356,3,,,1,100,,23342,3,,,1,100,,23340,3,,,1,100,,23357,3,,,1,100,,23346,3,,,1
10901,'7',618,,23369,3,,,1,100,,23368,3,,,1,100,,23380,3,,,1,100,,23364,3,,,1,100,,23366,3,,,1,100,,23378,3,,,1,100,,23376,3,,,1,100,,23371,3,,,1,100,,23384,3,,,1,100,,23374,3,,,1,100,,23365,3,,,1,100,,23372,3,,,1
10901,'8',618,,23404,3,,,1,100,,23389,3,,,1,100,,23403,3,,,1,100,,23407,3,,,1,100,,23399,3,,,1,100,,23387,3,,,1,100,,23400,3,,,1,100,,23405,3,,,1,100,,23396,3,,,1,100,,23393,3,,,1,100,,23386,3,,,1,100,,23395,3,,,1
10901,'9',618,,23420,3,,,1,100,,23410,3,,,1,100,,23414,3,,,1,100,,23412,3,,,1,100,,23426,3,,,1,100,,23413,3,,,1,100,,23411,3,,,1,100,,23430,3,,,1,100,,23428,3,,,1,100,,23422,3,,,1,100,,23409,3,,,1,100,,23419,3,,,1
20901,'1',1818,,28175,3,,,1,100,,28178,3,,,1,100,,28182,3,,,1,100,,28179,3,,,1,100,,28180,3,,,1
20901,'10',718,,28191,3,,,1,100,,28208,3,,,1,100,,28198,3,,,1,100,,28187,3,,,1,100,,28184,3,,,1,100,,28205,3,,,1,100,,28185,3,,,1,100,,28210,3,,,1,100,,28197,3,,,1,100,,28194,3,,,1,100,,28193,3,,,1,100,,28209,3,,,1,100,,28188,3,,,1,100,,28195,3,,,1
20901,'11',718,,28213,3,,,1,100,,28237,3,,,1,100,,28223,3,,,1,100,,28217,3,,,1,100,,28235,3,,,1,100,,28227,3,,,1,100,,28214,3,,,1,100,,28212,3,,,1,100,,28233,3,,,1,100,,28221,3,,,1,100,,28238,3,,,1,100,,28228,3,,,1,100,,28230,3,,,1,100,,28220,3,,,1
20901,'2',1818,,28246,3,,,1,100,,28241,3,,,1,100,,28245,3,,,1,100,,28240,3,,,1,100,,28248,3,,,1
20901,'3',1818,,28258,3,,,1,100,,28253,3,,,1,100,,28254,3,,,1,100,,28252,3,,,1,100,,28251,3,,,1
20901,'4',1818,,28266,3,,,1,100,,28267,3,,,1,100,,28260,3,,,1,100,,28268,3,,,1,100,,28261,3,,,1
20901,'5',1818,,28274,3,,,1,100,,28277,3,,,1,100,,28271,3,,,1,100,,28269,3,,,1,100,,28270,3,,,1
20901,'6',718,,28300,3,,,1,100,,28293,3,,,1,100,,28291,3,,,1,100,,28279,3,,,1,100,,28306,3,,,1,100,,28303,3,,,1,100,,28288,3,,,1,100,,28298,3,,,1,100,,28285,3,,,1,100,,28294,3,,,1,100,,28287,3,,,1,100,,28304,3,,,1,100,,28289,3,,,1,100,,28281,3,,,1
20901,'7',1818,,28311,3,,,1,100,,28314,3,,,1,100,,28307,3,,,1,100,,28312,3,,,1,100,,28309,3,,,1
20901,'8',1818,,28318,3,,,1,100,,28325,3,,,1,100,,28320,3,,,1,100,,28319,3,,,1,100,,28324,3,,,1
20901,'9',1818,,28330,3,,,1,100,,28333,3,,,1,100,,28331,3,,,1,100,,28336,3,,,1,100,,28334,3,,,1
