10301,'1',610,,20467,6,,,1,100,,20476,6,,,1,30,,20474,6,,,1,70,,20481,6,,,1,30,,20479,6,,,1,70,,20483,6,,,1,30,,20471,6,,,1,70,,20478,6,,,1,100,,20473,6,,,1,100,,20469,6,,,1,100,,20480,6,,,1,100,,20470,6,,,1,100,,20485,6,,,1,30,,17632,6,,,1,70,,20477,6,,,1,30,,20475,6,,,1,70,,20484,6,,,1,30,,20472,6,,,1,70,,20482,6,,,1,30,,20468,6,,,1
10301,'2',610,,20487,6,,,1,100,,20493,6,,,1,30,,20491,6,,,1,70,,20488,6,,,1,30,,20486,6,,,1,70,,20498,6,,,1,30,,20503,6,,,1,70,,20495,6,,,1,100,,20504,6,,,1,100,,20499,6,,,1,100,,20494,6,,,1,100,,20490,6,,,1,100,,20505,6,,,1,30,,20489,6,,,1,70,,20497,6,,,1,30,,20496,6,,,1,70,,20500,6,,,1,30,,20492,6,,,1,70,,20501,6,,,1,30,,20502,6,,,1
10301,'3',610,,20511,6,,,1,100,,20521,6,,,1,30,,20509,6,,,1,70,,20515,6,,,1,30,,20512,6,,,1,70,,20507,6,,,1,30,,20506,6,,,1,70,,20518,6,,,1,100,,20508,6,,,1,100,,20522,6,,,1,100,,20516,6,,,1,100,,20523,6,,,1,100,,20513,6,,,1,30,,20510,6,,,1,70,,20524,6,,,1,30,,20517,6,,,1,70,,20520,6,,,1,30,,20514,6,,,1,70,,20519,6,,,1,30,,20525,6,,,1
10301,'4',610,,20534,6,,,1,100,,20531,6,,,1,30,,20529,6,,,1,70,,20533,6,,,1,30,,20537,6,,,1,70,,20532,6,,,1,30,,20538,6,,,1,70,,20527,6,,,1,100,,20535,6,,,1,100,,20528,6,,,1,100,,20543,6,,,1,100,,20540,6,,,1,100,,20530,6,,,1,30,,20542,6,,,1,70,,20536,6,,,1,30,,20539,6,,,1,70,,20544,6,,,1,30,,20545,6,,,1,70,,20541,6,,,1,30,,20526,6,,,1
10301,'5',610,,20562,6,,,1,100,,20547,6,,,1,30,,20550,6,,,1,70,,20558,6,,,1,30,,20549,6,,,1,70,,20560,6,,,1,30,,20565,6,,,1,70,,20564,6,,,1,100,,20554,6,,,1,100,,20548,6,,,1,100,,20546,6,,,1,100,,20561,6,,,1,100,,20559,6,,,1,30,,20556,6,,,1,70,,20555,6,,,1,30,,20551,6,,,1,70,,20563,6,,,1,30,,20557,6,,,1,70,,20553,6,,,1,30,,20552,6,,,1
10301,'7',610,,20583,6,,,1,100,,20579,6,,,1,30,,20568,6,,,1,70,,20570,6,,,1,30,,20574,6,,,1,70,,20580,6,,,1,30,,20566,6,,,1,70,,20576,6,,,1,100,,20585,6,,,1,100,,20573,6,,,1,100,,20571,6,,,1,100,,20575,6,,,1,100,,20578,6,,,1,30,,20567,6,,,1,70,,20577,6,,,1,30,,20584,6,,,1,70,,20582,6,,,1,30,,20581,6,,,1,70,,20569,6,,,1,30,,20572,6,,,1
10301,'8',610,,20594,6,,,1,100,,20588,6,,,1,30,,20596,6,,,1,70,,20602,6,,,1,30,,20598,6,,,1,70,,20600,6,,,1,30,,20592,6,,,1,70,,20593,6,,,1,100,,20595,6,,,1,100,,20591,6,,,1,100,,20586,6,,,1,100,,20590,6,,,1,100,,20605,6,,,1,30,,20597,6,,,1,70,,20603,6,,,1,30,,20601,6,,,1,70,,20604,6,,,1,30,,20599,6,,,1,70,,20587,6,,,1,30,,20589,6,,,1
10301,'9',610,,20611,6,,,1,100,,20607,6,,,1,30,,20610,6,,,1,70,,20612,6,,,1,30,,20614,6,,,1,70,,20625,6,,,1,30,,20618,6,,,1,70,,20623,6,,,1,100,,20609,6,,,1,100,,20622,6,,,1,100,,20621,6,,,1,100,,20615,6,,,1,100,,20613,6,,,1,30,,20620,6,,,1,70,,20617,6,,,1,30,,20619,6,,,1,70,,20608,6,,,1,30,,20616,6,,,1,70,,20624,6,,,1,30,,20606,6,,,1
20301,'1',1910,,26667,6,0,9 3 10,1,30,,26666,6,0,9 3 10,1,70,,26669,6,0,9 3 10,1,30,,26671,6,0,9 3 10,1,70,,26674,6,0,9 3 10,1,30,,26670,6,0,9 3 10,1,70,,26665,6,0,9 3 10,1,30,,26668,6,0,9 3 10,1,70,,26672,6,0,9 3 10,1,30,,26664,6,0,9 3 10,1
20301,'10',708,,26695,6,0,9 3 10,1,30,,26689,6,0,9 3 10,1,70,,26690,6,0,9 3 10,1,30,,26684,6,0,9 3 10,1,70,,26677,6,0,9 3 10,1,30,,26694,6,0,9 3 10,1,70,,26682,6,0,9 3 10,1,30,,26693,6,0,9 3 10,1,70,,26699,6,0,9 3 10,1,30,,26676,6,0,9 3 10,1,70,,26675,6,0,9 3 10,1,30,,26683,6,0,9 3 10,1,70,,26680,6,0,9 3 10,1,30,,26691,6,0,9 3 10,1,70,,26700,6,0,9 3 10,1,30,,26696,6,0,9 3 10,1,70,,26678,6,0,9 3 10,1,30,,26685,6,0,9 3 10,1,70,,26701,6,0,9 3 10,1,30,,26686,6,0,9 3 10,1,70,,26698,6,0,9 3 10,1,30,,26687,6,0,9 3 10,1,70,,26692,6,0,9 3 10,1,30,,26688,6,0,9 3 10,1,70,,26702,6,0,9 3 10,1,30,,26679,6,0,9 3 10,1,70,,26681,6,0,9 3 10,1,30,,26697,6,0,9 3 10,1
20301,'11',708,,26730,6,0,9 3 10,1,30,,26718,6,0,9 3 10,1,70,,26711,6,0,9 3 10,1,30,,26722,6,0,9 3 10,1,70,,26714,6,0,9 3 10,1,30,,26725,6,0,9 3 10,1,70,,26706,6,0,9 3 10,1,30,,26709,6,0,9 3 10,1,70,,26705,6,0,9 3 10,1,30,,26726,6,0,9 3 10,1,70,,26719,6,0,9 3 10,1,30,,26703,6,0,9 3 10,1,70,,26704,6,0,9 3 10,1,30,,26729,6,0,9 3 10,1,70,,26717,6,0,9 3 10,1,30,,26710,6,0,9 3 10,1,70,,26708,6,0,9 3 10,1,30,,26724,6,0,9 3 10,1,70,,26715,6,0,9 3 10,1,30,,26721,6,0,9 3 10,1,70,,26728,6,0,9 3 10,1,30,,26707,6,0,9 3 10,1,70,,26723,6,0,9 3 10,1,30,,26720,6,0,9 3 10,1,70,,26716,6,0,9 3 10,1,30,,26727,6,0,9 3 10,1,70,,26713,6,0,9 3 10,1,30,,26712,6,0,9 3 10,1
20301,'2',1910,,26740,6,0,9 3 10,1,30,,26735,6,0,9 3 10,1,70,,26732,6,0,9 3 10,1,30,,26734,6,0,9 3 10,1,70,,26739,6,0,9 3 10,1,30,,26731,6,0,9 3 10,1,70,,26741,6,0,9 3 10,1,30,,26733,6,0,9 3 10,1,70,,26738,6,0,9 3 10,1,30,,26737,6,0,9 3 10,1
20301,'3',1910,,26752,6,0,9 3 10,1,30,,26748,6,0,9 3 10,1,70,,26750,6,0,9 3 10,1,30,,26745,6,0,9 3 10,1,70,,26746,6,0,9 3 10,1,30,,26749,6,0,9 3 10,1,70,,26744,6,0,9 3 10,1,30,,26743,6,0,9 3 10,1,70,,26751,6,0,9 3 10,1,30,,26742,6,0,9 3 10,1
20301,'4',1910,,26753,6,0,9 3 10,1,30,,26762,6,0,9 3 10,1,70,,26759,6,0,9 3 10,1,30,,26760,6,0,9 3 10,1,70,,26761,6,0,9 3 10,1,30,,26754,6,0,9 3 10,1,70,,26757,6,0,9 3 10,1,30,,26763,6,0,9 3 10,1,70,,26756,6,0,9 3 10,1,30,,26758,6,0,9 3 10,1
20301,'5',1910,,26770,6,0,9 3 10,1,30,,26766,6,0,9 3 10,1,70,,26772,6,0,9 3 10,1,30,,26773,6,0,9 3 10,1,70,,26765,6,0,9 3 10,1,30,,26767,6,0,9 3 10,1,70,,26774,6,0,9 3 10,1,30,,26771,6,0,9 3 10,1,70,,26769,6,0,9 3 10,1,30,,26768,6,0,9 3 10,1
20301,'6',708,,26786,6,0,9 3 10,1,30,,26798,6,0,9 3 10,1,70,,26794,6,0,9 3 10,1,30,,26801,6,0,9 3 10,1,70,,26785,6,0,9 3 10,1,30,,26782,6,0,9 3 10,1,70,,26797,6,0,9 3 10,1,30,,26775,6,0,9 3 10,1,70,,26781,6,0,9 3 10,1,30,,26788,6,0,9 3 10,1,70,,26796,6,0,9 3 10,1,30,,26790,6,0,9 3 10,1,70,,26778,6,0,9 3 10,1,30,,26799,6,0,9 3 10,1,70,,26791,6,0,9 3 10,1,30,,26776,6,0,9 3 10,1,70,,26783,6,0,9 3 10,1,30,,26777,6,0,9 3 10,1,70,,26793,6,0,9 3 10,1,30,,26802,6,0,9 3 10,1,70,,26784,6,0,9 3 10,1,30,,26787,6,0,9 3 10,1,70,,26779,6,0,9 3 10,1,30,,26800,6,0,9 3 10,1,70,,26780,6,0,9 3 10,1,30,,26792,6,0,9 3 10,1,70,,26795,6,0,9 3 10,1,30,,26789,6,0,9 3 10,1
20301,'7',1910,,26808,6,0,9 3 10,1,30,,26809,6,0,9 3 10,1,70,,26803,6,0,9 3 10,1,30,,26810,6,0,9 3 10,1,70,,26805,6,0,9 3 10,1,30,,26804,6,0,9 3 10,1,70,,26811,6,0,9 3 10,1,30,,26806,6,0,9 3 10,1,70,,26812,6,0,9 3 10,1,30,,26807,6,0,9 3 10,1
20301,'8',1910,,26816,6,0,9 3 10,1,30,,26821,6,0,9 3 10,1,70,,26815,6,0,9 3 10,1,30,,26817,6,0,9 3 10,1,70,,26820,6,0,9 3 10,1,30,,26824,6,0,9 3 10,1,70,,26823,6,0,9 3 10,1,30,,26819,6,0,9 3 10,1,70,,26814,6,0,9 3 10,1,30,,26818,6,0,9 3 10,1
20301,'9',1910,,26825,6,0,9 3 10,1,30,,26828,6,0,9 3 10,1,70,,26834,6,0,9 3 10,1,30,,26831,6,0,9 3 10,1,70,,26832,6,0,9 3 10,1,30,,26835,6,0,9 3 10,1,70,,26830,6,0,9 3 10,1,30,,26829,6,0,9 3 10,1,70,,26827,6,0,9 3 10,1,30,,26833,6,0,9 3 10,1
