10100,'1',704,,19742,8,,,1,30,,19743,8,,,1,70,,19746,8,,,1,30,,19744,8,,,1,70,,19757,8,,,1,30,,19748,8,,,1,70,,19756,8,,,1,100,,19758,8,,,1,100,,19751,8,,,1,100,,19749,8,,,1,100,,19750,8,,,1,100,,19745,8,,,1,30,,19755,8,,,1,70,,19753,8,,,1,30,,19759,8,,,1,70,,19747,8,,,1,30,,19754,8,,,1,70,,19752,8,,,1
10100,'2',704,,19776,8,,,1,30,,19773,8,,,1,70,,19772,8,,,1,30,,19767,8,,,1,70,,19766,8,,,1,30,,19760,8,,,1,70,,19768,8,,,1,100,,19761,8,,,1,100,,19774,8,,,1,100,,19762,8,,,1,100,,19763,8,,,1,100,,19777,8,,,1,30,,19765,8,,,1,70,,19771,8,,,1,30,,19769,8,,,1,70,,19764,8,,,1,30,,19775,8,,,1,70,,19770,8,,,1
10100,'3',704,,19793,8,,,1,30,,19780,8,,,1,70,,19785,8,,,1,30,,19783,8,,,1,70,,19789,8,,,1,30,,19788,8,,,1,70,,19795,8,,,1,100,,19792,8,,,1,100,,19778,8,,,1,100,,19781,8,,,1,100,,19784,8,,,1,100,,19787,8,,,1,30,,19794,8,,,1,70,,19779,8,,,1,30,,19791,8,,,1,70,,19782,8,,,1,30,,19790,8,,,1,70,,19786,8,,,1
10100,'4',704,,19808,8,,,1,30,,19807,8,,,1,70,,19812,8,,,1,30,,19799,8,,,1,70,,19805,8,,,1,30,,19797,8,,,1,70,,19803,8,,,1,100,,19800,8,,,1,100,,19810,8,,,1,100,,19806,8,,,1,100,,19798,8,,,1,100,,19813,8,,,1,30,,19802,8,,,1,70,,19796,8,,,1,30,,19809,8,,,1,70,,19801,8,,,1,30,,19804,8,,,1,70,,19811,8,,,1
10100,'5',704,,19815,8,,,1,30,,19831,8,,,1,70,,19816,8,,,1,30,,19825,8,,,1,70,,19827,8,,,1,30,,19828,8,,,1,70,,19824,8,,,1,100,,19818,8,,,1,100,,19826,8,,,1,100,,19817,8,,,1,100,,19820,8,,,1,100,,19822,8,,,1,30,,19830,8,,,1,70,,19819,8,,,1,30,,19823,8,,,1,70,,19814,8,,,1,30,,19829,8,,,1,70,,19821,8,,,1
10100,'7',704,,19832,8,,,1,30,,19845,8,,,1,70,,19843,8,,,1,30,,19839,8,,,1,70,,19841,8,,,1,30,,19836,8,,,1,70,,19833,8,,,1,100,,19847,8,,,1,100,,19834,8,,,1,100,,19849,8,,,1,100,,19842,8,,,1,100,,19844,8,,,1,30,,19848,8,,,1,70,,19837,8,,,1,30,,19835,8,,,1,70,,19840,8,,,1,30,,19838,8,,,1,70,,19846,8,,,1
10100,'8',704,,19862,8,,,1,30,,19851,8,,,1,70,,19852,8,,,1,30,,19866,8,,,1,70,,19864,8,,,1,30,,19860,8,,,1,70,,19850,8,,,1,100,,19867,8,,,1,100,,19856,8,,,1,100,,19858,8,,,1,100,,19859,8,,,1,100,,19853,8,,,1,30,,19855,8,,,1,70,,19863,8,,,1,30,,19854,8,,,1,70,,19861,8,,,1,30,,19865,8,,,1,70,,19857,8,,,1
10100,'9',704,,19875,8,,,1,30,,19870,8,,,1,70,,19878,8,,,1,30,,19877,8,,,1,70,,19868,8,,,1,30,,19876,8,,,1,70,,19884,8,,,1,100,,19881,8,,,1,100,,19883,8,,,1,100,,19879,8,,,1,100,,19871,8,,,1,100,,19872,8,,,1,30,,19882,8,,,1,70,,19880,8,,,1,30,,19873,8,,,1,70,,19874,8,,,1,30,,19885,8,,,1,70,,19869,8,,,1
11201,'1',722,,24323,14,,,1,100,,24322,14,,,1,100,,24337,14,,,1,100,,24324,14,,,1,100,,24333,14,,,1,100,,24334,14,,,1,100,,24336,14,,,1,100,,24339,14,,,1,100,,24331,14,,,1,100,,24330,14,,,1,100,,24341,14,,,1
11201,'2',722,,24359,14,,,1,100,,24348,14,,,1,100,,24356,14,,,1,100,,24347,14,,,1,100,,19525,14,,,1,100,,24352,14,,,1,100,,24360,14,,,1,100,,24346,14,,,1,100,,24353,14,,,1,100,,24345,14,,,1,100,,24354,14,,,1
11201,'3',722,,24385,14,,,1,100,,24367,14,,,1,100,,24365,14,,,1,100,,24383,14,,,1,100,,24380,14,,,1,100,,24374,14,,,1,100,,24382,14,,,1,100,,24366,14,,,1,100,,24371,14,,,1,100,,24378,14,,,1,100,,24364,14,,,1
11201,'4',722,,24394,14,,,1,100,,24387,14,,,1,100,,24406,14,,,1,100,,24393,14,,,1,100,,24404,14,,,1,100,,24403,14,,,1,100,,24401,14,,,1,100,,24405,14,,,1,100,,24391,14,,,1,100,,24407,14,,,1,100,,24392,14,,,1
11201,'5',722,,24413,14,,,1,100,,24408,14,,,1,100,,24426,14,,,1,100,,24429,14,,,1,100,,24412,14,,,1,100,,24417,14,,,1,100,,24419,14,,,1,100,,24423,14,,,1,100,,24427,14,,,1,100,,24428,14,,,1,100,,24418,14,,,1
11201,'7',722,,24440,14,,,1,100,,24438,14,,,1,100,,24451,14,,,1,100,,24431,14,,,1,100,,24448,14,,,1,100,,24435,14,,,1,100,,24447,14,,,1,100,,24442,14,,,1,100,,24441,14,,,1,100,,24449,14,,,1,100,,24432,14,,,1
11201,'8',722,,24473,14,,,1,100,,24467,14,,,1,100,,24459,14,,,1,100,,24472,14,,,1,100,,24456,14,,,1,100,,24469,14,,,1,100,,24468,14,,,1,100,,24454,14,,,1,100,,24466,14,,,1,100,,24461,14,,,1,100,,24452,14,,,1
11201,'9',722,,24484,14,,,1,100,,24485,14,,,1,100,,24479,14,,,1,100,,24474,14,,,1,100,,24481,14,,,1,100,,24478,14,,,1,100,,24487,14,,,1,100,,24494,14,,,1,100,,24482,14,,,1,100,,24488,14,,,1,100,,24477,14,,,1
20600,'1',1816,,27467,8,,,1,30,,27459,8,,,1,70,,27463,8,,,1,30,,27464,8,,,1,70,,27458,8,,,1,30,,27460,8,,,1,70,,27466,8,,,1,30,,27462,8,,,1,70,,27465,8,,,1,30,,27461,8,,,1
20600,'10',739,,18923,8,,,1,70,,27477,8,,,1,30,,27486,8,,,1,70,,27470,8,,,1,30,,27482,8,,,1,70,,27488,8,,,1,30,,27491,8,,,1,70,,27492,8,,,1,30,,27474,8,,,1,70,,27473,8,,,1,30,,27484,8,,,1,70,,27479,8,,,1,30,,27472,8,,,1,70,,27468,8,,,1,30,,27480,8,,,1,70,,27489,8,,,1,30,,27485,8,,,1,70,,27476,8,,,1,30,,27475,8,,,1,70,,27481,8,,,1,30,,27478,8,,,1,70,,27487,8,,,1,30,,27471,8,,,1,70,,27483,8,,,1,30,,27490,8,,,1,70,,27469,8,,,1
20600,'11',739,,27493,8,,,1,70,,27515,8,,,1,30,,27512,8,,,1,70,,27506,8,,,1,30,,27495,8,,,1,70,,27504,8,,,1,30,,27507,8,,,1,70,,27518,8,,,1,30,,27496,8,,,1,70,,27498,8,,,1,30,,27508,8,,,1,70,,27509,8,,,1,30,,27502,8,,,1,70,,27511,8,,,1,30,,27510,8,,,1,70,,27497,8,,,1,30,,27494,8,,,1,70,,27513,8,,,1,30,,27500,8,,,1,70,,27516,8,,,1,30,,27503,8,,,1,70,,27514,8,,,1,30,,27505,8,,,1,70,,27501,8,,,1,30,,27499,8,,,1,70,,27517,8,,,1
20600,'2',1816,,27521,8,,,1,30,,27528,8,,,1,70,,27526,8,,,1,30,,27522,8,,,1,70,,27519,8,,,1,30,,27525,8,,,1,70,,27520,8,,,1,30,,27527,8,,,1,70,,27524,8,,,1,30,,27523,8,,,1
20600,'3',1816,,27532,8,,,1,30,,27530,8,,,1,70,,27533,8,,,1,30,,27535,8,,,1,70,,27531,8,,,1,30,,27537,8,,,1,70,,27536,8,,,1,30,,27529,8,,,1,70,,27534,8,,,1,30,,27538,8,,,1
20600,'4',1816,,27539,8,,,1,30,,27547,8,,,1,70,,27541,8,,,1,30,,27544,8,,,1,70,,27543,8,,,1,30,,27546,8,,,1,70,,27545,8,,,1,30,,27548,8,,,1,70,,27540,8,,,1,30,,27542,8,,,1
20600,'5',1816,,27550,8,,,1,30,,27555,8,,,1,70,,27558,8,,,1,30,,27549,8,,,1,70,,27551,8,,,1,30,,27556,8,,,1,70,,27554,8,,,1,30,,27552,8,,,1,70,,27557,8,,,1,30,,27553,8,,,1
20600,'6',739,,27575,8,,,1,70,,27571,8,,,1,30,,27579,8,,,1,70,,27584,8,,,1,30,,27562,8,,,1,70,,27578,8,,,1,30,,27566,8,,,1,70,,27570,8,,,1,30,,27563,8,,,1,70,,27559,8,,,1,30,,27582,8,,,1,70,,27560,8,,,1,30,,27567,8,,,1,70,,27577,8,,,1,30,,27561,8,,,1,70,,27583,8,,,1,30,,27574,8,,,1,70,,27573,8,,,1,30,,27564,8,,,1,70,,27581,8,,,1,30,,27572,8,,,1,70,,27565,8,,,1,30,,27569,8,,,1,70,,27568,8,,,1,30,,27580,8,,,1,70,,27576,8,,,1
20600,'7',1816,,27586,8,,,1,30,,27589,8,,,1,70,,27591,8,,,1,30,,27593,8,,,1,70,,27592,8,,,1,30,,27588,8,,,1,70,,27585,8,,,1,30,,27590,8,,,1,70,,27594,8,,,1,30,,27587,8,,,1
20600,'8',1816,,27601,8,,,1,30,,27596,8,,,1,70,,27600,8,,,1,30,,27595,8,,,1,70,,27604,8,,,1,30,,27598,8,,,1,70,,27603,8,,,1,30,,27599,8,,,1,70,,27602,8,,,1,30,,27597,8,,,1
20600,'9',1816,,27608,8,,,1,30,,27611,8,,,1,70,,27614,8,,,1,30,,27607,8,,,1,70,,27609,8,,,1,30,,27613,8,,,1,70,,27610,8,,,1,30,,27605,8,,,1,70,,27612,8,,,1,30,,27606,8,,,1
