10800,'1',703,,22568,6,,,1,30,,22559,6,,,1,70,,22555,6,,,1,30,,17782,6,,,1,70,,22563,6,,,1,30,,22545,6,,,1,100,,22540,6,,,1,100,,22561,6,,,1,100,,22566,6,,,1,100,,22565,6,,,1,100,,22552,6,,,1,70,,22549,6,,,1,30,,22550,6,,,1,70,,22562,6,,,1,30,,22542,6,,,1,70,,22564,6,,,1,30,,22557,6,,,1
10800,'2',703,,22587,6,,,1,30,,22583,6,,,1,70,,22579,6,,,1,30,,22573,6,,,1,70,,22572,6,,,1,30,,22584,6,,,1,100,,22570,6,,,1,100,,22601,6,,,1,100,,22590,6,,,1,100,,22586,6,,,1,100,,22588,6,,,1,70,,22598,6,,,1,30,,22571,6,,,1,70,,22578,6,,,1,30,,22575,6,,,1,70,,22574,6,,,1,30,,22589,6,,,1
10800,'3',703,,22630,6,,,1,30,,22629,6,,,1,70,,22608,6,,,1,30,,22612,6,,,1,70,,22623,6,,,1,30,,22634,6,,,1,100,,22624,6,,,1,100,,22633,6,,,1,100,,22606,6,,,1,100,,22609,6,,,1,100,,22621,6,,,1,70,,22619,6,,,1,30,,22631,6,,,1,70,,22615,6,,,1,30,,22617,6,,,1,70,,22622,6,,,1,30,,22610,6,,,1
10800,'4',703,,22656,6,,,1,30,,22644,6,,,1,70,,22665,6,,,1,30,,22658,6,,,1,70,,22668,6,,,1,30,,22652,6,,,1,100,,22663,6,,,1,100,,22637,6,,,1,100,,22661,6,,,1,100,,22642,6,,,1,100,,22641,6,,,1,70,,22651,6,,,1,30,,22660,6,,,1,70,,22655,6,,,1,30,,22646,6,,,1,70,,22654,6,,,1,30,,22645,6,,,1
10800,'5',703,,22681,6,,,1,30,,22700,6,,,1,70,,22698,6,,,1,30,,22676,6,,,1,70,,22703,6,,,1,30,,22694,6,,,1,100,,22702,6,,,1,100,,22693,6,,,1,100,,22682,6,,,1,100,,22689,6,,,1,100,,22699,6,,,1,70,,22685,6,,,1,30,,22686,6,,,1,70,,22704,6,,,1,30,,22690,6,,,1,70,,22675,6,,,1,30,,22678,6,,,1
10800,'7',703,,22729,6,,,1,30,,22715,6,,,1,70,,22725,6,,,1,30,,22719,6,,,1,70,,22730,6,,,1,30,,22733,6,,,1,100,,22738,6,,,1,100,,22721,6,,,1,100,,22736,6,,,1,100,,22722,6,,,1,100,,22720,6,,,1,70,,22734,6,,,1,30,,22706,6,,,1,70,,22712,6,,,1,30,,22705,6,,,1,70,,22710,6,,,1,30,,22728,6,,,1
10800,'8',703,,22740,6,,,1,30,,22772,6,,,1,70,,22752,6,,,1,30,,22756,6,,,1,70,,22739,6,,,1,30,,22764,6,,,1,100,,22744,6,,,1,100,,22758,6,,,1,100,,22751,6,,,1,100,,22768,6,,,1,100,,22762,6,,,1,70,,22745,6,,,1,30,,22747,6,,,1,70,,22761,6,,,1,30,,22755,6,,,1,70,,22759,6,,,1,30,,22748,6,,,1
10800,'9',703,,22773,6,,,1,30,,22782,6,,,1,70,,22786,6,,,1,30,,22780,6,,,1,70,,22796,6,,,1,30,,22799,6,,,1,100,,22800,6,,,1,100,,22783,6,,,1,100,,22806,6,,,1,100,,22804,6,,,1,100,,22792,6,,,1,70,,22793,6,,,1,30,,22777,6,,,1,70,,22788,6,,,1,30,,22784,6,,,1,70,,22778,6,,,1,30,,22791,6,,,1
11400,'1',632,,25131,6,,,1,100,,25128,6,,,1,100,,25135,6,,,1,100,,25134,6,,,1,100,,25132,6,,,1,100,,25125,6,,,1,100,,25127,6,,,1,100,,25133,6,,,1,100,,25126,6,,,1,100,,25129,6,,,1,100,,25130,6,,,1,100,,17882,6,,,1
11400,'2',632,,25139,6,,,1,100,,25138,6,,,1,100,,25140,6,,,1,100,,25142,6,,,1,100,,18115,6,,,1,100,,25144,6,,,1,100,,25137,6,,,1,100,,25136,6,,,1,100,,25146,6,,,1,100,,25141,6,,,1,100,,25143,6,,,1,100,,25145,6,,,1
11400,'3',632,,25147,6,,,1,100,,25154,6,,,1,100,,25158,6,,,1,100,,25149,6,,,1,100,,25153,6,,,1,100,,25152,6,,,1,100,,25157,6,,,1,100,,25156,6,,,1,100,,25148,6,,,1,100,,25155,6,,,1,100,,25151,6,,,1,100,,25150,6,,,1
11400,'4',632,,25165,6,,,1,100,,25160,6,,,1,100,,25166,6,,,1,100,,25169,6,,,1,100,,25168,6,,,1,100,,25161,6,,,1,100,,25162,6,,,1,100,,25159,6,,,1,100,,25167,6,,,1,100,,25164,6,,,1,100,,25170,6,,,1,100,,25163,6,,,1
11400,'5',632,,25174,6,,,1,100,,25175,6,,,1,100,,25180,6,,,1,100,,25172,6,,,1,100,,25176,6,,,1,100,,25177,6,,,1,100,,25182,6,,,1,100,,25179,6,,,1,100,,25171,6,,,1,100,,25173,6,,,1,100,,25178,6,,,1,100,,25181,6,,,1
11400,'7',632,,25193,6,,,1,100,,25190,6,,,1,100,,25189,6,,,1,100,,25184,6,,,1,100,,25183,6,,,1,100,,25188,6,,,1,100,,25192,6,,,1,100,,25186,6,,,1,100,,25185,6,,,1,100,,25194,6,,,1,100,,25187,6,,,1,100,,25191,6,,,1
11400,'8',632,,25202,6,,,1,100,,25201,6,,,1,100,,25199,6,,,1,100,,25206,6,,,1,100,,25197,6,,,1,100,,25196,6,,,1,100,,25205,6,,,1,100,,25203,6,,,1,100,,25195,6,,,1,100,,25198,6,,,1,100,,25200,6,,,1,100,,25204,6,,,1
11400,'9',632,,25213,6,,,1,100,,25218,6,,,1,100,,25208,6,,,1,100,,25217,6,,,1,100,,25211,6,,,1,100,,25214,6,,,1,100,,25215,6,,,1,100,,25212,6,,,1,100,,25207,6,,,1,100,,25216,6,,,1,100,,25210,6,,,1,100,,25209,6,,,1
21400,'1',1832,,29235,6,,,1,100,,29236,6,,,1,100,,29234,6,,,1,100,,29232,6,,,1,100,,29233,6,,,1
21400,'10',732,,29238,6,,,1,100,,29244,6,,,1,100,,29245,6,,,1,100,,29240,6,,,1,100,,29246,6,,,1,100,,29243,6,,,1,100,,29241,6,,,1,100,,29249,6,,,1,100,,29237,6,,,1,100,,29239,6,,,1,100,,29242,6,,,1,100,,29248,6,,,1,100,,29247,6,,,1
21400,'11',732,,29262,6,,,1,100,,29251,6,,,1,100,,29259,6,,,1,100,,29252,6,,,1,100,,29256,6,,,1,100,,29254,6,,,1,100,,29260,6,,,1,100,,29253,6,,,1,100,,29261,6,,,1,100,,29255,6,,,1,100,,29258,6,,,1,100,,29257,6,,,1,100,,29250,6,,,1
21400,'2',1832,,29263,6,,,1,100,,29264,6,,,1,100,,29266,6,,,1,100,,29267,6,,,1,100,,29265,6,,,1
21400,'3',1832,,29268,6,,,1,100,,29272,6,,,1,100,,29269,6,,,1,100,,29271,6,,,1,100,,29270,6,,,1
21400,'4',1832,,29277,6,,,1,100,,29273,6,,,1,100,,29276,6,,,1,100,,29274,6,,,1,100,,29275,6,,,1
21400,'5',1832,,29280,6,,,1,100,,29282,6,,,1,100,,29278,6,,,1,100,,29279,6,,,1,100,,29281,6,,,1
21400,'6',732,,29294,6,,,1,100,,29288,6,,,1,100,,29292,6,,,1,100,,29287,6,,,1,100,,29295,6,,,1,100,,29283,6,,,1,100,,29293,6,,,1,100,,29289,6,,,1,100,,29285,6,,,1,100,,29291,6,,,1,100,,29284,6,,,1,100,,29286,6,,,1,100,,29290,6,,,1
21400,'7',1832,,29296,6,,,1,100,,29297,6,,,1,100,,29300,6,,,1,100,,29298,6,,,1,100,,29299,6,,,1
21400,'8',1832,,29305,6,,,1,100,,29304,6,,,1,100,,29301,6,,,1,100,,29302,6,,,1,100,,29303,6,,,1
21400,'9',1832,,29308,6,,,1,100,,29309,6,,,1,100,,29310,6,,,1,100,,29307,6,,,1,100,,29306,6,,,1
