10701,'1',600,,17499,5,,,1,100,,22095,5,,,1,30,,22085,5,,,1,70,,22078,5,,,1,30,,22106,5,,,1,70,,22102,5,,,1,100,,22094,5,,,1,100,,22109,5,,,1,100,,22081,5,,,1,100,,22089,5,,,1,100,,22068,5,,,1,30,,22088,5,,,1,70,,22093,5,,,1,30,,22069,5,,,1,70,,22110,5,,,1,30,,22083,5,,,1,70,,22098,5,,,1,30,,22114,5,,,1,70,,22076,5,,,1,100,,22059,5,,,1
10701,'2',600,,22128,5,,,1,100,,22160,5,,,1,30,,22122,5,,,1,70,,22140,5,,,1,30,,22120,5,,,1,70,,22154,5,,,1,100,,22146,5,,,1,100,,22148,5,,,1,100,,22127,5,,,1,100,,22137,5,,,1,100,,22125,5,,,1,30,,22133,5,,,1,70,,22145,5,,,1,30,,22138,5,,,1,70,,22166,5,,,1,30,,22164,5,,,1,70,,22119,5,,,1,30,,22129,5,,,1,70,,22130,5,,,1,100,,22169,5,,,1
10701,'3',600,,22208,5,,,1,100,,22189,5,,,1,30,,22230,5,,,1,70,,22188,5,,,1,30,,22213,5,,,1,70,,22203,5,,,1,100,,22204,5,,,1,100,,22214,5,,,1,100,,22200,5,,,1,100,,22176,5,,,1,100,,22223,5,,,1,30,,22222,5,,,1,70,,22199,5,,,1,30,,22177,5,,,1,70,,22178,5,,,1,30,,22192,5,,,1,70,,22224,5,,,1,30,,22235,5,,,1,70,,22180,5,,,1,100,,22193,5,,,1
10701,'4',600,,22252,5,,,1,100,,22258,5,,,1,30,,22294,5,,,1,70,,22290,5,,,1,30,,22277,5,,,1,70,,22265,5,,,1,100,,22245,5,,,1,100,,22269,5,,,1,100,,22285,5,,,1,100,,22257,5,,,1,100,,22273,5,,,1,30,,22289,5,,,1,70,,22253,5,,,1,30,,22282,5,,,1,70,,22264,5,,,1,30,,22244,5,,,1,70,,22293,5,,,1,30,,22291,5,,,1,70,,22283,5,,,1,100,,22260,5,,,1
10701,'5',600,,22355,5,,,1,100,,22321,5,,,1,30,,22346,5,,,1,70,,22334,5,,,1,30,,22330,5,,,1,70,,22354,5,,,1,100,,22320,5,,,1,100,,22311,5,,,1,100,,22325,5,,,1,100,,22315,5,,,1,100,,22306,5,,,1,30,,22338,5,,,1,70,,22328,5,,,1,30,,22327,5,,,1,70,,22312,5,,,1,30,,22336,5,,,1,70,,22304,5,,,1,30,,22309,5,,,1,70,,22331,5,,,1,100,,22332,5,,,1
10701,'7',600,,22382,5,,,1,100,,22369,5,,,1,30,,22384,5,,,1,70,,22371,5,,,1,30,,22393,5,,,1,70,,22379,5,,,1,100,,22375,5,,,1,100,,22400,5,,,1,100,,22402,5,,,1,100,,22368,5,,,1,100,,22360,5,,,1,30,,22405,5,,,1,70,,22387,5,,,1,30,,22357,5,,,1,70,,22363,5,,,1,30,,22412,5,,,1,70,,22365,5,,,1,30,,22370,5,,,1,70,,22396,5,,,1,100,,22356,5,,,1
10701,'8',600,,22435,5,,,1,100,,22432,5,,,1,30,,22465,5,,,1,70,,22429,5,,,1,30,,22442,5,,,1,70,,22434,5,,,1,100,,22447,5,,,1,100,,22424,5,,,1,100,,22446,5,,,1,100,,22430,5,,,1,100,,22474,5,,,1,30,,22422,5,,,1,70,,22421,5,,,1,30,,22462,5,,,1,70,,22473,5,,,1,30,,22439,5,,,1,70,,22463,5,,,1,30,,22436,5,,,1,70,,22455,5,,,1,100,,22467,5,,,1
10701,'9',600,,22497,5,,,1,100,,22483,5,,,1,30,,22477,5,,,1,70,,22525,5,,,1,30,,22503,5,,,1,70,,22484,5,,,1,100,,22488,5,,,1,100,,22511,5,,,1,100,,22512,5,,,1,100,,22527,5,,,1,100,,22491,5,,,1,30,,22501,5,,,1,70,,22529,5,,,1,30,,22508,5,,,1,70,,22521,5,,,1,30,,22493,5,,,1,70,,22485,5,,,1,30,,22516,5,,,1,70,,22531,5,,,1,100,,22479,5,,,1
21401,'1',1841,,29314,14,,,1,100,,29315,14,,,1,100,,29313,14,,,1,100,,29312,14,,,1,100,,29311,14,,,1
21401,'10',741,,29324,14,,,1,100,,29323,14,,,1,100,,29327,14,,,1,100,,29322,14,,,1,100,,29325,14,,,1,100,,29316,14,,,1,100,,29326,14,,,1,100,,29319,14,,,1,100,,29320,14,,,1,100,,17231,14,,,1,100,,29317,14,,,1,100,,29318,14,,,1,100,,29321,14,,,1
21401,'11',741,,29335,14,,,1,100,,29331,14,,,1,100,,29334,14,,,1,100,,29328,14,,,1,100,,29329,14,,,1,100,,29336,14,,,1,100,,29330,14,,,1,100,,29338,14,,,1,100,,29339,14,,,1,100,,29332,14,,,1,100,,29337,14,,,1,100,,29340,14,,,1,100,,29333,14,,,1
21401,'2',1841,,29344,14,,,1,100,,29343,14,,,1,100,,29342,14,,,1,100,,29341,14,,,1,100,,29345,14,,,1
21401,'3',1841,,29347,14,,,1,100,,29350,14,,,1,100,,29348,14,,,1,100,,29346,14,,,1,100,,29349,14,,,1
21401,'4',1841,,29354,14,,,1,100,,29352,14,,,1,100,,29355,14,,,1,100,,29353,14,,,1,100,,29351,14,,,1
21401,'5',1841,,29360,14,,,1,100,,29358,14,,,1,100,,29357,14,,,1,100,,29356,14,,,1,100,,29359,14,,,1
21401,'6',741,,29373,14,,,1,100,,29365,14,,,1,100,,29368,14,,,1,100,,29367,14,,,1,100,,29370,14,,,1,100,,29366,14,,,1,100,,29361,14,,,1,100,,29364,14,,,1,100,,29372,14,,,1,100,,29369,14,,,1,100,,29363,14,,,1,100,,29371,14,,,1,100,,29362,14,,,1
21401,'7',1841,,29377,14,,,1,100,,29374,14,,,1,100,,29375,14,,,1,100,,29378,14,,,1,100,,29376,14,,,1
21401,'8',1841,,29382,14,,,1,100,,29379,14,,,1,100,,29380,14,,,1,100,,29381,14,,,1,100,,29383,14,,,1
21401,'9',1841,,29388,14,,,1,100,,29386,14,,,1,100,,29387,14,,,1,100,,29385,14,,,1,100,,29384,14,,,1
