10500,'1',603,,21036,14,,,1,100,,21031,14,,,1,30,,21040,14,,,1,70,,21023,14,,,1,30,,21041,14,,,1,70,,21042,14,,,1,30,,21032,14,,,1,70,,21035,14,,,1,100,,21047,14,,,1,100,,21054,14,,,1,100,,21046,14,,,1,100,,21020,14,,,1,100,,21045,14,,,1,30,,21051,14,,,1,70,,21034,14,,,1,30,,21053,14,,,1,70,,21033,14,,,1,30,,21022,14,,,1,70,,21048,14,,,1
10500,'2',603,,21091,14,,,1,100,,21080,14,,,1,30,,21079,14,,,1,70,,21060,14,,,1,30,,21076,14,,,1,70,,17837,14,,,1,30,,17669,14,,,1,70,,21071,14,,,1,100,,21087,14,,,1,100,,21061,14,,,1,100,,21077,14,,,1,100,,21066,14,,,1,100,,21073,14,,,1,30,,21082,14,,,1,70,,21089,14,,,1,30,,21081,14,,,1,70,,21067,14,,,1,30,,21065,14,,,1,70,,21090,14,,,1
10500,'3',603,,21104,14,,,1,100,,21125,14,,,1,30,,21118,14,,,1,70,,21107,14,,,1,30,,21117,14,,,1,70,,21098,14,,,1,30,,21102,14,,,1,70,,21116,14,,,1,100,,21105,14,,,1,100,,21099,14,,,1,100,,21124,14,,,1,100,,21108,14,,,1,100,,21127,14,,,1,30,,21115,14,,,1,70,,21130,14,,,1,30,,21121,14,,,1,70,,21103,14,,,1,30,,21106,14,,,1,70,,21128,14,,,1
10500,'4',603,,21154,14,,,1,100,,21135,14,,,1,30,,21162,14,,,1,70,,21150,14,,,1,30,,21155,14,,,1,70,,21134,14,,,1,30,,21137,14,,,1,70,,21165,14,,,1,100,,21145,14,,,1,100,,21152,14,,,1,100,,21159,14,,,1,100,,21158,14,,,1,100,,21168,14,,,1,30,,21139,14,,,1,70,,21131,14,,,1,30,,21160,14,,,1,70,,21157,14,,,1,30,,21153,14,,,1,70,,21143,14,,,1
10500,'5',603,,21198,14,,,1,100,,21196,14,,,1,30,,21180,14,,,1,70,,21190,14,,,1,30,,21187,14,,,1,70,,21184,14,,,1,30,,21194,14,,,1,70,,21205,14,,,1,100,,21171,14,,,1,100,,21172,14,,,1,100,,21200,14,,,1,100,,21174,14,,,1,100,,21173,14,,,1,30,,21176,14,,,1,70,,21204,14,,,1,30,,21178,14,,,1,70,,21201,14,,,1,30,,21193,14,,,1,70,,21185,14,,,1
10500,'7',603,,21244,14,,,1,100,,21237,14,,,1,30,,21235,14,,,1,70,,21209,14,,,1,30,,21225,14,,,1,70,,21210,14,,,1,30,,21207,14,,,1,70,,21234,14,,,1,100,,21213,14,,,1,100,,21227,14,,,1,100,,21222,14,,,1,100,,21236,14,,,1,100,,21243,14,,,1,30,,21208,14,,,1,70,,21229,14,,,1,30,,21211,14,,,1,70,,21220,14,,,1,30,,21223,14,,,1,70,,21218,14,,,1
10500,'8',603,,21250,14,,,1,100,,21255,14,,,1,30,,21279,14,,,1,70,,21268,14,,,1,30,,21261,14,,,1,70,,21262,14,,,1,30,,21267,14,,,1,70,,21260,14,,,1,100,,21247,14,,,1,100,,21257,14,,,1,100,,21282,14,,,1,100,,21252,14,,,1,100,,21253,14,,,1,30,,21272,14,,,1,70,,21256,14,,,1,30,,21278,14,,,1,70,,21249,14,,,1,30,,21254,14,,,1,70,,21275,14,,,1
10500,'9',603,,21307,14,,,1,100,,21311,14,,,1,30,,21291,14,,,1,70,,21292,14,,,1,30,,21319,14,,,1,70,,21304,14,,,1,30,,21301,14,,,1,70,,21295,14,,,1,100,,21312,14,,,1,100,,21315,14,,,1,100,,21303,14,,,1,100,,21310,14,,,1,100,,21309,14,,,1,30,,21317,14,,,1,70,,21293,14,,,1,30,,21294,14,,,1,70,,21299,14,,,1,30,,21314,14,,,1,70,,21300,14,,,1
20500,'1',1902,,27170,11,,,1,100,,27164,11,,,1,100,,27171,11,,,1,100,,27165,11,,,1
20500,'10',702,,27182,11,,,1,100,,27187,11,,,1,100,,19499,11,,,1,100,,27177,11,,,1,100,,27176,11,,,1,100,,27175,11,,,1,100,,27185,11,,,1,100,,27196,11,,,1,100,,27180,11,,,1,100,,27195,11,,,1,100,,27183,11,,,1,100,,27190,11,,,1,100,,27178,11,,,1,100,,27198,11,,,1
20500,'11',702,,27200,11,,,1,100,,27216,11,,,1,100,,27201,11,,,1,100,,27224,11,,,1,100,,27215,11,,,1,100,,27220,11,,,1,100,,27223,11,,,1,100,,27213,11,,,1,100,,27210,11,,,1,100,,27221,11,,,1,100,,27226,11,,,1,100,,27214,11,,,1,100,,27209,11,,,1,100,,27218,11,,,1
20500,'2',1902,,27230,11,,,1,100,,27227,11,,,1,100,,27234,11,,,1,100,,27233,11,,,1
20500,'3',1902,,27237,11,,,1,100,,27235,11,,,1,100,,27240,11,,,1,100,,27241,11,,,1
20500,'4',1902,,27243,11,,,1,100,,27246,11,,,1,100,,27247,11,,,1,100,,27248,11,,,1
20500,'5',1902,,27256,11,,,1,100,,27253,11,,,1,100,,27251,11,,,1,100,,27254,11,,,1
20500,'6',702,,27284,11,,,1,100,,27277,11,,,1,100,,27286,11,,,1,100,,27283,11,,,1,100,,27281,11,,,1,100,,27279,11,,,1,100,,27261,11,,,1,100,,27268,11,,,1,100,,27272,11,,,1,100,,27275,11,,,1,100,,27280,11,,,1,100,,27263,11,,,1,100,,27285,11,,,1,100,,27262,11,,,1
20500,'7',1902,,27288,11,,,1,100,,27291,11,,,1,100,,27287,11,,,1,100,,27292,11,,,1
20500,'8',1902,,27299,11,,,1,100,,27297,11,,,1,100,,27302,11,,,1,100,,27298,11,,,1
20500,'9',1902,,27305,11,,,1,100,,27309,11,,,1,100,,27308,11,,,1,100,,27307,11,,,1
