10601,'1',615,,21756,24,,,1,100,,21766,24,,,1,30,,21752,24,,,1,70,,21767,24,,,1,30,,21760,24,,,1,70,,21758,24,,,1,100,,21755,24,,,1,100,,21757,24,,,1,100,,21764,24,,,1,100,,18489,24,,,1,100,,21759,24,,,1,30,,21765,24,,,1,70,,21763,24,,,1,30,,21753,24,,,1,70,,21770,24,,,1,30,,21769,24,,,1,70,,21761,24,,,1,30,,21762,24,,,1,70,,21768,24,,,1
10601,'2',615,,21775,24,,,1,100,,21776,24,,,1,30,,21790,24,,,1,70,,21780,24,,,1,30,,21788,24,,,1,70,,21784,24,,,1,100,,21782,24,,,1,100,,21787,24,,,1,100,,21786,24,,,1,100,,21771,24,,,1,100,,21779,24,,,1,30,,21773,24,,,1,70,,21772,24,,,1,30,,21785,24,,,1,70,,21777,24,,,1,30,,21781,24,,,1,70,,21783,24,,,1,30,,21789,24,,,1,70,,21774,24,,,1
10601,'3',615,,21802,24,,,1,100,,21803,24,,,1,30,,21799,24,,,1,70,,21797,24,,,1,30,,21795,24,,,1,70,,21798,24,,,1,100,,21793,24,,,1,100,,21808,24,,,1,100,,21805,24,,,1,100,,21810,24,,,1,100,,21792,24,,,1,30,,21807,24,,,1,70,,21800,24,,,1,30,,21791,24,,,1,70,,21794,24,,,1,30,,21806,24,,,1,70,,21796,24,,,1,30,,21809,24,,,1,70,,21801,24,,,1
10601,'4',615,,21812,24,,,1,100,,21818,24,,,1,30,,21822,24,,,1,70,,21820,24,,,1,30,,21828,24,,,1,70,,21830,24,,,1,100,,21815,24,,,1,100,,21821,24,,,1,100,,21814,24,,,1,100,,21816,24,,,1,100,,21826,24,,,1,30,,21825,24,,,1,70,,21823,24,,,1,30,,21813,24,,,1,70,,21829,24,,,1,30,,21824,24,,,1,70,,21811,24,,,1,30,,21817,24,,,1,70,,21827,24,,,1
10601,'5',615,,21840,24,,,1,100,,21834,24,,,1,30,,21835,24,,,1,70,,21833,24,,,1,30,,21838,24,,,1,70,,21843,24,,,1,100,,21845,24,,,1,100,,21839,24,,,1,100,,21848,24,,,1,100,,21842,24,,,1,100,,21832,24,,,1,30,,21846,24,,,1,70,,21844,24,,,1,30,,21837,24,,,1,70,,21841,24,,,1,30,,21850,24,,,1,70,,21831,24,,,1,30,,21836,24,,,1,70,,21847,24,,,1
10601,'7',615,,21851,24,,,1,100,,21868,24,,,1,30,,21853,24,,,1,70,,21865,24,,,1,30,,21863,24,,,1,70,,21857,24,,,1,100,,21867,24,,,1,100,,21861,24,,,1,100,,21866,24,,,1,100,,21860,24,,,1,100,,21856,24,,,1,30,,21854,24,,,1,70,,21859,24,,,1,30,,21862,24,,,1,70,,21855,24,,,1,30,,21870,24,,,1,70,,21858,24,,,1,30,,21869,24,,,1,70,,21852,24,,,1
10601,'8',615,,21882,24,,,1,100,,21875,24,,,1,30,,21888,24,,,1,70,,21877,24,,,1,30,,21879,24,,,1,70,,21881,24,,,1,100,,21886,24,,,1,100,,21885,24,,,1,100,,21874,24,,,1,100,,21889,24,,,1,100,,21880,24,,,1,30,,21872,24,,,1,70,,21883,24,,,1,30,,21878,24,,,1,70,,21884,24,,,1,30,,21887,24,,,1,70,,21876,24,,,1,30,,21873,24,,,1,70,,21871,24,,,1
10601,'9',615,,21902,24,,,1,100,,21895,24,,,1,30,,21903,24,,,1,70,,21893,24,,,1,30,,21904,24,,,1,70,,21910,24,,,1,100,,21900,24,,,1,100,,21897,24,,,1,100,,21898,24,,,1,100,,21909,24,,,1,100,,21896,24,,,1,30,,21899,24,,,1,70,,21907,24,,,1,30,,21908,24,,,1,70,,21905,24,,,1,30,,21894,24,,,1,70,,21891,24,,,1,30,,21892,24,,,1,70,,21906,24,,,1
11201,'1',720,,24323,10,,,1,100,,24322,10,,,1,100,,24337,10,,,1,100,,24324,10,,,1,100,,24333,10,,,1,100,,24334,10,,,1,100,,24336,10,,,1,100,,24339,10,,,1,100,,24331,10,,,1,100,,24330,10,,,1,100,,24341,10,,,1
11201,'2',720,,24359,10,,,1,100,,24348,10,,,1,100,,24356,10,,,1,100,,24347,10,,,1,100,,19525,10,,,1,100,,24352,10,,,1,100,,24360,10,,,1,100,,24346,10,,,1,100,,24353,10,,,1,100,,24345,10,,,1,100,,24354,10,,,1
11201,'3',720,,24385,10,,,1,100,,24367,10,,,1,100,,24365,10,,,1,100,,24383,10,,,1,100,,24380,10,,,1,100,,24374,10,,,1,100,,24382,10,,,1,100,,24366,10,,,1,100,,24371,10,,,1,100,,24378,10,,,1,100,,24364,10,,,1
11201,'4',720,,24394,10,,,1,100,,24387,10,,,1,100,,24406,10,,,1,100,,24393,10,,,1,100,,24404,10,,,1,100,,24403,10,,,1,100,,24401,10,,,1,100,,24405,10,,,1,100,,24391,10,,,1,100,,24407,10,,,1,100,,24392,10,,,1
11201,'5',720,,24413,10,,,1,100,,24408,10,,,1,100,,24426,10,,,1,100,,24429,10,,,1,100,,24412,10,,,1,100,,24417,10,,,1,100,,24419,10,,,1,100,,24423,10,,,1,100,,24427,10,,,1,100,,24428,10,,,1,100,,24418,10,,,1
11201,'7',720,,24440,10,,,1,100,,24438,10,,,1,100,,24451,10,,,1,100,,24431,10,,,1,100,,24448,10,,,1,100,,24435,10,,,1,100,,24447,10,,,1,100,,24442,10,,,1,100,,24441,10,,,1,100,,24449,10,,,1,100,,24432,10,,,1
11201,'8',720,,24473,10,,,1,100,,24467,10,,,1,100,,24459,10,,,1,100,,24472,10,,,1,100,,24456,10,,,1,100,,24469,10,,,1,100,,24468,10,,,1,100,,24454,10,,,1,100,,24466,10,,,1,100,,24461,10,,,1,100,,24452,10,,,1
11201,'9',720,,24484,10,,,1,100,,24485,10,,,1,100,,24479,10,,,1,100,,24474,10,,,1,100,,24481,10,,,1,100,,24478,10,,,1,100,,24487,10,,,1,100,,24494,10,,,1,100,,24482,10,,,1,100,,24488,10,,,1,100,,24477,10,,,1
20601,'1',1849,,27627,14,,,1,70,,27616,14,,,1,30,,27620,14,,,1,70,,27617,14,,,1,30,,27619,14,,,1,70,,27618,14,,,1,30,,27632,14,,,1,70,,27634,14,,,1,30,,27621,14,,,1,70,,27622,14,,,1
20601,'10',716,,27674,14,,,1,30,,16663,14,,,1,70,,27664,14,,,1,30,,27670,14,,,1,70,,27659,14,,,1,30,,27678,14,,,1,70,,27666,14,,,1,30,,27667,14,,,1,70,,27683,14,,,1,30,,27648,14,,,1,70,,27655,14,,,1,30,,27677,14,,,1,70,,27662,14,,,1,30,,27658,14,,,1,70,,27669,14,,,1,30,,27637,14,,,1,70,,27685,14,,,1,30,,27660,14,,,1,70,,27649,14,,,1,30,,27641,14,,,1,70,,27686,14,,,1,30,,27676,14,,,1,70,,27645,14,,,1,30,,27663,14,,,1,72,,27643,14,,,1,28,,27654,14,,,1,70,,27687,14,,,1,30,,27652,14,,,1
20601,'11',716,,27696,14,,,1,30,,27718,14,,,1,70,,27710,14,,,1,30,,27720,14,,,1,70,,27716,14,,,1,30,,27693,14,,,1,70,,27730,14,,,1,30,,27731,14,,,1,70,,27715,14,,,1,30,,27721,14,,,1,70,,27708,14,,,1,30,,27728,14,,,1,70,,27738,14,,,1,30,,27691,14,,,1,70,,27722,14,,,1,30,,27697,14,,,1,70,,27689,14,,,1,30,,27732,14,,,1,70,,27706,14,,,1,30,,27740,14,,,1,70,,27734,14,,,1,30,,27703,14,,,1,70,,27714,14,,,1,30,,27700,14,,,1,72,,27724,14,,,1,28,,27726,14,,,1,70,,27702,14,,,1,30,,27733,14,,,1
20601,'2',1849,,27746,14,,,1,70,,27750,14,,,1,30,,27752,14,,,1,70,,27753,14,,,1,30,,27763,14,,,1,70,,27755,14,,,1,30,,27761,14,,,1,70,,27758,14,,,1,30,,27745,14,,,1,70,,27748,14,,,1
20601,'3',1849,,27766,14,,,1,70,,27783,14,,,1,30,,27776,14,,,1,70,,27779,14,,,1,30,,27765,14,,,1,70,,27768,14,,,1,30,,27771,14,,,1,70,,27778,14,,,1,30,,27773,14,,,1,70,,27770,14,,,1
20601,'4',1849,,27791,14,,,1,70,,27795,14,,,1,30,,27789,14,,,1,70,,27793,14,,,1,30,,27796,14,,,1,70,,27803,14,,,1,30,,27785,14,,,1,70,,27799,14,,,1,30,,27794,14,,,1,70,,27788,14,,,1
20601,'5',1849,,27808,14,,,1,70,,27820,14,,,1,30,,27816,14,,,1,70,,27804,14,,,1,30,,27822,14,,,1,70,,27815,14,,,1,30,,27810,14,,,1,70,,27812,14,,,1,30,,27819,14,,,1,70,,27814,14,,,1
20601,'6',716,,27854,14,,,1,30,,27858,14,,,1,70,,27855,14,,,1,30,,27838,14,,,1,70,,27824,14,,,1,30,,27843,14,,,1,70,,27875,14,,,1,30,,27850,14,,,1,70,,27851,14,,,1,30,,27833,14,,,1,70,,27866,14,,,1,30,,27841,14,,,1,70,,27870,14,,,1,30,,27849,14,,,1,70,,27846,14,,,1,30,,27836,14,,,1,70,,27852,14,,,1,30,,27848,14,,,1,70,,27845,14,,,1,30,,27859,14,,,1,70,,27830,14,,,1,30,,27840,14,,,1,70,,27861,14,,,1,30,,27832,14,,,1,72,,27877,14,,,1,28,,27826,14,,,1,70,,27864,14,,,1,30,,27853,14,,,1
20601,'7',1849,,27881,14,,,1,70,,27884,14,,,1,30,,27889,14,,,1,70,,27892,14,,,1,30,,27894,14,,,1,70,,27883,14,,,1,30,,27880,14,,,1,70,,27891,14,,,1,30,,27887,14,,,1,70,,27899,14,,,1
20601,'8',1849,,27912,14,,,1,70,,27916,14,,,1,30,,27910,14,,,1,70,,27904,14,,,1,30,,27914,14,,,1,70,,27919,14,,,1,30,,27908,14,,,1,70,,27911,14,,,1,30,,27915,14,,,1,70,,27903,14,,,1
20601,'9',1849,,27929,14,,,1,70,,27932,14,,,1,30,,27922,14,,,1,70,,27938,14,,,1,30,,27927,14,,,1,70,,27924,14,,,1,30,,27926,14,,,1,70,,27933,14,,,1,30,,27934,14,,,1,70,,27921,14,,,1
