10100,'1',704,,19742,7,,,1,30,,19743,7,,,1,70,,19746,7,,,1,30,,19744,7,,,1,70,,19757,7,,,1,30,,19748,7,,,1,70,,19756,7,,,1,100,,19758,7,,,1,100,,19751,7,,,1,100,,19749,7,,,1,100,,19750,7,,,1,100,,19745,7,,,1,30,,19755,7,,,1,70,,19753,7,,,1,30,,19759,7,,,1,70,,19747,7,,,1,30,,19754,7,,,1,70,,19752,7,,,1
10100,'2',704,,19776,7,,,1,30,,19773,7,,,1,70,,19772,7,,,1,30,,19767,7,,,1,70,,19766,7,,,1,30,,19760,7,,,1,70,,19768,7,,,1,100,,19761,7,,,1,100,,19774,7,,,1,100,,19762,7,,,1,100,,19763,7,,,1,100,,19777,7,,,1,30,,19765,7,,,1,70,,19771,7,,,1,30,,19769,7,,,1,70,,19764,7,,,1,30,,19775,7,,,1,70,,19770,7,,,1
10100,'3',704,,19793,7,,,1,30,,19780,7,,,1,70,,19785,7,,,1,30,,19783,7,,,1,70,,19789,7,,,1,30,,19788,7,,,1,70,,19795,7,,,1,100,,19792,7,,,1,100,,19778,7,,,1,100,,19781,7,,,1,100,,19784,7,,,1,100,,19787,7,,,1,30,,19794,7,,,1,70,,19779,7,,,1,30,,19791,7,,,1,70,,19782,7,,,1,30,,19790,7,,,1,70,,19786,7,,,1
10100,'4',704,,19808,7,,,1,30,,19807,7,,,1,70,,19812,7,,,1,30,,19799,7,,,1,70,,19805,7,,,1,30,,19797,7,,,1,70,,19803,7,,,1,100,,19800,7,,,1,100,,19810,7,,,1,100,,19806,7,,,1,100,,19798,7,,,1,100,,19813,7,,,1,30,,19802,7,,,1,70,,19796,7,,,1,30,,19809,7,,,1,70,,19801,7,,,1,30,,19804,7,,,1,70,,19811,7,,,1
10100,'5',704,,19815,7,,,1,30,,19831,7,,,1,70,,19816,7,,,1,30,,19825,7,,,1,70,,19827,7,,,1,30,,19828,7,,,1,70,,19824,7,,,1,100,,19818,7,,,1,100,,19826,7,,,1,100,,19817,7,,,1,100,,19820,7,,,1,100,,19822,7,,,1,30,,19830,7,,,1,70,,19819,7,,,1,30,,19823,7,,,1,70,,19814,7,,,1,30,,19829,7,,,1,70,,19821,7,,,1
10100,'7',704,,19832,7,,,1,30,,19845,7,,,1,70,,19843,7,,,1,30,,19839,7,,,1,70,,19841,7,,,1,30,,19836,7,,,1,70,,19833,7,,,1,100,,19847,7,,,1,100,,19834,7,,,1,100,,19849,7,,,1,100,,19842,7,,,1,100,,19844,7,,,1,30,,19848,7,,,1,70,,19837,7,,,1,30,,19835,7,,,1,70,,19840,7,,,1,30,,19838,7,,,1,70,,19846,7,,,1
10100,'8',704,,19862,7,,,1,30,,19851,7,,,1,70,,19852,7,,,1,30,,19866,7,,,1,70,,19864,7,,,1,30,,19860,7,,,1,70,,19850,7,,,1,100,,19867,7,,,1,100,,19856,7,,,1,100,,19858,7,,,1,100,,19859,7,,,1,100,,19853,7,,,1,30,,19855,7,,,1,70,,19863,7,,,1,30,,19854,7,,,1,70,,19861,7,,,1,30,,19865,7,,,1,70,,19857,7,,,1
10100,'9',704,,19875,7,,,1,30,,19870,7,,,1,70,,19878,7,,,1,30,,19877,7,,,1,70,,19868,7,,,1,30,,19876,7,,,1,70,,19884,7,,,1,100,,19881,7,,,1,100,,19883,7,,,1,100,,19879,7,,,1,100,,19871,7,,,1,100,,19872,7,,,1,30,,19882,7,,,1,70,,19880,7,,,1,30,,19873,7,,,1,70,,19874,7,,,1,30,,19885,7,,,1,70,,19869,7,,,1
11201,'1',722,,24323,13,,,1,100,,24322,13,,,1,100,,24337,13,,,1,100,,24324,13,,,1,100,,24333,13,,,1,100,,24334,13,,,1,100,,24336,13,,,1,100,,24339,13,,,1,100,,24331,13,,,1,100,,24330,13,,,1,100,,24341,13,,,1
11201,'2',722,,24359,13,,,1,100,,24348,13,,,1,100,,24356,13,,,1,100,,24347,13,,,1,100,,19525,13,,,1,100,,24352,13,,,1,100,,24360,13,,,1,100,,24346,13,,,1,100,,24353,13,,,1,100,,24345,13,,,1,100,,24354,13,,,1
11201,'3',722,,24385,13,,,1,100,,24367,13,,,1,100,,24365,13,,,1,100,,24383,13,,,1,100,,24380,13,,,1,100,,24374,13,,,1,100,,24382,13,,,1,100,,24366,13,,,1,100,,24371,13,,,1,100,,24378,13,,,1,100,,24364,13,,,1
11201,'4',722,,24394,13,,,1,100,,24387,13,,,1,100,,24406,13,,,1,100,,24393,13,,,1,100,,24404,13,,,1,100,,24403,13,,,1,100,,24401,13,,,1,100,,24405,13,,,1,100,,24391,13,,,1,100,,24407,13,,,1,100,,24392,13,,,1
11201,'5',722,,24413,13,,,1,100,,24408,13,,,1,100,,24426,13,,,1,100,,24429,13,,,1,100,,24412,13,,,1,100,,24417,13,,,1,100,,24419,13,,,1,100,,24423,13,,,1,100,,24427,13,,,1,100,,24428,13,,,1,100,,24418,13,,,1
11201,'7',722,,24440,13,,,1,100,,24438,13,,,1,100,,24451,13,,,1,100,,24431,13,,,1,100,,24448,13,,,1,100,,24435,13,,,1,100,,24447,13,,,1,100,,24442,13,,,1,100,,24441,13,,,1,100,,24449,13,,,1,100,,24432,13,,,1
11201,'8',722,,24473,13,,,1,100,,24467,13,,,1,100,,24459,13,,,1,100,,24472,13,,,1,100,,24456,13,,,1,100,,24469,13,,,1,100,,24468,13,,,1,100,,24454,13,,,1,100,,24466,13,,,1,100,,24461,13,,,1,100,,24452,13,,,1
11201,'9',722,,24484,13,,,1,100,,24485,13,,,1,100,,24479,13,,,1,100,,24474,13,,,1,100,,24481,13,,,1,100,,24478,13,,,1,100,,24487,13,,,1,100,,24494,13,,,1,100,,24482,13,,,1,100,,24488,13,,,1,100,,24477,13,,,1
20600,'1',1816,,27467,7,,,1,30,,27459,7,,,1,70,,27463,7,,,1,30,,27464,7,,,1,70,,27458,7,,,1,30,,27460,7,,,1,70,,27466,7,,,1,30,,27462,7,,,1,70,,27465,7,,,1,30,,27461,7,,,1
20600,'10',739,,18923,7,,,1,70,,27477,7,,,1,30,,27486,7,,,1,70,,27470,7,,,1,30,,27482,7,,,1,70,,27488,7,,,1,30,,27491,7,,,1,70,,27492,7,,,1,30,,27474,7,,,1,70,,27473,7,,,1,30,,27484,7,,,1,70,,27479,7,,,1,30,,27472,7,,,1,70,,27468,7,,,1,30,,27480,7,,,1,70,,27489,7,,,1,30,,27485,7,,,1,70,,27476,7,,,1,30,,27475,7,,,1,70,,27481,7,,,1,30,,27478,7,,,1,70,,27487,7,,,1,30,,27471,7,,,1,70,,27483,7,,,1,30,,27490,7,,,1,70,,27469,7,,,1
20600,'11',739,,27493,7,,,1,70,,27515,7,,,1,30,,27512,7,,,1,70,,27506,7,,,1,30,,27495,7,,,1,70,,27504,7,,,1,30,,27507,7,,,1,70,,27518,7,,,1,30,,27496,7,,,1,70,,27498,7,,,1,30,,27508,7,,,1,70,,27509,7,,,1,30,,27502,7,,,1,70,,27511,7,,,1,30,,27510,7,,,1,70,,27497,7,,,1,30,,27494,7,,,1,70,,27513,7,,,1,30,,27500,7,,,1,70,,27516,7,,,1,30,,27503,7,,,1,70,,27514,7,,,1,30,,27505,7,,,1,70,,27501,7,,,1,30,,27499,7,,,1,70,,27517,7,,,1
20600,'2',1816,,27521,7,,,1,30,,27528,7,,,1,70,,27526,7,,,1,30,,27522,7,,,1,70,,27519,7,,,1,30,,27525,7,,,1,70,,27520,7,,,1,30,,27527,7,,,1,70,,27524,7,,,1,30,,27523,7,,,1
20600,'3',1816,,27532,7,,,1,30,,27530,7,,,1,70,,27533,7,,,1,30,,27535,7,,,1,70,,27531,7,,,1,30,,27537,7,,,1,70,,27536,7,,,1,30,,27529,7,,,1,70,,27534,7,,,1,30,,27538,7,,,1
20600,'4',1816,,27539,7,,,1,30,,27547,7,,,1,70,,27541,7,,,1,30,,27544,7,,,1,70,,27543,7,,,1,30,,27546,7,,,1,70,,27545,7,,,1,30,,27548,7,,,1,70,,27540,7,,,1,30,,27542,7,,,1
20600,'5',1816,,27550,7,,,1,30,,27555,7,,,1,70,,27558,7,,,1,30,,27549,7,,,1,70,,27551,7,,,1,30,,27556,7,,,1,70,,27554,7,,,1,30,,27552,7,,,1,70,,27557,7,,,1,30,,27553,7,,,1
20600,'6',739,,27575,7,,,1,70,,27571,7,,,1,30,,27579,7,,,1,70,,27584,7,,,1,30,,27562,7,,,1,70,,27578,7,,,1,30,,27566,7,,,1,70,,27570,7,,,1,30,,27563,7,,,1,70,,27559,7,,,1,30,,27582,7,,,1,70,,27560,7,,,1,30,,27567,7,,,1,70,,27577,7,,,1,30,,27561,7,,,1,70,,27583,7,,,1,30,,27574,7,,,1,70,,27573,7,,,1,30,,27564,7,,,1,70,,27581,7,,,1,30,,27572,7,,,1,70,,27565,7,,,1,30,,27569,7,,,1,70,,27568,7,,,1,30,,27580,7,,,1,70,,27576,7,,,1
20600,'7',1816,,27586,7,,,1,30,,27589,7,,,1,70,,27591,7,,,1,30,,27593,7,,,1,70,,27592,7,,,1,30,,27588,7,,,1,70,,27585,7,,,1,30,,27590,7,,,1,70,,27594,7,,,1,30,,27587,7,,,1
20600,'8',1816,,27601,7,,,1,30,,27596,7,,,1,70,,27600,7,,,1,30,,27595,7,,,1,70,,27604,7,,,1,30,,27598,7,,,1,70,,27603,7,,,1,30,,27599,7,,,1,70,,27602,7,,,1,30,,27597,7,,,1
20600,'9',1816,,27608,7,,,1,30,,27611,7,,,1,70,,27614,7,,,1,30,,27607,7,,,1,70,,27609,7,,,1,30,,27613,7,,,1,70,,27610,7,,,1,30,,27605,7,,,1,70,,27612,7,,,1,30,,27606,7,,,1
