10301,'1',618,,20467,18,,,1,100,,20476,18,,,1,30,,20474,18,,,1,70,,20481,18,,,1,30,,20479,18,,,1,70,,20483,18,,,1,30,,20471,18,,,1,70,,20478,18,,,1,100,,20473,18,,,1,100,,20469,18,,,1,100,,20480,18,,,1,100,,20470,18,,,1,100,,20485,18,,,1,30,,17632,18,,,1,70,,20477,18,,,1,30,,20475,18,,,1,70,,20484,18,,,1,30,,20472,18,,,1,70,,20482,18,,,1,30,,20468,18,,,1
10301,'2',618,,20487,18,,,1,100,,20493,18,,,1,30,,20491,18,,,1,70,,20488,18,,,1,30,,20486,18,,,1,70,,20498,18,,,1,30,,20503,18,,,1,70,,20495,18,,,1,100,,20504,18,,,1,100,,20499,18,,,1,100,,20494,18,,,1,100,,20490,18,,,1,100,,20505,18,,,1,30,,20489,18,,,1,70,,20497,18,,,1,30,,20496,18,,,1,70,,20500,18,,,1,30,,20492,18,,,1,70,,20501,18,,,1,30,,20502,18,,,1
10301,'3',618,,20511,18,,,1,100,,20521,18,,,1,30,,20509,18,,,1,70,,20515,18,,,1,30,,20512,18,,,1,70,,20507,18,,,1,30,,20506,18,,,1,70,,20518,18,,,1,100,,20508,18,,,1,100,,20522,18,,,1,100,,20516,18,,,1,100,,20523,18,,,1,100,,20513,18,,,1,30,,20510,18,,,1,70,,20524,18,,,1,30,,20517,18,,,1,70,,20520,18,,,1,30,,20514,18,,,1,70,,20519,18,,,1,30,,20525,18,,,1
10301,'4',618,,20534,18,,,1,100,,20531,18,,,1,30,,20529,18,,,1,70,,20533,18,,,1,30,,20537,18,,,1,70,,20532,18,,,1,30,,20538,18,,,1,70,,20527,18,,,1,100,,20535,18,,,1,100,,20528,18,,,1,100,,20543,18,,,1,100,,20540,18,,,1,100,,20530,18,,,1,30,,20542,18,,,1,70,,20536,18,,,1,30,,20539,18,,,1,70,,20544,18,,,1,30,,20545,18,,,1,70,,20541,18,,,1,30,,20526,18,,,1
10301,'5',618,,20562,18,,,1,100,,20547,18,,,1,30,,20550,18,,,1,70,,20558,18,,,1,30,,20549,18,,,1,70,,20560,18,,,1,30,,20565,18,,,1,70,,20564,18,,,1,100,,20554,18,,,1,100,,20548,18,,,1,100,,20546,18,,,1,100,,20561,18,,,1,100,,20559,18,,,1,30,,20556,18,,,1,70,,20555,18,,,1,30,,20551,18,,,1,70,,20563,18,,,1,30,,20557,18,,,1,70,,20553,18,,,1,30,,20552,18,,,1
10301,'7',618,,20583,18,,,1,100,,20579,18,,,1,30,,20568,18,,,1,70,,20570,18,,,1,30,,20574,18,,,1,70,,20580,18,,,1,30,,20566,18,,,1,70,,20576,18,,,1,100,,20585,18,,,1,100,,20573,18,,,1,100,,20571,18,,,1,100,,20575,18,,,1,100,,20578,18,,,1,30,,20567,18,,,1,70,,20577,18,,,1,30,,20584,18,,,1,70,,20582,18,,,1,30,,20581,18,,,1,70,,20569,18,,,1,30,,20572,18,,,1
10301,'8',618,,20594,18,,,1,100,,20588,18,,,1,30,,20596,18,,,1,70,,20602,18,,,1,30,,20598,18,,,1,70,,20600,18,,,1,30,,20592,18,,,1,70,,20593,18,,,1,100,,20595,18,,,1,100,,20591,18,,,1,100,,20586,18,,,1,100,,20590,18,,,1,100,,20605,18,,,1,30,,20597,18,,,1,70,,20603,18,,,1,30,,20601,18,,,1,70,,20604,18,,,1,30,,20599,18,,,1,70,,20587,18,,,1,30,,20589,18,,,1
10301,'9',618,,20611,18,,,1,100,,20607,18,,,1,30,,20610,18,,,1,70,,20612,18,,,1,30,,20614,18,,,1,70,,20625,18,,,1,30,,20618,18,,,1,70,,20623,18,,,1,100,,20609,18,,,1,100,,20622,18,,,1,100,,20621,18,,,1,100,,20615,18,,,1,100,,20613,18,,,1,30,,20620,18,,,1,70,,20617,18,,,1,30,,20619,18,,,1,70,,20608,18,,,1,30,,20616,18,,,1,70,,20624,18,,,1,30,,20606,18,,,1
20301,'1',1916,,26667,13,0,9 3 10,1,30,,26666,13,0,9 3 10,1,70,,26669,13,0,9 3 10,1,30,,26671,13,0,9 3 10,1,70,,26674,13,0,9 3 10,1,30,,26670,13,0,9 3 10,1,70,,26665,13,0,9 3 10,1,30,,26668,13,0,9 3 10,1,70,,26672,13,0,9 3 10,1,30,,26664,13,0,9 3 10,1
20301,'10',714,,26695,13,0,9 3 10,1,30,,26689,13,0,9 3 10,1,70,,26690,13,0,9 3 10,1,30,,26684,13,0,9 3 10,1,70,,26677,13,0,9 3 10,1,30,,26694,13,0,9 3 10,1,70,,26682,13,0,9 3 10,1,30,,26693,13,0,9 3 10,1,70,,26699,13,0,9 3 10,1,30,,26676,13,0,9 3 10,1,70,,26675,13,0,9 3 10,1,30,,26683,13,0,9 3 10,1,70,,26680,13,0,9 3 10,1,30,,26691,13,0,9 3 10,1,70,,26700,13,0,9 3 10,1,30,,26696,13,0,9 3 10,1,70,,26678,13,0,9 3 10,1,30,,26685,13,0,9 3 10,1,70,,26701,13,0,9 3 10,1,30,,26686,13,0,9 3 10,1,70,,26698,13,0,9 3 10,1,30,,26687,13,0,9 3 10,1,70,,26692,13,0,9 3 10,1,30,,26688,13,0,9 3 10,1,70,,26702,13,0,9 3 10,1,30,,26679,13,0,9 3 10,1,70,,26681,13,0,9 3 10,1,30,,26697,13,0,9 3 10,1
20301,'11',714,,26730,13,0,9 3 10,1,30,,26718,13,0,9 3 10,1,70,,26711,13,0,9 3 10,1,30,,26722,13,0,9 3 10,1,70,,26714,13,0,9 3 10,1,30,,26725,13,0,9 3 10,1,70,,26706,13,0,9 3 10,1,30,,26709,13,0,9 3 10,1,70,,26705,13,0,9 3 10,1,30,,26726,13,0,9 3 10,1,70,,26719,13,0,9 3 10,1,30,,26703,13,0,9 3 10,1,70,,26704,13,0,9 3 10,1,30,,26729,13,0,9 3 10,1,70,,26717,13,0,9 3 10,1,30,,26710,13,0,9 3 10,1,70,,26708,13,0,9 3 10,1,30,,26724,13,0,9 3 10,1,70,,26715,13,0,9 3 10,1,30,,26721,13,0,9 3 10,1,70,,26728,13,0,9 3 10,1,30,,26707,13,0,9 3 10,1,70,,26723,13,0,9 3 10,1,30,,26720,13,0,9 3 10,1,70,,26716,13,0,9 3 10,1,30,,26727,13,0,9 3 10,1,70,,26713,13,0,9 3 10,1,30,,26712,13,0,9 3 10,1
20301,'2',1916,,26740,13,0,9 3 10,1,30,,26735,13,0,9 3 10,1,70,,26732,13,0,9 3 10,1,30,,26734,13,0,9 3 10,1,70,,26739,13,0,9 3 10,1,30,,26731,13,0,9 3 10,1,70,,26741,13,0,9 3 10,1,30,,26733,13,0,9 3 10,1,70,,26738,13,0,9 3 10,1,30,,26737,13,0,9 3 10,1
20301,'3',1916,,26752,13,0,9 3 10,1,30,,26748,13,0,9 3 10,1,70,,26750,13,0,9 3 10,1,30,,26745,13,0,9 3 10,1,70,,26746,13,0,9 3 10,1,30,,26749,13,0,9 3 10,1,70,,26744,13,0,9 3 10,1,30,,26743,13,0,9 3 10,1,70,,26751,13,0,9 3 10,1,30,,26742,13,0,9 3 10,1
20301,'4',1916,,26753,13,0,9 3 10,1,30,,26762,13,0,9 3 10,1,70,,26759,13,0,9 3 10,1,30,,26760,13,0,9 3 10,1,70,,26761,13,0,9 3 10,1,30,,26754,13,0,9 3 10,1,70,,26757,13,0,9 3 10,1,30,,26763,13,0,9 3 10,1,70,,26756,13,0,9 3 10,1,30,,26758,13,0,9 3 10,1
20301,'5',1916,,26770,13,0,9 3 10,1,30,,26766,13,0,9 3 10,1,70,,26772,13,0,9 3 10,1,30,,26773,13,0,9 3 10,1,70,,26765,13,0,9 3 10,1,30,,26767,13,0,9 3 10,1,70,,26774,13,0,9 3 10,1,30,,26771,13,0,9 3 10,1,70,,26769,13,0,9 3 10,1,30,,26768,13,0,9 3 10,1
20301,'6',714,,26786,13,0,9 3 10,1,30,,26798,13,0,9 3 10,1,70,,26794,13,0,9 3 10,1,30,,26801,13,0,9 3 10,1,70,,26785,13,0,9 3 10,1,30,,26782,13,0,9 3 10,1,70,,26797,13,0,9 3 10,1,30,,26775,13,0,9 3 10,1,70,,26781,13,0,9 3 10,1,30,,26788,13,0,9 3 10,1,70,,26796,13,0,9 3 10,1,30,,26790,13,0,9 3 10,1,70,,26778,13,0,9 3 10,1,30,,26799,13,0,9 3 10,1,70,,26791,13,0,9 3 10,1,30,,26776,13,0,9 3 10,1,70,,26783,13,0,9 3 10,1,30,,26777,13,0,9 3 10,1,70,,26793,13,0,9 3 10,1,30,,26802,13,0,9 3 10,1,70,,26784,13,0,9 3 10,1,30,,26787,13,0,9 3 10,1,70,,26779,13,0,9 3 10,1,30,,26800,13,0,9 3 10,1,70,,26780,13,0,9 3 10,1,30,,26792,13,0,9 3 10,1,70,,26795,13,0,9 3 10,1,30,,26789,13,0,9 3 10,1
20301,'7',1916,,26808,13,0,9 3 10,1,30,,26809,13,0,9 3 10,1,70,,26803,13,0,9 3 10,1,30,,26810,13,0,9 3 10,1,70,,26805,13,0,9 3 10,1,30,,26804,13,0,9 3 10,1,70,,26811,13,0,9 3 10,1,30,,26806,13,0,9 3 10,1,70,,26812,13,0,9 3 10,1,30,,26807,13,0,9 3 10,1
20301,'8',1916,,26816,13,0,9 3 10,1,30,,26821,13,0,9 3 10,1,70,,26815,13,0,9 3 10,1,30,,26817,13,0,9 3 10,1,70,,26820,13,0,9 3 10,1,30,,26824,13,0,9 3 10,1,70,,26823,13,0,9 3 10,1,30,,26819,13,0,9 3 10,1,70,,26814,13,0,9 3 10,1,30,,26818,13,0,9 3 10,1
20301,'9',1916,,26825,13,0,9 3 10,1,30,,26828,13,0,9 3 10,1,70,,26834,13,0,9 3 10,1,30,,26831,13,0,9 3 10,1,70,,26832,13,0,9 3 10,1,30,,26835,13,0,9 3 10,1,70,,26830,13,0,9 3 10,1,30,,26829,13,0,9 3 10,1,70,,26827,13,0,9 3 10,1,30,,26833,13,0,9 3 10,1
