10301,'1',616,,20467,15,,,1,100,,20476,15,,,1,30,,20474,15,,,1,70,,20481,15,,,1,30,,20479,15,,,1,70,,20483,15,,,1,30,,20471,15,,,1,70,,20478,15,,,1,100,,20473,15,,,1,100,,20469,15,,,1,100,,20480,15,,,1,100,,20470,15,,,1,100,,20485,15,,,1,30,,17632,15,,,1,70,,20477,15,,,1,30,,20475,15,,,1,70,,20484,15,,,1,30,,20472,15,,,1,70,,20482,15,,,1,30,,20468,15,,,1
10301,'2',616,,20487,15,,,1,100,,20493,15,,,1,30,,20491,15,,,1,70,,20488,15,,,1,30,,20486,15,,,1,70,,20498,15,,,1,30,,20503,15,,,1,70,,20495,15,,,1,100,,20504,15,,,1,100,,20499,15,,,1,100,,20494,15,,,1,100,,20490,15,,,1,100,,20505,15,,,1,30,,20489,15,,,1,70,,20497,15,,,1,30,,20496,15,,,1,70,,20500,15,,,1,30,,20492,15,,,1,70,,20501,15,,,1,30,,20502,15,,,1
10301,'3',616,,20511,15,,,1,100,,20521,15,,,1,30,,20509,15,,,1,70,,20515,15,,,1,30,,20512,15,,,1,70,,20507,15,,,1,30,,20506,15,,,1,70,,20518,15,,,1,100,,20508,15,,,1,100,,20522,15,,,1,100,,20516,15,,,1,100,,20523,15,,,1,100,,20513,15,,,1,30,,20510,15,,,1,70,,20524,15,,,1,30,,20517,15,,,1,70,,20520,15,,,1,30,,20514,15,,,1,70,,20519,15,,,1,30,,20525,15,,,1
10301,'4',616,,20534,15,,,1,100,,20531,15,,,1,30,,20529,15,,,1,70,,20533,15,,,1,30,,20537,15,,,1,70,,20532,15,,,1,30,,20538,15,,,1,70,,20527,15,,,1,100,,20535,15,,,1,100,,20528,15,,,1,100,,20543,15,,,1,100,,20540,15,,,1,100,,20530,15,,,1,30,,20542,15,,,1,70,,20536,15,,,1,30,,20539,15,,,1,70,,20544,15,,,1,30,,20545,15,,,1,70,,20541,15,,,1,30,,20526,15,,,1
10301,'5',616,,20562,15,,,1,100,,20547,15,,,1,30,,20550,15,,,1,70,,20558,15,,,1,30,,20549,15,,,1,70,,20560,15,,,1,30,,20565,15,,,1,70,,20564,15,,,1,100,,20554,15,,,1,100,,20548,15,,,1,100,,20546,15,,,1,100,,20561,15,,,1,100,,20559,15,,,1,30,,20556,15,,,1,70,,20555,15,,,1,30,,20551,15,,,1,70,,20563,15,,,1,30,,20557,15,,,1,70,,20553,15,,,1,30,,20552,15,,,1
10301,'7',616,,20583,15,,,1,100,,20579,15,,,1,30,,20568,15,,,1,70,,20570,15,,,1,30,,20574,15,,,1,70,,20580,15,,,1,30,,20566,15,,,1,70,,20576,15,,,1,100,,20585,15,,,1,100,,20573,15,,,1,100,,20571,15,,,1,100,,20575,15,,,1,100,,20578,15,,,1,30,,20567,15,,,1,70,,20577,15,,,1,30,,20584,15,,,1,70,,20582,15,,,1,30,,20581,15,,,1,70,,20569,15,,,1,30,,20572,15,,,1
10301,'8',616,,20594,15,,,1,100,,20588,15,,,1,30,,20596,15,,,1,70,,20602,15,,,1,30,,20598,15,,,1,70,,20600,15,,,1,30,,20592,15,,,1,70,,20593,15,,,1,100,,20595,15,,,1,100,,20591,15,,,1,100,,20586,15,,,1,100,,20590,15,,,1,100,,20605,15,,,1,30,,20597,15,,,1,70,,20603,15,,,1,30,,20601,15,,,1,70,,20604,15,,,1,30,,20599,15,,,1,70,,20587,15,,,1,30,,20589,15,,,1
10301,'9',616,,20611,15,,,1,100,,20607,15,,,1,30,,20610,15,,,1,70,,20612,15,,,1,30,,20614,15,,,1,70,,20625,15,,,1,30,,20618,15,,,1,70,,20623,15,,,1,100,,20609,15,,,1,100,,20622,15,,,1,100,,20621,15,,,1,100,,20615,15,,,1,100,,20613,15,,,1,30,,20620,15,,,1,70,,20617,15,,,1,30,,20619,15,,,1,70,,20608,15,,,1,30,,20616,15,,,1,70,,20624,15,,,1,30,,20606,15,,,1
20301,'1',1914,,26667,10,0,9 3 10,1,30,,26666,10,0,9 3 10,1,70,,26669,10,0,9 3 10,1,30,,26671,10,0,9 3 10,1,70,,26674,10,0,9 3 10,1,30,,26670,10,0,9 3 10,1,70,,26665,10,0,9 3 10,1,30,,26668,10,0,9 3 10,1,70,,26672,10,0,9 3 10,1,30,,26664,10,0,9 3 10,1
20301,'10',712,,26695,10,0,9 3 10,1,30,,26689,10,0,9 3 10,1,70,,26690,10,0,9 3 10,1,30,,26684,10,0,9 3 10,1,70,,26677,10,0,9 3 10,1,30,,26694,10,0,9 3 10,1,70,,26682,10,0,9 3 10,1,30,,26693,10,0,9 3 10,1,70,,26699,10,0,9 3 10,1,30,,26676,10,0,9 3 10,1,70,,26675,10,0,9 3 10,1,30,,26683,10,0,9 3 10,1,70,,26680,10,0,9 3 10,1,30,,26691,10,0,9 3 10,1,70,,26700,10,0,9 3 10,1,30,,26696,10,0,9 3 10,1,70,,26678,10,0,9 3 10,1,30,,26685,10,0,9 3 10,1,70,,26701,10,0,9 3 10,1,30,,26686,10,0,9 3 10,1,70,,26698,10,0,9 3 10,1,30,,26687,10,0,9 3 10,1,70,,26692,10,0,9 3 10,1,30,,26688,10,0,9 3 10,1,70,,26702,10,0,9 3 10,1,30,,26679,10,0,9 3 10,1,70,,26681,10,0,9 3 10,1,30,,26697,10,0,9 3 10,1
20301,'11',712,,26730,10,0,9 3 10,1,30,,26718,10,0,9 3 10,1,70,,26711,10,0,9 3 10,1,30,,26722,10,0,9 3 10,1,70,,26714,10,0,9 3 10,1,30,,26725,10,0,9 3 10,1,70,,26706,10,0,9 3 10,1,30,,26709,10,0,9 3 10,1,70,,26705,10,0,9 3 10,1,30,,26726,10,0,9 3 10,1,70,,26719,10,0,9 3 10,1,30,,26703,10,0,9 3 10,1,70,,26704,10,0,9 3 10,1,30,,26729,10,0,9 3 10,1,70,,26717,10,0,9 3 10,1,30,,26710,10,0,9 3 10,1,70,,26708,10,0,9 3 10,1,30,,26724,10,0,9 3 10,1,70,,26715,10,0,9 3 10,1,30,,26721,10,0,9 3 10,1,70,,26728,10,0,9 3 10,1,30,,26707,10,0,9 3 10,1,70,,26723,10,0,9 3 10,1,30,,26720,10,0,9 3 10,1,70,,26716,10,0,9 3 10,1,30,,26727,10,0,9 3 10,1,70,,26713,10,0,9 3 10,1,30,,26712,10,0,9 3 10,1
20301,'2',1914,,26740,10,0,9 3 10,1,30,,26735,10,0,9 3 10,1,70,,26732,10,0,9 3 10,1,30,,26734,10,0,9 3 10,1,70,,26739,10,0,9 3 10,1,30,,26731,10,0,9 3 10,1,70,,26741,10,0,9 3 10,1,30,,26733,10,0,9 3 10,1,70,,26738,10,0,9 3 10,1,30,,26737,10,0,9 3 10,1
20301,'3',1914,,26752,10,0,9 3 10,1,30,,26748,10,0,9 3 10,1,70,,26750,10,0,9 3 10,1,30,,26745,10,0,9 3 10,1,70,,26746,10,0,9 3 10,1,30,,26749,10,0,9 3 10,1,70,,26744,10,0,9 3 10,1,30,,26743,10,0,9 3 10,1,70,,26751,10,0,9 3 10,1,30,,26742,10,0,9 3 10,1
20301,'4',1914,,26753,10,0,9 3 10,1,30,,26762,10,0,9 3 10,1,70,,26759,10,0,9 3 10,1,30,,26760,10,0,9 3 10,1,70,,26761,10,0,9 3 10,1,30,,26754,10,0,9 3 10,1,70,,26757,10,0,9 3 10,1,30,,26763,10,0,9 3 10,1,70,,26756,10,0,9 3 10,1,30,,26758,10,0,9 3 10,1
20301,'5',1914,,26770,10,0,9 3 10,1,30,,26766,10,0,9 3 10,1,70,,26772,10,0,9 3 10,1,30,,26773,10,0,9 3 10,1,70,,26765,10,0,9 3 10,1,30,,26767,10,0,9 3 10,1,70,,26774,10,0,9 3 10,1,30,,26771,10,0,9 3 10,1,70,,26769,10,0,9 3 10,1,30,,26768,10,0,9 3 10,1
20301,'6',712,,26786,10,0,9 3 10,1,30,,26798,10,0,9 3 10,1,70,,26794,10,0,9 3 10,1,30,,26801,10,0,9 3 10,1,70,,26785,10,0,9 3 10,1,30,,26782,10,0,9 3 10,1,70,,26797,10,0,9 3 10,1,30,,26775,10,0,9 3 10,1,70,,26781,10,0,9 3 10,1,30,,26788,10,0,9 3 10,1,70,,26796,10,0,9 3 10,1,30,,26790,10,0,9 3 10,1,70,,26778,10,0,9 3 10,1,30,,26799,10,0,9 3 10,1,70,,26791,10,0,9 3 10,1,30,,26776,10,0,9 3 10,1,70,,26783,10,0,9 3 10,1,30,,26777,10,0,9 3 10,1,70,,26793,10,0,9 3 10,1,30,,26802,10,0,9 3 10,1,70,,26784,10,0,9 3 10,1,30,,26787,10,0,9 3 10,1,70,,26779,10,0,9 3 10,1,30,,26800,10,0,9 3 10,1,70,,26780,10,0,9 3 10,1,30,,26792,10,0,9 3 10,1,70,,26795,10,0,9 3 10,1,30,,26789,10,0,9 3 10,1
20301,'7',1914,,26808,10,0,9 3 10,1,30,,26809,10,0,9 3 10,1,70,,26803,10,0,9 3 10,1,30,,26810,10,0,9 3 10,1,70,,26805,10,0,9 3 10,1,30,,26804,10,0,9 3 10,1,70,,26811,10,0,9 3 10,1,30,,26806,10,0,9 3 10,1,70,,26812,10,0,9 3 10,1,30,,26807,10,0,9 3 10,1
20301,'8',1914,,26816,10,0,9 3 10,1,30,,26821,10,0,9 3 10,1,70,,26815,10,0,9 3 10,1,30,,26817,10,0,9 3 10,1,70,,26820,10,0,9 3 10,1,30,,26824,10,0,9 3 10,1,70,,26823,10,0,9 3 10,1,30,,26819,10,0,9 3 10,1,70,,26814,10,0,9 3 10,1,30,,26818,10,0,9 3 10,1
20301,'9',1914,,26825,10,0,9 3 10,1,30,,26828,10,0,9 3 10,1,70,,26834,10,0,9 3 10,1,30,,26831,10,0,9 3 10,1,70,,26832,10,0,9 3 10,1,30,,26835,10,0,9 3 10,1,70,,26830,10,0,9 3 10,1,30,,26829,10,0,9 3 10,1,70,,26827,10,0,9 3 10,1,30,,26833,10,0,9 3 10,1
