10500,'1',601,,21036,10,,,1,100,,21031,10,,,1,30,,21040,10,,,1,70,,21023,10,,,1,30,,21041,10,,,1,70,,21042,10,,,1,30,,21032,10,,,1,70,,21035,10,,,1,100,,21047,10,,,1,100,,21054,10,,,1,100,,21046,10,,,1,100,,21020,10,,,1,100,,21045,10,,,1,30,,21051,10,,,1,70,,21034,10,,,1,30,,21053,10,,,1,70,,21033,10,,,1,30,,21022,10,,,1,70,,21048,10,,,1
10500,'2',601,,21091,10,,,1,100,,21080,10,,,1,30,,21079,10,,,1,70,,21060,10,,,1,30,,21076,10,,,1,70,,17837,10,,,1,30,,17669,10,,,1,70,,21071,10,,,1,100,,21087,10,,,1,100,,21061,10,,,1,100,,21077,10,,,1,100,,21066,10,,,1,100,,21073,10,,,1,30,,21082,10,,,1,70,,21089,10,,,1,30,,21081,10,,,1,70,,21067,10,,,1,30,,21065,10,,,1,70,,21090,10,,,1
10500,'3',601,,21104,10,,,1,100,,21125,10,,,1,30,,21118,10,,,1,70,,21107,10,,,1,30,,21117,10,,,1,70,,21098,10,,,1,30,,21102,10,,,1,70,,21116,10,,,1,100,,21105,10,,,1,100,,21099,10,,,1,100,,21124,10,,,1,100,,21108,10,,,1,100,,21127,10,,,1,30,,21115,10,,,1,70,,21130,10,,,1,30,,21121,10,,,1,70,,21103,10,,,1,30,,21106,10,,,1,70,,21128,10,,,1
10500,'4',601,,21154,10,,,1,100,,21135,10,,,1,30,,21162,10,,,1,70,,21150,10,,,1,30,,21155,10,,,1,70,,21134,10,,,1,30,,21137,10,,,1,70,,21165,10,,,1,100,,21145,10,,,1,100,,21152,10,,,1,100,,21159,10,,,1,100,,21158,10,,,1,100,,21168,10,,,1,30,,21139,10,,,1,70,,21131,10,,,1,30,,21160,10,,,1,70,,21157,10,,,1,30,,21153,10,,,1,70,,21143,10,,,1
10500,'5',601,,21198,10,,,1,100,,21196,10,,,1,30,,21180,10,,,1,70,,21190,10,,,1,30,,21187,10,,,1,70,,21184,10,,,1,30,,21194,10,,,1,70,,21205,10,,,1,100,,21171,10,,,1,100,,21172,10,,,1,100,,21200,10,,,1,100,,21174,10,,,1,100,,21173,10,,,1,30,,21176,10,,,1,70,,21204,10,,,1,30,,21178,10,,,1,70,,21201,10,,,1,30,,21193,10,,,1,70,,21185,10,,,1
10500,'7',601,,21244,10,,,1,100,,21237,10,,,1,30,,21235,10,,,1,70,,21209,10,,,1,30,,21225,10,,,1,70,,21210,10,,,1,30,,21207,10,,,1,70,,21234,10,,,1,100,,21213,10,,,1,100,,21227,10,,,1,100,,21222,10,,,1,100,,21236,10,,,1,100,,21243,10,,,1,30,,21208,10,,,1,70,,21229,10,,,1,30,,21211,10,,,1,70,,21220,10,,,1,30,,21223,10,,,1,70,,21218,10,,,1
10500,'8',601,,21250,10,,,1,100,,21255,10,,,1,30,,21279,10,,,1,70,,21268,10,,,1,30,,21261,10,,,1,70,,21262,10,,,1,30,,21267,10,,,1,70,,21260,10,,,1,100,,21247,10,,,1,100,,21257,10,,,1,100,,21282,10,,,1,100,,21252,10,,,1,100,,21253,10,,,1,30,,21272,10,,,1,70,,21256,10,,,1,30,,21278,10,,,1,70,,21249,10,,,1,30,,21254,10,,,1,70,,21275,10,,,1
10500,'9',601,,21307,10,,,1,100,,21311,10,,,1,30,,21291,10,,,1,70,,21292,10,,,1,30,,21319,10,,,1,70,,21304,10,,,1,30,,21301,10,,,1,70,,21295,10,,,1,100,,21312,10,,,1,100,,21315,10,,,1,100,,21303,10,,,1,100,,21310,10,,,1,100,,21309,10,,,1,30,,21317,10,,,1,70,,21293,10,,,1,30,,21294,10,,,1,70,,21299,10,,,1,30,,21314,10,,,1,70,,21300,10,,,1
10501,'1',620,,17262,9,,,1,100,,21325,9,,,1,30,,18349,9,,,1,70,,21334,9,,,1,30,,21348,9,,,1,70,,15602,9,,,1,30,,21341,9,,,1,70,,21337,9,,,1,100,,21330,9,,,1,100,,21347,9,,,1,100,,21331,9,,,1,100,,21332,9,,,1,100,,21350,9,,,1,30,,18105,9,,,1,70,,21343,9,,,1,30,,21354,9,,,1,70,,21339,9,,,1,30,,21346,9,,,1,70,,21328,9,,,1
10501,'2',620,,21388,9,,,1,100,,21355,9,,,1,30,,21364,9,,,1,70,,21358,9,,,1,30,,21360,9,,,1,70,,21361,9,,,1,30,,21375,9,,,1,70,,21362,9,,,1,100,,21365,9,,,1,100,,21381,9,,,1,100,,21380,9,,,1,100,,21385,9,,,1,100,,21363,9,,,1,30,,14153,9,,,1,70,,21384,9,,,1,30,,21371,9,,,1,70,,21370,9,,,1,30,,21356,9,,,1,70,,21366,9,,,1
10501,'3',620,,21404,9,,,1,100,,21405,9,,,1,30,,21411,9,,,1,70,,21415,9,,,1,30,,21412,9,,,1,70,,21419,9,,,1,30,,21413,9,,,1,70,,21402,9,,,1,100,,21422,9,,,1,100,,21426,9,,,1,100,,21421,9,,,1,100,,21394,9,,,1,100,,21395,9,,,1,30,,21410,9,,,1,70,,21399,9,,,1,30,,21418,9,,,1,70,,21416,9,,,1,30,,21391,9,,,1,70,,21420,9,,,1
10501,'4',620,,21457,9,,,1,100,,21441,9,,,1,30,,21447,9,,,1,70,,21443,9,,,1,30,,21462,9,,,1,70,,21438,9,,,1,30,,21433,9,,,1,70,,21440,9,,,1,100,,21434,9,,,1,100,,21437,9,,,1,100,,21431,9,,,1,100,,21448,9,,,1,100,,21449,9,,,1,30,,21445,9,,,1,70,,21429,9,,,1,30,,21439,9,,,1,70,,21442,9,,,1,30,,21428,9,,,1,70,,21451,9,,,1
10501,'5',620,,21496,9,,,1,100,,21472,9,,,1,30,,21467,9,,,1,70,,21495,9,,,1,30,,21494,9,,,1,70,,21491,9,,,1,30,,21503,9,,,1,70,,21487,9,,,1,100,,21488,9,,,1,100,,21466,9,,,1,100,,21500,9,,,1,100,,21497,9,,,1,100,,21480,9,,,1,30,,21483,9,,,1,70,,21468,9,,,1,30,,21502,9,,,1,70,,21482,9,,,1,30,,21479,9,,,1,70,,21474,9,,,1
10501,'7',620,,21540,9,,,1,100,,21539,9,,,1,30,,21521,9,,,1,70,,21538,9,,,1,30,,21535,9,,,1,70,,21511,9,,,1,30,,21516,9,,,1,70,,21518,9,,,1,100,,21525,9,,,1,100,,21510,9,,,1,100,,21522,9,,,1,100,,21523,9,,,1,100,,21533,9,,,1,30,,21531,9,,,1,70,,21507,9,,,1,30,,21520,9,,,1,70,,21508,9,,,1,30,,21541,9,,,1,70,,21524,9,,,1
10501,'8',620,,21558,9,,,1,100,,21553,9,,,1,30,,21543,9,,,1,70,,21545,9,,,1,30,,21572,9,,,1,70,,21548,9,,,1,30,,21573,9,,,1,70,,21569,9,,,1,100,,21554,9,,,1,100,,21571,9,,,1,100,,21568,9,,,1,100,,21577,9,,,1,100,,21564,9,,,1,30,,21574,9,,,1,70,,21578,9,,,1,30,,21579,9,,,1,70,,21565,9,,,1,30,,21570,9,,,1,70,,21567,9,,,1
10501,'9',620,,21605,9,,,1,100,,21585,9,,,1,30,,21580,9,,,1,70,,21583,9,,,1,30,,21584,9,,,1,70,,21587,9,,,1,30,,21608,9,,,1,70,,21595,9,,,1,100,,21602,9,,,1,100,,21604,9,,,1,100,,21609,9,,,1,100,,21613,9,,,1,100,,21616,9,,,1,30,,21599,9,,,1,70,,21589,9,,,1,30,,21593,9,,,1,70,,21588,9,,,1,30,,21612,9,,,1,70,,21582,9,,,1
20500,'1',1900,,27170,7,,,1,100,,27164,7,,,1,100,,27171,7,,,1,100,,27165,7,,,1
20500,'10',700,,27182,7,,,1,100,,27187,7,,,1,100,,19499,7,,,1,100,,27177,7,,,1,100,,27176,7,,,1,100,,27175,7,,,1,100,,27185,7,,,1,100,,27196,7,,,1,100,,27180,7,,,1,100,,27195,7,,,1,100,,27183,7,,,1,100,,27190,7,,,1,100,,27178,7,,,1,100,,27198,7,,,1
20500,'11',700,,27200,7,,,1,100,,27216,7,,,1,100,,27201,7,,,1,100,,27224,7,,,1,100,,27215,7,,,1,100,,27220,7,,,1,100,,27223,7,,,1,100,,27213,7,,,1,100,,27210,7,,,1,100,,27221,7,,,1,100,,27226,7,,,1,100,,27214,7,,,1,100,,27209,7,,,1,100,,27218,7,,,1
20500,'2',1900,,27230,7,,,1,100,,27227,7,,,1,100,,27234,7,,,1,100,,27233,7,,,1
20500,'3',1900,,27237,7,,,1,100,,27235,7,,,1,100,,27240,7,,,1,100,,27241,7,,,1
20500,'4',1900,,27243,7,,,1,100,,27246,7,,,1,100,,27247,7,,,1,100,,27248,7,,,1
20500,'5',1900,,27256,7,,,1,100,,27253,7,,,1,100,,27251,7,,,1,100,,27254,7,,,1
20500,'6',700,,27284,7,,,1,100,,27277,7,,,1,100,,27286,7,,,1,100,,27283,7,,,1,100,,27281,7,,,1,100,,27279,7,,,1,100,,27261,7,,,1,100,,27268,7,,,1,100,,27272,7,,,1,100,,27275,7,,,1,100,,27280,7,,,1,100,,27263,7,,,1,100,,27285,7,,,1,100,,27262,7,,,1
20500,'7',1900,,27288,7,,,1,100,,27291,7,,,1,100,,27287,7,,,1,100,,27292,7,,,1
20500,'8',1900,,27299,7,,,1,100,,27297,7,,,1,100,,27302,7,,,1,100,,27298,7,,,1
20500,'9',1900,,27305,7,,,1,100,,27309,7,,,1,100,,27308,7,,,1,100,,27307,7,,,1
