11300,'1',629,,24507,13,,,1,100,,24518,13,,,1,100,,24513,13,,,1,100,,24510,13,,,1,100,,24522,13,,,1,100,,19261,13,,,1,100,,24521,13,,,1,100,,24506,13,,,1,100,,24525,13,,,1,100,,24532,13,,,1,100,,24523,13,,,1,100,,24528,13,,,1,100,,24527,13,,,1
11300,'2',629,,24538,13,,,1,100,,24542,13,,,1,100,,24556,13,,,1,100,,24552,13,,,1,100,,24548,13,,,1,100,,24534,13,,,1,100,,24546,13,,,1,100,,24533,13,,,1,100,,24563,13,,,1,100,,24570,13,,,1,100,,24541,13,,,1,100,,24566,13,,,1,100,,24557,13,,,1
11300,'3',629,,24609,13,,,1,100,,24582,13,,,1,100,,24573,13,,,1,100,,24586,13,,,1,100,,24575,13,,,1,100,,24606,13,,,1,100,,24580,13,,,1,100,,24594,13,,,1,100,,24592,13,,,1,100,,24591,13,,,1,100,,24576,13,,,1,100,,24598,13,,,1,100,,24574,13,,,1
11300,'4',629,,24637,13,,,1,100,,24647,13,,,1,100,,24642,13,,,1,100,,24634,13,,,1,100,,24619,13,,,1,100,,24628,13,,,1,100,,24630,13,,,1,100,,24618,13,,,1,100,,24617,13,,,1,100,,24629,13,,,1,100,,24633,13,,,1,100,,24632,13,,,1,100,,24643,13,,,1
11300,'5',629,,24671,13,,,1,100,,24668,13,,,1,100,,24653,13,,,1,100,,24652,13,,,1,100,,24674,13,,,1,100,,24667,13,,,1,100,,24686,13,,,1,100,,24658,13,,,1,100,,24650,13,,,1,100,,24682,13,,,1,100,,24679,13,,,1,100,,24675,13,,,1,100,,24677,13,,,1
11300,'7',629,,24711,13,,,1,100,,24719,13,,,1,100,,24724,13,,,1,100,,24700,13,,,1,100,,24716,13,,,1,100,,24718,13,,,1,100,,24726,13,,,1,100,,24720,13,,,1,100,,24709,13,,,1,100,,24703,13,,,1,100,,24696,13,,,1,100,,24704,13,,,1,100,,24722,13,,,1
11300,'8',629,,24759,13,,,1,100,,24727,13,,,1,100,,24758,13,,,1,100,,24755,13,,,1,100,,24764,13,,,1,100,,24730,13,,,1,100,,24751,13,,,1,100,,24754,13,,,1,100,,24752,13,,,1,100,,24765,13,,,1,100,,24729,13,,,1,100,,24756,13,,,1,100,,24744,13,,,1
11300,'9',629,,24778,13,,,1,100,,24797,13,,,1,100,,24795,13,,,1,100,,24766,13,,,1,100,,24772,13,,,1,100,,24801,13,,,1,100,,24803,13,,,1,100,,24773,13,,,1,100,,24770,13,,,1,100,,24787,13,,,1,100,,24798,13,,,1,100,,24768,13,,,1,100,,24780,13,,,1
21300,'1',1929,,28956,13,,,1,100,,28955,13,,,1,100,,28957,13,,,1,100,,28954,13,,,1
21300,'10',729,,28959,13,,,1,100,,28970,13,,,1,100,,28966,13,,,1,100,,28964,13,,,1,100,,28962,13,,,1,100,,28961,13,,,1,100,,28969,13,,,1,100,,28960,13,,,1,100,,28965,13,,,1,100,,28958,13,,,1,100,,28963,13,,,1,100,,28968,13,,,1,100,,28967,13,,,1
21300,'11',729,,28980,13,,,1,100,,28978,13,,,1,100,,28974,13,,,1,100,,28983,13,,,1,100,,28982,13,,,1,100,,28972,13,,,1,100,,28981,13,,,1,100,,28973,13,,,1,100,,28979,13,,,1,100,,28977,13,,,1,100,,28971,13,,,1,100,,28976,13,,,1,100,,28975,13,,,1
21300,'2',1929,,28985,13,,,1,100,,28987,13,,,1,100,,28986,13,,,1,100,,28984,13,,,1
21300,'3',1929,,28989,13,,,1,100,,28988,13,,,1,100,,28990,13,,,1,100,,28991,13,,,1
21300,'4',1929,,28992,13,,,1,100,,28993,13,,,1,100,,28994,13,,,1,100,,28995,13,,,1
21300,'5',1929,,28998,13,,,1,100,,28996,13,,,1,100,,28999,13,,,1,100,,28997,13,,,1
21300,'6',729,,29009,13,,,1,100,,29010,13,,,1,100,,29003,13,,,1,100,,29002,13,,,1,100,,29000,13,,,1,100,,29005,13,,,1,100,,29001,13,,,1,100,,29008,13,,,1,100,,29006,13,,,1,100,,29011,13,,,1,100,,29004,13,,,1,100,,29007,13,,,1,100,,29012,13,,,1
21300,'7',1929,,29015,13,,,1,100,,29016,13,,,1,100,,29014,13,,,1,100,,29013,13,,,1
21300,'8',1929,,29018,13,,,1,100,,29020,13,,,1,100,,29019,13,,,1,100,,29017,13,,,1
21300,'9',1929,,29023,13,,,1,100,,29021,13,,,1,100,,29024,13,,,1,100,,29022,13,,,1
