10500,'1',552,,21026,8,,,1,100,,21028,8,,,1,70,,21052,8,,,1,30,,21025,8,,,1,70,,21044,8,,,1,30,,21030,8,,,1,70,,21024,8,,,1,30,,21056,8,,,1,100,,21037,8,,,1,100,,21027,8,,,1,100,,21049,8,,,1,100,,21029,8,,,1,100,,21050,8,,,1,70,,21021,8,,,1,30,,21043,8,,,1,70,,21055,8,,,1,30,,18649,8,,,1,70,,21039,8,,,1,30,,21038,8,,,1
10500,'2',552,,21078,8,,,1,100,,21092,8,,,1,70,,21069,8,,,1,30,,21086,8,,,1,70,,21074,8,,,1,30,,21058,8,,,1,70,,21059,8,,,1,30,,21064,8,,,1,100,,21062,8,,,1,100,,21057,8,,,1,100,,21083,8,,,1,100,,21075,8,,,1,100,,21085,8,,,1,70,,21072,8,,,1,30,,21088,8,,,1,70,,21068,8,,,1,30,,21063,8,,,1,70,,21070,8,,,1,30,,21084,8,,,1
10500,'3',552,,21094,8,,,1,100,,21109,8,,,1,70,,21114,8,,,1,30,,21113,8,,,1,70,,21123,8,,,1,30,,21120,8,,,1,70,,21122,8,,,1,30,,21110,8,,,1,100,,21111,8,,,1,100,,21095,8,,,1,100,,21126,8,,,1,100,,21100,8,,,1,100,,21119,8,,,1,70,,21093,8,,,1,30,,21101,8,,,1,70,,21097,8,,,1,30,,21112,8,,,1,70,,21096,8,,,1,30,,21129,8,,,1
10500,'4',552,,21138,8,,,1,100,,21148,8,,,1,70,,21133,8,,,1,30,,21146,8,,,1,70,,21164,8,,,1,30,,21156,8,,,1,70,,21140,8,,,1,30,,21161,8,,,1,100,,21151,8,,,1,100,,21144,8,,,1,100,,21142,8,,,1,100,,21166,8,,,1,100,,21147,8,,,1,70,,21136,8,,,1,30,,21149,8,,,1,70,,21163,8,,,1,30,,21167,8,,,1,70,,21141,8,,,1,30,,21132,8,,,1
10500,'5',552,,21169,8,,,1,100,,21183,8,,,1,70,,21197,8,,,1,30,,21170,8,,,1,70,,21179,8,,,1,30,,21175,8,,,1,70,,21182,8,,,1,30,,21192,8,,,1,100,,21206,8,,,1,100,,21191,8,,,1,100,,21188,8,,,1,100,,21202,8,,,1,100,,21199,8,,,1,70,,21186,8,,,1,30,,21203,8,,,1,70,,21189,8,,,1,30,,21195,8,,,1,70,,21177,8,,,1,30,,21181,8,,,1
10500,'7',552,,21214,8,,,1,100,,21240,8,,,1,70,,21238,8,,,1,30,,21226,8,,,1,70,,21221,8,,,1,30,,21216,8,,,1,70,,21224,8,,,1,30,,21232,8,,,1,100,,21230,8,,,1,100,,21212,8,,,1,100,,21241,8,,,1,100,,21228,8,,,1,100,,21217,8,,,1,70,,21219,8,,,1,30,,21233,8,,,1,70,,21215,8,,,1,30,,21231,8,,,1,70,,21239,8,,,1,30,,21242,8,,,1
10500,'8',552,,21269,8,,,1,100,,21258,8,,,1,70,,21265,8,,,1,30,,21280,8,,,1,70,,21281,8,,,1,30,,21271,8,,,1,70,,21251,8,,,1,30,,21277,8,,,1,100,,21273,8,,,1,100,,21266,8,,,1,100,,21246,8,,,1,100,,21245,8,,,1,100,,21259,8,,,1,70,,21248,8,,,1,30,,21274,8,,,1,70,,21264,8,,,1,30,,21276,8,,,1,70,,21270,8,,,1,30,,21263,8,,,1
10500,'9',552,,21320,8,,,1,100,,21298,8,,,1,70,,21288,8,,,1,30,,21305,8,,,1,70,,21297,8,,,1,30,,21316,8,,,1,70,,21302,8,,,1,30,,21306,8,,,1,100,,21284,8,,,1,100,,21286,8,,,1,100,,21289,8,,,1,100,,21290,8,,,1,100,,21287,8,,,1,70,,21296,8,,,1,30,,21308,8,,,1,70,,21318,8,,,1,30,,21313,8,,,1,70,,21283,8,,,1,30,,21285,8,,,1
20500,'1',1851,,27166,8,,,1,100,,27168,8,,,1,100,,27167,8,,,1,100,,27169,8,,,1
20500,'10',651,,27194,8,,,1,100,,27174,8,,,1,100,,27184,8,,,1,100,,27186,8,,,1,100,,27192,8,,,1,100,,27173,8,,,1,100,,27188,8,,,1,100,,27181,8,,,1,100,,27191,8,,,1,100,,27179,8,,,1,100,,27197,8,,,1,100,,27189,8,,,1,100,,27193,8,,,1,100,,27172,8,,,1
20500,'11',651,,27207,8,,,1,100,,27199,8,,,1,100,,27211,8,,,1,100,,27219,8,,,1,100,,27202,8,,,1,100,,27203,8,,,1,100,,27212,8,,,1,100,,27205,8,,,1,100,,27225,8,,,1,100,,27206,8,,,1,100,,27217,8,,,1,100,,27208,8,,,1,100,,27204,8,,,1,100,,27222,8,,,1
20500,'2',1851,,27228,8,,,1,100,,27229,8,,,1,100,,27231,8,,,1,100,,27232,8,,,1
20500,'3',1851,,27238,8,,,1,100,,27236,8,,,1,100,,27242,8,,,1,100,,27239,8,,,1
20500,'4',1851,,27249,8,,,1,100,,27250,8,,,1,100,,27244,8,,,1,100,,27245,8,,,1
20500,'5',1851,,27252,8,,,1,100,,27258,8,,,1,100,,27257,8,,,1,100,,27255,8,,,1
20500,'6',651,,27271,8,,,1,100,,27266,8,,,1,100,,27267,8,,,1,100,,27269,8,,,1,100,,27274,8,,,1,100,,27264,8,,,1,100,,27273,8,,,1,100,,27276,8,,,1,100,,27282,8,,,1,100,,27265,8,,,1,100,,27260,8,,,1,100,,27278,8,,,1,100,,27259,8,,,1,100,,27270,8,,,1
20500,'7',1851,,27294,8,,,1,100,,27289,8,,,1,100,,27293,8,,,1,100,,27290,8,,,1
20500,'8',1851,,27296,8,,,1,100,,27300,8,,,1,100,,27301,8,,,1,100,,27295,8,,,1
20500,'9',1851,,27310,8,,,1,100,,27303,8,,,1,100,,27306,8,,,1,100,,27304,8,,,1
