10700,'1',633,,21914,6,0,5 6,1,100,,21915,6,0,5 6,1,70,,21920,6,0,5 6,1,30,,21926,6,0,5 6,1,70,,21913,6,0,5 6,1,30,,21912,6,0,5 6,1,100,,21917,6,0,5 6,1,100,,21923,6,0,5 6,1,100,,21924,6,0,5 6,1,100,,17265,6,0,5 6,1,100,,21925,6,0,5 6,1,70,,21922,6,0,5 6,1,30,,21919,6,0,5 6,1,70,,18192,6,0,5 6,1,30,,21911,6,0,5 6,1,70,,21921,6,0,5 6,1,30,,18668,6,0,5 6,1,70,,21916,6,0,5 6,1,30,,21918,6,0,5 6,1
10700,'2',633,,21936,6,0,5 6,1,100,,21932,6,0,5 6,1,70,,21927,6,0,5 6,1,30,,21943,6,0,5 6,1,70,,21933,6,0,5 6,1,30,,21944,6,0,5 6,1,100,,21935,6,0,5 6,1,100,,21942,6,0,5 6,1,100,,21937,6,0,5 6,1,100,,21938,6,0,5 6,1,100,,15154,6,0,5 6,1,70,,21934,6,0,5 6,1,30,,21931,6,0,5 6,1,70,,21930,6,0,5 6,1,30,,21940,6,0,5 6,1,70,,21939,6,0,5 6,1,30,,21941,6,0,5 6,1,70,,21928,6,0,5 6,1,30,,21929,6,0,5 6,1
10700,'3',633,,21959,6,0,5 6,1,100,,21954,6,0,5 6,1,70,,21956,6,0,5 6,1,30,,21948,6,0,5 6,1,70,,21962,6,0,5 6,1,30,,21957,6,0,5 6,1,100,,21963,6,0,5 6,1,100,,21961,6,0,5 6,1,100,,21950,6,0,5 6,1,100,,21945,6,0,5 6,1,100,,21947,6,0,5 6,1,70,,21949,6,0,5 6,1,30,,21953,6,0,5 6,1,70,,21955,6,0,5 6,1,30,,21951,6,0,5 6,1,70,,21952,6,0,5 6,1,30,,21958,6,0,5 6,1,70,,21960,6,0,5 6,1,30,,21946,6,0,5 6,1
10700,'4',633,,21981,6,0,5 6,1,100,,21977,6,0,5 6,1,70,,21968,6,0,5 6,1,30,,21966,6,0,5 6,1,70,,21979,6,0,5 6,1,30,,21980,6,0,5 6,1,100,,21976,6,0,5 6,1,100,,21973,6,0,5 6,1,100,,21969,6,0,5 6,1,100,,21971,6,0,5 6,1,100,,21974,6,0,5 6,1,70,,21970,6,0,5 6,1,30,,21972,6,0,5 6,1,70,,21978,6,0,5 6,1,30,,21964,6,0,5 6,1,70,,21982,6,0,5 6,1,30,,21967,6,0,5 6,1,70,,21965,6,0,5 6,1,30,,21975,6,0,5 6,1
10700,'5',633,,22000,6,0,5 6,1,100,,22001,6,0,5 6,1,70,,21994,6,0,5 6,1,30,,21992,6,0,5 6,1,70,,21999,6,0,5 6,1,30,,21993,6,0,5 6,1,100,,21998,6,0,5 6,1,100,,21986,6,0,5 6,1,100,,21991,6,0,5 6,1,100,,21995,6,0,5 6,1,100,,21983,6,0,5 6,1,70,,21989,6,0,5 6,1,30,,21990,6,0,5 6,1,70,,21984,6,0,5 6,1,30,,21996,6,0,5 6,1,70,,21997,6,0,5 6,1,30,,21987,6,0,5 6,1,70,,21985,6,0,5 6,1,30,,21988,6,0,5 6,1
10700,'7',633,,22012,6,0,5 6,1,100,,22007,6,0,5 6,1,70,,22008,6,0,5 6,1,30,,22017,6,0,5 6,1,70,,22018,6,0,5 6,1,30,,22004,6,0,5 6,1,100,,22009,6,0,5 6,1,100,,22019,6,0,5 6,1,100,,22015,6,0,5 6,1,100,,22003,6,0,5 6,1,100,,22006,6,0,5 6,1,70,,22011,6,0,5 6,1,30,,22020,6,0,5 6,1,70,,22005,6,0,5 6,1,30,,22016,6,0,5 6,1,70,,22013,6,0,5 6,1,30,,22002,6,0,5 6,1,70,,22014,6,0,5 6,1,30,,22010,6,0,5 6,1
10700,'8',633,,22029,6,0,5 6,1,100,,22031,6,0,5 6,1,70,,22026,6,0,5 6,1,30,,22030,6,0,5 6,1,70,,22027,6,0,5 6,1,30,,22035,6,0,5 6,1,100,,22034,6,0,5 6,1,100,,22024,6,0,5 6,1,100,,22025,6,0,5 6,1,100,,22032,6,0,5 6,1,100,,22033,6,0,5 6,1,70,,22022,6,0,5 6,1,30,,22038,6,0,5 6,1,70,,22021,6,0,5 6,1,30,,22023,6,0,5 6,1,70,,22039,6,0,5 6,1,30,,22037,6,0,5 6,1,70,,22036,6,0,5 6,1,30,,22028,6,0,5 6,1
10700,'9',633,,22044,6,0,5 6,1,100,,22057,6,0,5 6,1,70,,22058,6,0,5 6,1,30,,22048,6,0,5 6,1,70,,22043,6,0,5 6,1,30,,22045,6,0,5 6,1,100,,22055,6,0,5 6,1,100,,22051,6,0,5 6,1,100,,22054,6,0,5 6,1,100,,22052,6,0,5 6,1,100,,22046,6,0,5 6,1,70,,22047,6,0,5 6,1,30,,22042,6,0,5 6,1,70,,22049,6,0,5 6,1,30,,22053,6,0,5 6,1,70,,22050,6,0,5 6,1,30,,22041,6,0,5 6,1,70,,22056,6,0,5 6,1,30,,22040,6,0,5 6,1
21000,'1',1906,,28340,6,,,1,30,,28339,6,,,1,70,,28344,6,,,1,30,,28341,6,,,1,70,,28342,6,,,1,30,,28343,6,,,1,70,,28338,6,,,1,30,,28337,6,,,1,70,,18348,6,,,1
21000,'10',736,,28364,6,,,1,70,,28349,6,,,1,30,,28351,6,,,1,70,,28370,6,,,1,30,,28354,6,,,1,70,,28353,6,,,1,30,,28371,6,,,1,70,,28368,6,,,1,30,,28360,6,,,1,70,,28365,6,,,1,30,,28347,6,,,1,70,,28352,6,,,1,30,,28345,6,,,1,70,,28361,6,,,1,30,,28362,6,,,1,70,,28357,6,,,1,30,,28359,6,,,1,70,,28356,6,,,1,30,,28350,6,,,1,70,,28346,6,,,1,30,,28358,6,,,1,70,,28367,6,,,1,30,,28369,6,,,1,70,,28366,6,,,1,30,,28363,6,,,1,70,,28355,6,,,1,30,,28348,6,,,1
21000,'11',736,,28374,6,,,1,70,,28395,6,,,1,30,,28397,6,,,1,70,,28388,6,,,1,30,,28389,6,,,1,70,,28372,6,,,1,30,,28387,6,,,1,70,,28396,6,,,1,30,,28375,6,,,1,70,,28392,6,,,1,30,,28391,6,,,1,70,,28385,6,,,1,30,,28398,6,,,1,70,,28384,6,,,1,30,,28394,6,,,1,70,,28383,6,,,1,30,,28377,6,,,1,70,,28380,6,,,1,30,,28373,6,,,1,70,,28376,6,,,1,30,,28386,6,,,1,70,,28379,6,,,1,30,,28378,6,,,1,70,,28382,6,,,1,30,,28381,6,,,1,70,,28393,6,,,1,30,,28390,6,,,1
21000,'2',1906,,18174,6,,,1,30,,28401,6,,,1,70,,28399,6,,,1,30,,28402,6,,,1,70,,28405,6,,,1,30,,28400,6,,,1,70,,28403,6,,,1,30,,28404,6,,,1,70,,28406,6,,,1
21000,'3',1906,,28411,6,,,1,30,,28408,6,,,1,70,,28410,6,,,1,30,,28412,6,,,1,70,,28414,6,,,1,30,,28415,6,,,1,70,,28407,6,,,1,30,,28413,6,,,1,70,,28409,6,,,1
21000,'4',1906,,28422,6,,,1,30,,28420,6,,,1,70,,28421,6,,,1,30,,28416,6,,,1,70,,28417,6,,,1,30,,28424,6,,,1,70,,28418,6,,,1,30,,28419,6,,,1,70,,28423,6,,,1
21000,'5',1906,,28431,6,,,1,30,,28433,6,,,1,70,,28428,6,,,1,30,,28427,6,,,1,70,,28425,6,,,1,30,,28430,6,,,1,70,,28426,6,,,1,30,,28429,6,,,1,70,,28432,6,,,1
21000,'6',736,,28446,6,,,1,70,,28437,6,,,1,30,,28458,6,,,1,70,,28443,6,,,1,30,,28457,6,,,1,70,,28435,6,,,1,30,,28434,6,,,1,70,,28440,6,,,1,30,,28444,6,,,1,70,,28438,6,,,1,30,,28455,6,,,1,70,,28436,6,,,1,30,,28450,6,,,1,70,,28453,6,,,1,30,,28451,6,,,1,70,,28456,6,,,1,30,,28448,6,,,1,70,,28447,6,,,1,30,,28441,6,,,1,70,,28454,6,,,1,30,,28449,6,,,1,70,,28445,6,,,1,30,,28442,6,,,1,70,,28439,6,,,1,30,,28460,6,,,1,70,,28452,6,,,1,30,,28459,6,,,1
21000,'7',1906,,28462,6,,,1,30,,28463,6,,,1,70,,28467,6,,,1,30,,28465,6,,,1,70,,28461,6,,,1,30,,28468,6,,,1,70,,28464,6,,,1,30,,28469,6,,,1,70,,28466,6,,,1
21000,'8',1906,,28478,6,,,1,30,,28470,6,,,1,70,,28476,6,,,1,30,,28471,6,,,1,70,,28475,6,,,1,30,,28477,6,,,1,70,,28473,6,,,1,30,,28472,6,,,1,70,,28474,6,,,1
21000,'9',1906,,28486,6,,,1,30,,28483,6,,,1,70,,28479,6,,,1,30,,28485,6,,,1,70,,28484,6,,,1,30,,28480,6,,,1,70,,28481,6,,,1,30,,28482,6,,,1,70,,28487,6,,,1
