11200,'1',653,,24244,7,,,1,100,,24237,7,,,1,100,,24236,7,,,1,100,,24235,7,,,1,100,,24238,7,,,1,100,,24239,7,,,1,100,,24243,7,,,1,100,,24234,7,,,1,100,,24240,7,,,1,100,,24242,7,,,1,100,,24241,7,,,1
11200,'2',653,,24254,7,,,1,100,,24252,7,,,1,100,,24245,7,,,1,100,,24248,7,,,1,100,,24250,7,,,1,100,,24255,7,,,1,100,,24253,7,,,1,100,,24247,7,,,1,100,,24249,7,,,1,100,,24251,7,,,1,100,,24246,7,,,1
11200,'3',653,,24258,7,,,1,100,,24266,7,,,1,100,,24264,7,,,1,100,,24260,7,,,1,100,,24259,7,,,1,100,,24257,7,,,1,100,,24265,7,,,1,100,,24261,7,,,1,100,,24262,7,,,1,100,,24256,7,,,1,100,,24263,7,,,1
11200,'4',653,,24274,7,,,1,100,,24272,7,,,1,100,,24273,7,,,1,100,,24275,7,,,1,100,,24277,7,,,1,100,,24267,7,,,1,100,,24276,7,,,1,100,,24268,7,,,1,100,,24270,7,,,1,100,,24271,7,,,1,100,,24269,7,,,1
11200,'5',653,,24281,7,,,1,100,,24282,7,,,1,100,,24287,7,,,1,100,,24278,7,,,1,100,,24279,7,,,1,100,,24280,7,,,1,100,,24286,7,,,1,100,,24288,7,,,1,100,,24284,7,,,1,100,,24285,7,,,1,100,,24283,7,,,1
11200,'7',653,,24290,7,,,1,100,,24294,7,,,1,100,,24295,7,,,1,100,,24296,7,,,1,100,,24291,7,,,1,100,,24299,7,,,1,100,,24293,7,,,1,100,,24297,7,,,1,100,,24289,7,,,1,100,,24298,7,,,1,100,,24292,7,,,1
11200,'8',653,,24308,7,,,1,100,,24301,7,,,1,100,,24304,7,,,1,100,,24307,7,,,1,100,,24305,7,,,1,100,,24310,7,,,1,100,,24300,7,,,1,100,,24302,7,,,1,100,,24303,7,,,1,100,,24306,7,,,1,100,,24309,7,,,1
11200,'9',653,,24320,7,,,1,100,,24311,7,,,1,100,,24315,7,,,1,100,,24319,7,,,1,100,,24317,7,,,1,100,,24316,7,,,1,100,,24312,7,,,1,100,,24314,7,,,1,100,,24321,7,,,1,100,,24318,7,,,1,100,,24313,7,,,1
20300,'1',1907,,26519,14,,,1,30,,26514,14,,,1,70,,26516,14,,,1,30,,19313,14,,,1,70,,26513,14,,,1,30,,26517,14,,,1,70,,26515,14,,,1,30,,26512,14,,,1,70,,26518,14,,,1
20300,'10',737,,26525,14,,,1,70,,26536,14,,,1,30,,26521,14,,,1,70,,26546,14,,,1,30,,26545,14,,,1,70,,26529,14,,,1,30,,26544,14,,,1,70,,26526,14,,,1,30,,26530,14,,,1,70,,26531,14,,,1,30,,26528,14,,,1,70,,26537,14,,,1,30,,26523,14,,,1,70,,26527,14,,,1,30,,26520,14,,,1,70,,26542,14,,,1,30,,26524,14,,,1,70,,26533,14,,,1,30,,26540,14,,,1,70,,26522,14,,,1,30,,26538,14,,,1,70,,26532,14,,,1,30,,26543,14,,,1,70,,26534,14,,,1,30,,26535,14,,,1,70,,26541,14,,,1,30,,26539,14,,,1
20300,'11',737,,26571,14,,,1,70,,26558,14,,,1,30,,26572,14,,,1,70,,26553,14,,,1,30,,26573,14,,,1,70,,26547,14,,,1,30,,26561,14,,,1,70,,26560,14,,,1,30,,26569,14,,,1,70,,26549,14,,,1,30,,26566,14,,,1,70,,26554,14,,,1,30,,26550,14,,,1,70,,26551,14,,,1,30,,26556,14,,,1,70,,26548,14,,,1,30,,26564,14,,,1,70,,26563,14,,,1,30,,26559,14,,,1,70,,26555,14,,,1,30,,26562,14,,,1,70,,26552,14,,,1,30,,26557,14,,,1,70,,26567,14,,,1,30,,26565,14,,,1,70,,26570,14,,,1,30,,26568,14,,,1
20300,'2',1907,,26581,14,,,1,30,,26575,14,,,1,70,,26580,14,,,1,30,,26578,14,,,1,70,,26582,14,,,1,30,,26579,14,,,1,70,,26576,14,,,1,30,,26574,14,,,1,70,,26577,14,,,1
20300,'3',1907,,26585,14,,,1,30,,26589,14,,,1,70,,26586,14,,,1,30,,26590,14,,,1,70,,26583,14,,,1,30,,26591,14,,,1,70,,26584,14,,,1,30,,26587,14,,,1,70,,26588,14,,,1
20300,'4',1907,,26598,14,,,1,30,,26592,14,,,1,70,,26594,14,,,1,30,,26595,14,,,1,70,,26599,14,,,1,30,,26597,14,,,1,70,,26600,14,,,1,30,,26596,14,,,1,70,,26593,14,,,1
20300,'5',1907,,26607,14,,,1,30,,26601,14,,,1,70,,26606,14,,,1,30,,26604,14,,,1,70,,26609,14,,,1,30,,26605,14,,,1,70,,26602,14,,,1,30,,26603,14,,,1,70,,26608,14,,,1
20300,'6',737,,26622,14,,,1,70,,26636,14,,,1,30,,26628,14,,,1,70,,26621,14,,,1,30,,26616,14,,,1,70,,26618,14,,,1,30,,26619,14,,,1,70,,26624,14,,,1,30,,26611,14,,,1,70,,26625,14,,,1,30,,26617,14,,,1,70,,26633,14,,,1,30,,26614,14,,,1,70,,26610,14,,,1,30,,26630,14,,,1,70,,26612,14,,,1,30,,26634,14,,,1,70,,26623,14,,,1,30,,26627,14,,,1,70,,26615,14,,,1,30,,26631,14,,,1,70,,26635,14,,,1,30,,26620,14,,,1,70,,26626,14,,,1,30,,26632,14,,,1,70,,26629,14,,,1,30,,26613,14,,,1
20300,'7',1907,,26637,14,,,1,30,,26643,14,,,1,70,,26638,14,,,1,30,,26644,14,,,1,70,,26640,14,,,1,30,,26641,14,,,1,70,,26645,14,,,1,30,,26642,14,,,1,70,,26639,14,,,1
20300,'8',1907,,26650,14,,,1,30,,26652,14,,,1,70,,26649,14,,,1,30,,26654,14,,,1,70,,26646,14,,,1,30,,26648,14,,,1,70,,26651,14,,,1,30,,26647,14,,,1,70,,26653,14,,,1
20300,'9',1907,,26656,14,,,1,30,,26657,14,,,1,70,,26658,14,,,1,30,,26663,14,,,1,70,,26661,14,,,1,30,,26655,14,,,1,70,,26659,14,,,1,30,,26662,14,,,1,70,,26660,14,,,1
