10501,'1',630,,21326,12,,,1,100,,21351,12,,,1,70,,21333,12,,,1,30,,21342,12,,,1,70,,21345,12,,,1,30,,21340,12,,,1,70,,21324,12,,,1,30,,21349,12,,,1,100,,21335,12,,,1,100,,21352,12,,,1,100,,21338,12,,,1,100,,21323,12,,,1,100,,21327,12,,,1,70,,21329,12,,,1,30,,21353,12,,,1,70,,21322,12,,,1,30,,21336,12,,,1,70,,21344,12,,,1,30,,21321,12,,,1
10501,'2',630,,21376,12,,,1,100,,21379,12,,,1,70,,21387,12,,,1,30,,21369,12,,,1,70,,21378,12,,,1,30,,21377,12,,,1,70,,21372,12,,,1,30,,21386,12,,,1,100,,21383,12,,,1,100,,21357,12,,,1,100,,21382,12,,,1,100,,21374,12,,,1,100,,18132,12,,,1,70,,21373,12,,,1,30,,21367,12,,,1,70,,21368,12,,,1,30,,21359,12,,,1,70,,17299,12,,,1,30,,21389,12,,,1
10501,'3',630,,21427,12,,,1,100,,21408,12,,,1,70,,21407,12,,,1,30,,21392,12,,,1,70,,21406,12,,,1,30,,21393,12,,,1,70,,21414,12,,,1,30,,21424,12,,,1,100,,21409,12,,,1,100,,21397,12,,,1,100,,21423,12,,,1,100,,21403,12,,,1,100,,21401,12,,,1,70,,21398,12,,,1,30,,21396,12,,,1,70,,21425,12,,,1,30,,21390,12,,,1,70,,21400,12,,,1,30,,21417,12,,,1
10501,'4',630,,21446,12,,,1,100,,21465,12,,,1,70,,21459,12,,,1,30,,21444,12,,,1,70,,21432,12,,,1,30,,21464,12,,,1,70,,21452,12,,,1,30,,21463,12,,,1,100,,21450,12,,,1,100,,21435,12,,,1,100,,21454,12,,,1,100,,21461,12,,,1,100,,21458,12,,,1,70,,21436,12,,,1,30,,21430,12,,,1,70,,21456,12,,,1,30,,21460,12,,,1,70,,21453,12,,,1,30,,21455,12,,,1
10501,'5',630,,21498,12,,,1,100,,21493,12,,,1,70,,21499,12,,,1,30,,21469,12,,,1,70,,21476,12,,,1,30,,21473,12,,,1,70,,21478,12,,,1,30,,21501,12,,,1,100,,21490,12,,,1,100,,21486,12,,,1,100,,21470,12,,,1,100,,21475,12,,,1,100,,21481,12,,,1,70,,21492,12,,,1,30,,21484,12,,,1,70,,21485,12,,,1,30,,21489,12,,,1,70,,21471,12,,,1,30,,21477,12,,,1
10501,'7',630,,21536,12,,,1,100,,21512,12,,,1,70,,21506,12,,,1,30,,21504,12,,,1,70,,21529,12,,,1,30,,21526,12,,,1,70,,21532,12,,,1,30,,21527,12,,,1,100,,21509,12,,,1,100,,21505,12,,,1,100,,21537,12,,,1,100,,21534,12,,,1,100,,21517,12,,,1,70,,21514,12,,,1,30,,21513,12,,,1,70,,21519,12,,,1,30,,21530,12,,,1,70,,21528,12,,,1,30,,21515,12,,,1
10501,'8',630,,21561,12,,,1,100,,21559,12,,,1,70,,21552,12,,,1,30,,21560,12,,,1,70,,21544,12,,,1,30,,21562,12,,,1,70,,21556,12,,,1,30,,21542,12,,,1,100,,21555,12,,,1,100,,21557,12,,,1,100,,21551,12,,,1,100,,21549,12,,,1,100,,21547,12,,,1,70,,21576,12,,,1,30,,21566,12,,,1,70,,21550,12,,,1,30,,21546,12,,,1,70,,21563,12,,,1,30,,21575,12,,,1
10501,'9',630,,21596,12,,,1,100,,21591,12,,,1,70,,21586,12,,,1,30,,21614,12,,,1,70,,21610,12,,,1,30,,21611,12,,,1,70,,21615,12,,,1,30,,21597,12,,,1,100,,21617,12,,,1,100,,21600,12,,,1,100,,21606,12,,,1,100,,21594,12,,,1,100,,21581,12,,,1,70,,21592,12,,,1,30,,21607,12,,,1,70,,21603,12,,,1,30,,21601,12,,,1,70,,21590,12,,,1,30,,21598,12,,,1
20501,'1',1929,,18082,12,,,1,100,,27311,12,,,1,100,,27314,12,,,1,100,,27316,12,,,1
20501,'10',729,,27340,12,,,1,100,,27344,12,,,1,100,,27327,12,,,1,100,,27335,12,,,1,100,,27339,12,,,1,100,,27320,12,,,1,100,,27326,12,,,1,100,,27338,12,,,1,100,,27324,12,,,1,100,,27325,12,,,1,100,,27322,12,,,1,100,,27334,12,,,1,100,,27333,12,,,1,100,,27341,12,,,1
20501,'11',729,,27354,12,,,1,100,,27350,12,,,1,100,,27362,12,,,1,100,,27347,12,,,1,100,,27355,12,,,1,100,,27359,12,,,1,100,,27372,12,,,1,100,,27364,12,,,1,100,,27357,12,,,1,100,,27371,12,,,1,100,,27373,12,,,1,100,,27353,12,,,1,100,,27369,12,,,1,100,,27356,12,,,1
20501,'2',1929,,27378,12,,,1,100,,27376,12,,,1,100,,27379,12,,,1,100,,27377,12,,,1
20501,'3',1929,,27389,12,,,1,100,,27383,12,,,1,100,,27387,12,,,1,100,,27382,12,,,1
20501,'4',1929,,27393,12,,,1,100,,27395,12,,,1,100,,27392,12,,,1,100,,27394,12,,,1
20501,'5',1929,,27405,12,,,1,100,,27401,12,,,1,100,,27402,12,,,1,100,,27399,12,,,1
20501,'6',729,,27408,12,,,1,100,,27432,12,,,1,100,,27424,12,,,1,100,,27433,12,,,1,100,,27417,12,,,1,100,,27412,12,,,1,100,,27420,12,,,1,100,,27410,12,,,1,100,,27430,12,,,1,100,,27411,12,,,1,100,,27429,12,,,1,100,,27406,12,,,1,100,,27409,12,,,1,100,,27426,12,,,1
20501,'7',1929,,27438,12,,,1,100,,27439,12,,,1,100,,27441,12,,,1,100,,27437,12,,,1
20501,'8',1929,,27445,12,,,1,100,,27449,12,,,1,100,,27443,12,,,1,100,,27447,12,,,1
20501,'9',1929,,27457,12,,,1,100,,27452,12,,,1,100,,27450,12,,,1,100,,27453,12,,,1
