10600,'1',639,,21619,7,,,1,100,,21625,7,,,1,70,,21632,7,,,1,30,,21627,7,,,1,70,,21621,7,,,1,30,,21626,7,,,1,100,,21629,7,,,1,100,,21631,7,,,1,100,,21618,7,,,1,100,,16062,7,,,1,100,,21633,7,,,1,70,,21620,7,,,1,30,,21623,7,,,1,70,,21622,7,,,1,23,,21630,7,,,1,77,,21628,7,,,1,23,,21624,7,,,1
10600,'2',639,,21646,7,,,1,100,,21649,7,,,1,70,,17440,7,,,1,30,,21643,7,,,1,70,,21645,7,,,1,30,,21634,7,,,1,100,,21638,7,,,1,100,,21647,7,,,1,100,,21636,7,,,1,100,,21642,7,,,1,100,,21637,7,,,1,70,,21641,7,,,1,30,,21635,7,,,1,70,,21644,7,,,1,23,,21648,7,,,1,77,,21639,7,,,1,23,,21640,7,,,1
10600,'3',639,,21666,7,,,1,100,,21664,7,,,1,70,,21655,7,,,1,30,,21661,7,,,1,70,,21656,7,,,1,30,,21653,7,,,1,100,,21651,7,,,1,100,,21665,7,,,1,100,,21663,7,,,1,100,,21657,7,,,1,100,,21654,7,,,1,70,,21662,7,,,1,30,,21650,7,,,1,70,,21658,7,,,1,23,,21659,7,,,1,77,,21660,7,,,1,23,,21652,7,,,1
10600,'4',639,,21682,7,,,1,100,,21676,7,,,1,70,,21674,7,,,1,30,,21681,7,,,1,70,,21675,7,,,1,30,,21680,7,,,1,100,,21671,7,,,1,100,,21678,7,,,1,100,,21673,7,,,1,100,,21668,7,,,1,100,,21667,7,,,1,70,,21683,7,,,1,30,,21670,7,,,1,70,,21679,7,,,1,23,,21669,7,,,1,77,,21677,7,,,1,23,,21672,7,,,1
10600,'5',639,,21697,7,,,1,100,,21693,7,,,1,70,,21684,7,,,1,30,,21696,7,,,1,70,,21686,7,,,1,30,,21690,7,,,1,100,,21692,7,,,1,100,,21685,7,,,1,100,,21691,7,,,1,100,,21699,7,,,1,100,,21694,7,,,1,70,,21698,7,,,1,30,,21695,7,,,1,70,,21700,7,,,1,23,,21688,7,,,1,77,,21689,7,,,1,23,,21687,7,,,1
10600,'7',639,,21713,7,,,1,100,,21716,7,,,1,70,,21703,7,,,1,30,,21705,7,,,1,70,,21702,7,,,1,30,,21701,7,,,1,100,,21708,7,,,1,100,,21710,7,,,1,100,,21706,7,,,1,100,,21717,7,,,1,100,,21712,7,,,1,70,,21704,7,,,1,30,,21715,7,,,1,70,,21714,7,,,1,23,,21707,7,,,1,77,,21711,7,,,1,23,,21709,7,,,1
10600,'8',639,,21727,7,,,1,100,,21721,7,,,1,70,,21723,7,,,1,30,,21730,7,,,1,70,,21734,7,,,1,30,,21729,7,,,1,100,,21726,7,,,1,100,,21718,7,,,1,100,,21732,7,,,1,100,,21720,7,,,1,100,,21725,7,,,1,70,,21731,7,,,1,30,,21722,7,,,1,70,,21724,7,,,1,23,,21728,7,,,1,77,,21719,7,,,1,23,,21733,7,,,1
10600,'9',639,,21739,7,,,1,100,,21749,7,,,1,70,,21746,7,,,1,30,,21751,7,,,1,70,,21743,7,,,1,30,,21737,7,,,1,100,,21750,7,,,1,100,,21744,7,,,1,100,,21745,7,,,1,100,,21740,7,,,1,100,,21742,7,,,1,70,,21736,7,,,1,30,,21748,7,,,1,70,,21747,7,,,1,23,,21738,7,,,1,77,,21741,7,,,1,23,,21735,7,,,1
11200,'1',659,,24244,19,,,1,100,,24237,19,,,1,100,,24236,19,,,1,100,,24235,19,,,1,100,,24238,19,,,1,100,,24239,19,,,1,100,,24243,19,,,1,100,,24234,19,,,1,100,,24240,19,,,1,100,,24242,19,,,1,100,,24241,19,,,1
11200,'2',659,,24254,19,,,1,100,,24252,19,,,1,100,,24245,19,,,1,100,,24248,19,,,1,100,,24250,19,,,1,100,,24255,19,,,1,100,,24253,19,,,1,100,,24247,19,,,1,100,,24249,19,,,1,100,,24251,19,,,1,100,,24246,19,,,1
11200,'3',659,,24258,19,,,1,100,,24266,19,,,1,100,,24264,19,,,1,100,,24260,19,,,1,100,,24259,19,,,1,100,,24257,19,,,1,100,,24265,19,,,1,100,,24261,19,,,1,100,,24262,19,,,1,100,,24256,19,,,1,100,,24263,19,,,1
11200,'4',659,,24274,19,,,1,100,,24272,19,,,1,100,,24273,19,,,1,100,,24275,19,,,1,100,,24277,19,,,1,100,,24267,19,,,1,100,,24276,19,,,1,100,,24268,19,,,1,100,,24270,19,,,1,100,,24271,19,,,1,100,,24269,19,,,1
11200,'5',659,,24281,19,,,1,100,,24282,19,,,1,100,,24287,19,,,1,100,,24278,19,,,1,100,,24279,19,,,1,100,,24280,19,,,1,100,,24286,19,,,1,100,,24288,19,,,1,100,,24284,19,,,1,100,,24285,19,,,1,100,,24283,19,,,1
11200,'7',659,,24290,19,,,1,100,,24294,19,,,1,100,,24295,19,,,1,100,,24296,19,,,1,100,,24291,19,,,1,100,,24299,19,,,1,100,,24293,19,,,1,100,,24297,19,,,1,100,,24289,19,,,1,100,,24298,19,,,1,100,,24292,19,,,1
11200,'8',659,,24308,19,,,1,100,,24301,19,,,1,100,,24304,19,,,1,100,,24307,19,,,1,100,,24305,19,,,1,100,,24310,19,,,1,100,,24300,19,,,1,100,,24302,19,,,1,100,,24303,19,,,1,100,,24306,19,,,1,100,,24309,19,,,1
11200,'9',659,,24320,19,,,1,100,,24311,19,,,1,100,,24315,19,,,1,100,,24319,19,,,1,100,,24317,19,,,1,100,,24316,19,,,1,100,,24312,19,,,1,100,,24314,19,,,1,100,,24321,19,,,1,100,,24318,19,,,1,100,,24313,19,,,1
