10701,'1',559,,17499,2,,,1,100,,22095,2,,,1,70,,22085,2,,,1,30,,22078,2,,,1,70,,22106,2,,,1,30,,22102,2,,,1,100,,22094,2,,,1,100,,22109,2,,,1,100,,22081,2,,,1,100,,22089,2,,,1,100,,22068,2,,,1,70,,22088,2,,,1,30,,22093,2,,,1,70,,22069,2,,,1,30,,22110,2,,,1,70,,22083,2,,,1,30,,22098,2,,,1,70,,22114,2,,,1,30,,22076,2,,,1,100,,22059,2,,,1
10701,'2',559,,22128,2,,,1,100,,22160,2,,,1,70,,22122,2,,,1,30,,22140,2,,,1,70,,22120,2,,,1,30,,22154,2,,,1,100,,22146,2,,,1,100,,22148,2,,,1,100,,22127,2,,,1,100,,22137,2,,,1,100,,22125,2,,,1,70,,22133,2,,,1,30,,22145,2,,,1,70,,22138,2,,,1,30,,22166,2,,,1,70,,22164,2,,,1,30,,22119,2,,,1,70,,22129,2,,,1,30,,22130,2,,,1,100,,22169,2,,,1
10701,'3',559,,22208,2,,,1,100,,22189,2,,,1,70,,22230,2,,,1,30,,22188,2,,,1,70,,22213,2,,,1,30,,22203,2,,,1,100,,22204,2,,,1,100,,22214,2,,,1,100,,22200,2,,,1,100,,22176,2,,,1,100,,22223,2,,,1,70,,22222,2,,,1,30,,22199,2,,,1,70,,22177,2,,,1,30,,22178,2,,,1,70,,22192,2,,,1,30,,22224,2,,,1,70,,22235,2,,,1,30,,22180,2,,,1,100,,22193,2,,,1
10701,'4',559,,22252,2,,,1,100,,22258,2,,,1,70,,22294,2,,,1,30,,22290,2,,,1,70,,22277,2,,,1,30,,22265,2,,,1,100,,22245,2,,,1,100,,22269,2,,,1,100,,22285,2,,,1,100,,22257,2,,,1,100,,22273,2,,,1,70,,22289,2,,,1,30,,22253,2,,,1,70,,22282,2,,,1,30,,22264,2,,,1,70,,22244,2,,,1,30,,22293,2,,,1,70,,22291,2,,,1,30,,22283,2,,,1,100,,22260,2,,,1
10701,'5',559,,22355,2,,,1,100,,22321,2,,,1,70,,22346,2,,,1,30,,22334,2,,,1,70,,22330,2,,,1,30,,22354,2,,,1,100,,22320,2,,,1,100,,22311,2,,,1,100,,22325,2,,,1,100,,22315,2,,,1,100,,22306,2,,,1,70,,22338,2,,,1,30,,22328,2,,,1,70,,22327,2,,,1,30,,22312,2,,,1,70,,22336,2,,,1,30,,22304,2,,,1,70,,22309,2,,,1,30,,22331,2,,,1,100,,22332,2,,,1
10701,'7',559,,22382,2,,,1,100,,22369,2,,,1,70,,22384,2,,,1,30,,22371,2,,,1,70,,22393,2,,,1,30,,22379,2,,,1,100,,22375,2,,,1,100,,22400,2,,,1,100,,22402,2,,,1,100,,22368,2,,,1,100,,22360,2,,,1,70,,22405,2,,,1,30,,22387,2,,,1,70,,22357,2,,,1,30,,22363,2,,,1,70,,22412,2,,,1,30,,22365,2,,,1,70,,22370,2,,,1,30,,22396,2,,,1,100,,22356,2,,,1
10701,'8',559,,22435,2,,,1,100,,22432,2,,,1,70,,22465,2,,,1,30,,22429,2,,,1,70,,22442,2,,,1,30,,22434,2,,,1,100,,22447,2,,,1,100,,22424,2,,,1,100,,22446,2,,,1,100,,22430,2,,,1,100,,22474,2,,,1,70,,22422,2,,,1,30,,22421,2,,,1,70,,22462,2,,,1,30,,22473,2,,,1,70,,22439,2,,,1,30,,22463,2,,,1,70,,22436,2,,,1,30,,22455,2,,,1,100,,22467,2,,,1
10701,'9',559,,22497,2,,,1,100,,22483,2,,,1,70,,22477,2,,,1,30,,22525,2,,,1,70,,22503,2,,,1,30,,22484,2,,,1,100,,22488,2,,,1,100,,22511,2,,,1,100,,22512,2,,,1,100,,22527,2,,,1,100,,22491,2,,,1,70,,22501,2,,,1,30,,22529,2,,,1,70,,22508,2,,,1,30,,22521,2,,,1,70,,22493,2,,,1,30,,22485,2,,,1,70,,22516,2,,,1,30,,22531,2,,,1,100,,22479,2,,,1
21401,'1',1840,,29314,11,,,1,100,,29315,11,,,1,100,,29313,11,,,1,100,,29312,11,,,1,100,,29311,11,,,1
21401,'10',740,,29324,11,,,1,100,,29323,11,,,1,100,,29327,11,,,1,100,,29322,11,,,1,100,,29325,11,,,1,100,,29316,11,,,1,100,,29326,11,,,1,100,,29319,11,,,1,100,,29320,11,,,1,100,,17231,11,,,1,100,,29317,11,,,1,100,,29318,11,,,1,100,,29321,11,,,1
21401,'11',740,,29335,11,,,1,100,,29331,11,,,1,100,,29334,11,,,1,100,,29328,11,,,1,100,,29329,11,,,1,100,,29336,11,,,1,100,,29330,11,,,1,100,,29338,11,,,1,100,,29339,11,,,1,100,,29332,11,,,1,100,,29337,11,,,1,100,,29340,11,,,1,100,,29333,11,,,1
21401,'2',1840,,29344,11,,,1,100,,29343,11,,,1,100,,29342,11,,,1,100,,29341,11,,,1,100,,29345,11,,,1
21401,'3',1840,,29347,11,,,1,100,,29350,11,,,1,100,,29348,11,,,1,100,,29346,11,,,1,100,,29349,11,,,1
21401,'4',1840,,29354,11,,,1,100,,29352,11,,,1,100,,29355,11,,,1,100,,29353,11,,,1,100,,29351,11,,,1
21401,'5',1840,,29360,11,,,1,100,,29358,11,,,1,100,,29357,11,,,1,100,,29356,11,,,1,100,,29359,11,,,1
21401,'6',740,,29373,11,,,1,100,,29365,11,,,1,100,,29368,11,,,1,100,,29367,11,,,1,100,,29370,11,,,1,100,,29366,11,,,1,100,,29361,11,,,1,100,,29364,11,,,1,100,,29372,11,,,1,100,,29369,11,,,1,100,,29363,11,,,1,100,,29371,11,,,1,100,,29362,11,,,1
21401,'7',1840,,29377,11,,,1,100,,29374,11,,,1,100,,29375,11,,,1,100,,29378,11,,,1,100,,29376,11,,,1
21401,'8',1840,,29382,11,,,1,100,,29379,11,,,1,100,,29380,11,,,1,100,,29381,11,,,1,100,,29383,11,,,1
21401,'9',1840,,29388,11,,,1,100,,29386,11,,,1,100,,29387,11,,,1,100,,29385,11,,,1,100,,29384,11,,,1
