10701,'1',556,,22097,5,0,5 6,1,100,,22072,5,0,5 6,1,70,,22075,5,0,5 6,1,30,,22066,5,0,5 6,1,70,,22117,5,0,5 6,1,30,,22073,5,0,5 6,1,100,,22070,5,0,5 6,1,100,,22071,5,0,5 6,1,100,,22103,5,0,5 6,1,100,,22084,5,0,5 6,1,100,,22061,5,0,5 6,1,70,,22090,5,0,5 6,1,30,,22104,5,0,5 6,1,70,,22079,5,0,5 6,1,30,,22082,5,0,5 6,1,70,,22099,5,0,5 6,1,30,,22116,5,0,5 6,1,70,,22086,5,0,5 6,1,30,,22067,5,0,5 6,1,100,,22091,5,0,5 6,1
10701,'2',556,,18058,5,0,5 6,1,100,,22172,5,0,5 6,1,70,,22168,5,0,5 6,1,30,,22158,5,0,5 6,1,70,,22173,5,0,5 6,1,30,,22121,5,0,5 6,1,100,,22136,5,0,5 6,1,100,,22141,5,0,5 6,1,100,,22165,5,0,5 6,1,100,,22118,5,0,5 6,1,100,,22171,5,0,5 6,1,70,,22124,5,0,5 6,1,30,,22167,5,0,5 6,1,70,,22139,5,0,5 6,1,30,,22126,5,0,5 6,1,70,,22162,5,0,5 6,1,30,,22152,5,0,5 6,1,70,,22155,5,0,5 6,1,30,,22170,5,0,5 6,1,100,,22135,5,0,5 6,1
10701,'3',556,,22227,5,0,5 6,1,100,,22229,5,0,5 6,1,70,,22218,5,0,5 6,1,30,,22183,5,0,5 6,1,70,,22219,5,0,5 6,1,30,,22233,5,0,5 6,1,100,,22181,5,0,5 6,1,100,,22225,5,0,5 6,1,100,,22191,5,0,5 6,1,100,,22194,5,0,5 6,1,100,,22201,5,0,5 6,1,70,,22185,5,0,5 6,1,30,,22187,5,0,5 6,1,70,,22182,5,0,5 6,1,30,,22234,5,0,5 6,1,70,,22205,5,0,5 6,1,30,,22186,5,0,5 6,1,70,,22184,5,0,5 6,1,30,,22221,5,0,5 6,1,100,,22197,5,0,5 6,1
10701,'4',556,,22256,5,0,5 6,1,100,,22292,5,0,5 6,1,70,,22246,5,0,5 6,1,30,,22263,5,0,5 6,1,70,,22259,5,0,5 6,1,30,,22267,5,0,5 6,1,100,,22239,5,0,5 6,1,100,,22278,5,0,5 6,1,100,,22241,5,0,5 6,1,100,,22238,5,0,5 6,1,100,,22255,5,0,5 6,1,70,,22281,5,0,5 6,1,30,,22254,5,0,5 6,1,70,,22274,5,0,5 6,1,30,,22266,5,0,5 6,1,70,,22268,5,0,5 6,1,30,,22271,5,0,5 6,1,70,,22248,5,0,5 6,1,30,,22240,5,0,5 6,1,100,,22250,5,0,5 6,1
10701,'5',556,,22308,5,0,5 6,1,100,,22339,5,0,5 6,1,70,,22314,5,0,5 6,1,30,,22317,5,0,5 6,1,70,,22329,5,0,5 6,1,30,,22300,5,0,5 6,1,100,,22353,5,0,5 6,1,100,,22324,5,0,5 6,1,100,,22345,5,0,5 6,1,100,,22351,5,0,5 6,1,100,,22326,5,0,5 6,1,70,,22305,5,0,5 6,1,30,,22323,5,0,5 6,1,70,,22341,5,0,5 6,1,30,,22297,5,0,5 6,1,70,,22342,5,0,5 6,1,30,,22303,5,0,5 6,1,70,,22319,5,0,5 6,1,30,,22302,5,0,5 6,1,100,,22335,5,0,5 6,1
10701,'7',556,,22383,5,0,5 6,1,100,,22385,5,0,5 6,1,70,,22397,5,0,5 6,1,30,,22376,5,0,5 6,1,70,,22390,5,0,5 6,1,30,,22401,5,0,5 6,1,100,,22367,5,0,5 6,1,100,,22410,5,0,5 6,1,100,,22394,5,0,5 6,1,100,,22409,5,0,5 6,1,100,,22392,5,0,5 6,1,70,,22388,5,0,5 6,1,30,,22414,5,0,5 6,1,70,,22361,5,0,5 6,1,30,,22386,5,0,5 6,1,70,,22381,5,0,5 6,1,30,,22415,5,0,5 6,1,70,,22395,5,0,5 6,1,30,,22398,5,0,5 6,1,100,,22391,5,0,5 6,1
10701,'8',556,,22440,5,0,5 6,1,100,,22452,5,0,5 6,1,70,,22459,5,0,5 6,1,30,,22456,5,0,5 6,1,70,,22470,5,0,5 6,1,30,,22471,5,0,5 6,1,100,,22438,5,0,5 6,1,100,,22418,5,0,5 6,1,100,,22420,5,0,5 6,1,100,,22448,5,0,5 6,1,100,,22460,5,0,5 6,1,70,,22441,5,0,5 6,1,30,,22427,5,0,5 6,1,70,,22445,5,0,5 6,1,30,,22450,5,0,5 6,1,70,,22431,5,0,5 6,1,30,,22416,5,0,5 6,1,70,,22451,5,0,5 6,1,30,,22449,5,0,5 6,1,100,,22464,5,0,5 6,1
10701,'9',556,,22530,5,0,5 6,1,100,,22490,5,0,5 6,1,70,,22481,5,0,5 6,1,30,,22515,5,0,5 6,1,70,,22517,5,0,5 6,1,30,,22494,5,0,5 6,1,100,,22486,5,0,5 6,1,100,,22482,5,0,5 6,1,100,,22534,5,0,5 6,1,100,,22524,5,0,5 6,1,100,,22506,5,0,5 6,1,70,,22518,5,0,5 6,1,30,,22514,5,0,5 6,1,70,,22476,5,0,5 6,1,30,,22519,5,0,5 6,1,70,,22478,5,0,5 6,1,30,,22489,5,0,5 6,1,70,,22523,5,0,5 6,1,30,,22480,5,0,5 6,1,100,,22535,5,0,5 6,1
21401,'1',1837,,29314,5,,,1,100,,29315,5,,,1,100,,29313,5,,,1,100,,29312,5,,,1,100,,29311,5,,,1
21401,'10',737,,29324,5,,,1,100,,29323,5,,,1,100,,29327,5,,,1,100,,29322,5,,,1,100,,29325,5,,,1,100,,29316,5,,,1,100,,29326,5,,,1,100,,29319,5,,,1,100,,29320,5,,,1,100,,17231,5,,,1,100,,29317,5,,,1,100,,29318,5,,,1,100,,29321,5,,,1
21401,'11',737,,29335,5,,,1,100,,29331,5,,,1,100,,29334,5,,,1,100,,29328,5,,,1,100,,29329,5,,,1,100,,29336,5,,,1,100,,29330,5,,,1,100,,29338,5,,,1,100,,29339,5,,,1,100,,29332,5,,,1,100,,29337,5,,,1,100,,29340,5,,,1,100,,29333,5,,,1
21401,'2',1837,,29344,5,,,1,100,,29343,5,,,1,100,,29342,5,,,1,100,,29341,5,,,1,100,,29345,5,,,1
21401,'3',1837,,29347,5,,,1,100,,29350,5,,,1,100,,29348,5,,,1,100,,29346,5,,,1,100,,29349,5,,,1
21401,'4',1837,,29354,5,,,1,100,,29352,5,,,1,100,,29355,5,,,1,100,,29353,5,,,1,100,,29351,5,,,1
21401,'5',1837,,29360,5,,,1,100,,29358,5,,,1,100,,29357,5,,,1,100,,29356,5,,,1,100,,29359,5,,,1
21401,'6',737,,29373,5,,,1,100,,29365,5,,,1,100,,29368,5,,,1,100,,29367,5,,,1,100,,29370,5,,,1,100,,29366,5,,,1,100,,29361,5,,,1,100,,29364,5,,,1,100,,29372,5,,,1,100,,29369,5,,,1,100,,29363,5,,,1,100,,29371,5,,,1,100,,29362,5,,,1
21401,'7',1837,,29377,5,,,1,100,,29374,5,,,1,100,,29375,5,,,1,100,,29378,5,,,1,100,,29376,5,,,1
21401,'8',1837,,29382,5,,,1,100,,29379,5,,,1,100,,29380,5,,,1,100,,29381,5,,,1,100,,29383,5,,,1
21401,'9',1837,,29388,5,,,1,100,,29386,5,,,1,100,,29387,5,,,1,100,,29385,5,,,1,100,,29384,5,,,1
