11100,'1',605,,23841,9,,,1,30,,23848,9,,,1,70,,23853,9,,,1,30,,23835,9,,,1,70,,23840,9,,,1,30,,23845,9,,,1,70,,23843,9,,,1,30,,23838,9,,,1,70,,23831,9,,,1,30,,23839,9,,,1,70,,23850,9,,,1,30,,23851,9,,,1,70,,23844,9,,,1,30,,23834,9,,,1,70,,23847,9,,,1,30,,23832,9,,,1,70,,23836,9,,,1,30,,18733,9,,,1,70,,23852,9,,,1,30,,23837,9,,,1,70,,18504,9,,,1,30,,23849,9,,,1,70,,23842,9,,,1,30,,23833,9,,,1,70,,23830,9,,,1,30,,23846,9,,,1
11100,'2',605,,16031,9,,,1,30,,23858,9,,,1,70,,23873,9,,,1,30,,23856,9,,,1,70,,23862,9,,,1,30,,23877,9,,,1,70,,23874,9,,,1,30,,23864,9,,,1,70,,23875,9,,,1,30,,23870,9,,,1,70,,23868,9,,,1,30,,23865,9,,,1,70,,23869,9,,,1,30,,23857,9,,,1,70,,23860,9,,,1,30,,23855,9,,,1,70,,23872,9,,,1,30,,23867,9,,,1,70,,23854,9,,,1,30,,23859,9,,,1,70,,23863,9,,,1,30,,23876,9,,,1,70,,18688,9,,,1,30,,23866,9,,,1,70,,23871,9,,,1,30,,23861,9,,,1
11100,'3',605,,23903,9,,,1,30,,23881,9,,,1,70,,23899,9,,,1,30,,23879,9,,,1,70,,23900,9,,,1,30,,23902,9,,,1,70,,23901,9,,,1,30,,23896,9,,,1,70,,23887,9,,,1,30,,23897,9,,,1,70,,23891,9,,,1,30,,23885,9,,,1,70,,23878,9,,,1,30,,23888,9,,,1,70,,23893,9,,,1,30,,23882,9,,,1,70,,23892,9,,,1,30,,23889,9,,,1,70,,23880,9,,,1,30,,23884,9,,,1,70,,23883,9,,,1,30,,23895,9,,,1,70,,23890,9,,,1,30,,23894,9,,,1,70,,23898,9,,,1,30,,23886,9,,,1
11100,'4',605,,23918,9,,,1,30,,23911,9,,,1,70,,23915,9,,,1,30,,23906,9,,,1,70,,23929,9,,,1,30,,23919,9,,,1,70,,23912,9,,,1,30,,23917,9,,,1,70,,23910,9,,,1,30,,23925,9,,,1,70,,23907,9,,,1,30,,23924,9,,,1,70,,23909,9,,,1,30,,23927,9,,,1,70,,23926,9,,,1,30,,23908,9,,,1,70,,23905,9,,,1,30,,23904,9,,,1,70,,23913,9,,,1,30,,23916,9,,,1,70,,23923,9,,,1,30,,23920,9,,,1,70,,23921,9,,,1,30,,23914,9,,,1,70,,23928,9,,,1,30,,23922,9,,,1
11100,'5',605,,23945,9,,,1,30,,23950,9,,,1,70,,23931,9,,,1,30,,23938,9,,,1,70,,23939,9,,,1,30,,23953,9,,,1,70,,23951,9,,,1,30,,23946,9,,,1,70,,23948,9,,,1,30,,23935,9,,,1,70,,23942,9,,,1,30,,23940,9,,,1,70,,23954,9,,,1,30,,23944,9,,,1,70,,23934,9,,,1,30,,23947,9,,,1,70,,23943,9,,,1,30,,23952,9,,,1,70,,23949,9,,,1,30,,23955,9,,,1,70,,23930,9,,,1,30,,23932,9,,,1,70,,23936,9,,,1,30,,23941,9,,,1,70,,23937,9,,,1,30,,23933,9,,,1
11100,'7',605,,23964,9,,,1,30,,23981,9,,,1,70,,23965,9,,,1,30,,23971,9,,,1,70,,23960,9,,,1,30,,23967,9,,,1,70,,23961,9,,,1,30,,23958,9,,,1,70,,23956,9,,,1,30,,23969,9,,,1,70,,23962,9,,,1,30,,23980,9,,,1,70,,23977,9,,,1,30,,23959,9,,,1,70,,23974,9,,,1,30,,23973,9,,,1,70,,23979,9,,,1,30,,23978,9,,,1,70,,23966,9,,,1,30,,23970,9,,,1,70,,23972,9,,,1,30,,23975,9,,,1,70,,23968,9,,,1,30,,23976,9,,,1,70,,23963,9,,,1,30,,23957,9,,,1
11100,'8',605,,23997,9,,,1,30,,23996,9,,,1,70,,23995,9,,,1,30,,23988,9,,,1,70,,23993,9,,,1,30,,23983,9,,,1,70,,23992,9,,,1,30,,24004,9,,,1,70,,24003,9,,,1,30,,23984,9,,,1,70,,24006,9,,,1,30,,23994,9,,,1,70,,24007,9,,,1,30,,24002,9,,,1,70,,24005,9,,,1,30,,23998,9,,,1,70,,23985,9,,,1,30,,24001,9,,,1,70,,23990,9,,,1,30,,23987,9,,,1,70,,23999,9,,,1,30,,24000,9,,,1,70,,23982,9,,,1,30,,23989,9,,,1,70,,23991,9,,,1,30,,23986,9,,,1
11100,'9',605,,24019,9,,,1,30,,24018,9,,,1,70,,24014,9,,,1,30,,24022,9,,,1,70,,24027,9,,,1,30,,24033,9,,,1,70,,24016,9,,,1,30,,24020,9,,,1,70,,24015,9,,,1,30,,24017,9,,,1,70,,24013,9,,,1,30,,24026,9,,,1,70,,24023,9,,,1,30,,24011,9,,,1,70,,24021,9,,,1,30,,24012,9,,,1,70,,24030,9,,,1,30,,24008,9,,,1,70,,24009,9,,,1,30,,24024,9,,,1,70,,24032,9,,,1,30,,24029,9,,,1,70,,24031,9,,,1,30,,24010,9,,,1,70,,24028,9,,,1,30,,24025,9,,,1
21100,'1',1905,,28653,9,,,1,30,,28657,9,,,1,70,,28658,9,,,1,30,,18236,9,,,1,70,,28652,9,,,1,30,,28651,9,,,1,70,,28656,9,,,1,30,,28655,9,,,1,70,,28654,9,,,1
21100,'10',735,,28668,9,,,1,70,,28660,9,,,1,30,,28665,9,,,1,70,,28680,9,,,1,30,,28671,9,,,1,70,,28669,9,,,1,30,,28672,9,,,1,70,,19674,9,,,1,30,,28679,9,,,1,70,,28682,9,,,1,30,,28664,9,,,1,70,,28674,9,,,1,30,,28661,9,,,1,70,,28662,9,,,1,30,,28676,9,,,1,70,,28675,9,,,1,30,,28681,9,,,1,70,,28673,9,,,1,30,,28670,9,,,1,70,,28667,9,,,1,30,,28677,9,,,1,70,,28683,9,,,1,30,,19537,9,,,1,70,,28659,9,,,1,30,,28663,9,,,1,70,,28666,9,,,1,30,,28678,9,,,1
21100,'11',735,,28685,9,,,1,70,,28698,9,,,1,30,,28696,9,,,1,70,,28703,9,,,1,30,,28707,9,,,1,70,,28693,9,,,1,30,,28697,9,,,1,70,,28686,9,,,1,30,,28691,9,,,1,70,,28709,9,,,1,30,,28702,9,,,1,70,,28689,9,,,1,30,,28694,9,,,1,70,,28688,9,,,1,30,,28700,9,,,1,70,,28684,9,,,1,30,,28687,9,,,1,70,,28701,9,,,1,30,,28695,9,,,1,70,,28690,9,,,1,30,,28710,9,,,1,70,,28699,9,,,1,30,,28706,9,,,1,70,,28704,9,,,1,30,,28705,9,,,1,70,,28708,9,,,1,30,,28692,9,,,1
21100,'2',1905,,28716,9,,,1,30,,28718,9,,,1,70,,28719,9,,,1,30,,28711,9,,,1,70,,28712,9,,,1,30,,28715,9,,,1,70,,28717,9,,,1,30,,28714,9,,,1,70,,28713,9,,,1
21100,'3',1905,,28727,9,,,1,30,,28728,9,,,1,70,,28721,9,,,1,30,,28724,9,,,1,70,,28723,9,,,1,30,,28725,9,,,1,70,,28720,9,,,1,30,,28726,9,,,1,70,,28722,9,,,1
21100,'4',1905,,28729,9,,,1,30,,28731,9,,,1,70,,28732,9,,,1,30,,28734,9,,,1,70,,28730,9,,,1,30,,28733,9,,,1,70,,28736,9,,,1,30,,28735,9,,,1,70,,28737,9,,,1
21100,'5',1905,,28742,9,,,1,30,,28739,9,,,1,70,,28745,9,,,1,30,,28740,9,,,1,70,,28744,9,,,1,30,,28738,9,,,1,70,,28741,9,,,1,30,,28743,9,,,1,70,,28746,9,,,1
21100,'6',735,,28772,9,,,1,70,,28760,9,,,1,30,,28753,9,,,1,70,,28769,9,,,1,30,,28762,9,,,1,70,,28767,9,,,1,30,,28757,9,,,1,70,,28768,9,,,1,30,,28750,9,,,1,70,,28765,9,,,1,30,,28761,9,,,1,70,,28771,9,,,1,30,,28763,9,,,1,70,,28770,9,,,1,30,,28756,9,,,1,70,,28755,9,,,1,30,,28749,9,,,1,70,,28752,9,,,1,30,,28759,9,,,1,70,,28764,9,,,1,30,,28766,9,,,1,70,,28773,9,,,1,30,,28758,9,,,1,70,,28748,9,,,1,30,,28754,9,,,1,70,,28751,9,,,1,30,,28747,9,,,1
21100,'7',1905,,28777,9,,,1,30,,28782,9,,,1,70,,28780,9,,,1,30,,28779,9,,,1,70,,28775,9,,,1,30,,28774,9,,,1,70,,28778,9,,,1,30,,28776,9,,,1,70,,28781,9,,,1
21100,'8',1905,,28786,9,,,1,30,,28787,9,,,1,70,,28790,9,,,1,30,,28789,9,,,1,70,,28788,9,,,1,30,,28791,9,,,1,70,,28784,9,,,1,30,,28783,9,,,1,70,,28785,9,,,1
21100,'9',1905,,28792,9,,,1,30,,28796,9,,,1,70,,28795,9,,,1,30,,28798,9,,,1,70,,28799,9,,,1,30,,28794,9,,,1,70,,28800,9,,,1,30,,28797,9,,,1,70,,28793,9,,,1
