10301,'1',618,,20467,17,,,1,100,,20476,17,,,1,30,,20474,17,,,1,70,,20481,17,,,1,30,,20479,17,,,1,70,,20483,17,,,1,30,,20471,17,,,1,70,,20478,17,,,1,100,,20473,17,,,1,100,,20469,17,,,1,100,,20480,17,,,1,100,,20470,17,,,1,100,,20485,17,,,1,30,,17632,17,,,1,70,,20477,17,,,1,30,,20475,17,,,1,70,,20484,17,,,1,30,,20472,17,,,1,70,,20482,17,,,1,30,,20468,17,,,1
10301,'2',618,,20487,17,,,1,100,,20493,17,,,1,30,,20491,17,,,1,70,,20488,17,,,1,30,,20486,17,,,1,70,,20498,17,,,1,30,,20503,17,,,1,70,,20495,17,,,1,100,,20504,17,,,1,100,,20499,17,,,1,100,,20494,17,,,1,100,,20490,17,,,1,100,,20505,17,,,1,30,,20489,17,,,1,70,,20497,17,,,1,30,,20496,17,,,1,70,,20500,17,,,1,30,,20492,17,,,1,70,,20501,17,,,1,30,,20502,17,,,1
10301,'3',618,,20511,17,,,1,100,,20521,17,,,1,30,,20509,17,,,1,70,,20515,17,,,1,30,,20512,17,,,1,70,,20507,17,,,1,30,,20506,17,,,1,70,,20518,17,,,1,100,,20508,17,,,1,100,,20522,17,,,1,100,,20516,17,,,1,100,,20523,17,,,1,100,,20513,17,,,1,30,,20510,17,,,1,70,,20524,17,,,1,30,,20517,17,,,1,70,,20520,17,,,1,30,,20514,17,,,1,70,,20519,17,,,1,30,,20525,17,,,1
10301,'4',618,,20534,17,,,1,100,,20531,17,,,1,30,,20529,17,,,1,70,,20533,17,,,1,30,,20537,17,,,1,70,,20532,17,,,1,30,,20538,17,,,1,70,,20527,17,,,1,100,,20535,17,,,1,100,,20528,17,,,1,100,,20543,17,,,1,100,,20540,17,,,1,100,,20530,17,,,1,30,,20542,17,,,1,70,,20536,17,,,1,30,,20539,17,,,1,70,,20544,17,,,1,30,,20545,17,,,1,70,,20541,17,,,1,30,,20526,17,,,1
10301,'5',618,,20562,17,,,1,100,,20547,17,,,1,30,,20550,17,,,1,70,,20558,17,,,1,30,,20549,17,,,1,70,,20560,17,,,1,30,,20565,17,,,1,70,,20564,17,,,1,100,,20554,17,,,1,100,,20548,17,,,1,100,,20546,17,,,1,100,,20561,17,,,1,100,,20559,17,,,1,30,,20556,17,,,1,70,,20555,17,,,1,30,,20551,17,,,1,70,,20563,17,,,1,30,,20557,17,,,1,70,,20553,17,,,1,30,,20552,17,,,1
10301,'7',618,,20583,17,,,1,100,,20579,17,,,1,30,,20568,17,,,1,70,,20570,17,,,1,30,,20574,17,,,1,70,,20580,17,,,1,30,,20566,17,,,1,70,,20576,17,,,1,100,,20585,17,,,1,100,,20573,17,,,1,100,,20571,17,,,1,100,,20575,17,,,1,100,,20578,17,,,1,30,,20567,17,,,1,70,,20577,17,,,1,30,,20584,17,,,1,70,,20582,17,,,1,30,,20581,17,,,1,70,,20569,17,,,1,30,,20572,17,,,1
10301,'8',618,,20594,17,,,1,100,,20588,17,,,1,30,,20596,17,,,1,70,,20602,17,,,1,30,,20598,17,,,1,70,,20600,17,,,1,30,,20592,17,,,1,70,,20593,17,,,1,100,,20595,17,,,1,100,,20591,17,,,1,100,,20586,17,,,1,100,,20590,17,,,1,100,,20605,17,,,1,30,,20597,17,,,1,70,,20603,17,,,1,30,,20601,17,,,1,70,,20604,17,,,1,30,,20599,17,,,1,70,,20587,17,,,1,30,,20589,17,,,1
10301,'9',618,,20611,17,,,1,100,,20607,17,,,1,30,,20610,17,,,1,70,,20612,17,,,1,30,,20614,17,,,1,70,,20625,17,,,1,30,,20618,17,,,1,70,,20623,17,,,1,100,,20609,17,,,1,100,,20622,17,,,1,100,,20621,17,,,1,100,,20615,17,,,1,100,,20613,17,,,1,30,,20620,17,,,1,70,,20617,17,,,1,30,,20619,17,,,1,70,,20608,17,,,1,30,,20616,17,,,1,70,,20624,17,,,1,30,,20606,17,,,1
20301,'1',1916,,26667,12,0,9 3 10,1,30,,26666,12,0,9 3 10,1,70,,26669,12,0,9 3 10,1,30,,26671,12,0,9 3 10,1,70,,26674,12,0,9 3 10,1,30,,26670,12,0,9 3 10,1,70,,26665,12,0,9 3 10,1,30,,26668,12,0,9 3 10,1,70,,26672,12,0,9 3 10,1,30,,26664,12,0,9 3 10,1
20301,'10',714,,26695,12,0,9 3 10,1,30,,26689,12,0,9 3 10,1,70,,26690,12,0,9 3 10,1,30,,26684,12,0,9 3 10,1,70,,26677,12,0,9 3 10,1,30,,26694,12,0,9 3 10,1,70,,26682,12,0,9 3 10,1,30,,26693,12,0,9 3 10,1,70,,26699,12,0,9 3 10,1,30,,26676,12,0,9 3 10,1,70,,26675,12,0,9 3 10,1,30,,26683,12,0,9 3 10,1,70,,26680,12,0,9 3 10,1,30,,26691,12,0,9 3 10,1,70,,26700,12,0,9 3 10,1,30,,26696,12,0,9 3 10,1,70,,26678,12,0,9 3 10,1,30,,26685,12,0,9 3 10,1,70,,26701,12,0,9 3 10,1,30,,26686,12,0,9 3 10,1,70,,26698,12,0,9 3 10,1,30,,26687,12,0,9 3 10,1,70,,26692,12,0,9 3 10,1,30,,26688,12,0,9 3 10,1,70,,26702,12,0,9 3 10,1,30,,26679,12,0,9 3 10,1,70,,26681,12,0,9 3 10,1,30,,26697,12,0,9 3 10,1
20301,'11',714,,26730,12,0,9 3 10,1,30,,26718,12,0,9 3 10,1,70,,26711,12,0,9 3 10,1,30,,26722,12,0,9 3 10,1,70,,26714,12,0,9 3 10,1,30,,26725,12,0,9 3 10,1,70,,26706,12,0,9 3 10,1,30,,26709,12,0,9 3 10,1,70,,26705,12,0,9 3 10,1,30,,26726,12,0,9 3 10,1,70,,26719,12,0,9 3 10,1,30,,26703,12,0,9 3 10,1,70,,26704,12,0,9 3 10,1,30,,26729,12,0,9 3 10,1,70,,26717,12,0,9 3 10,1,30,,26710,12,0,9 3 10,1,70,,26708,12,0,9 3 10,1,30,,26724,12,0,9 3 10,1,70,,26715,12,0,9 3 10,1,30,,26721,12,0,9 3 10,1,70,,26728,12,0,9 3 10,1,30,,26707,12,0,9 3 10,1,70,,26723,12,0,9 3 10,1,30,,26720,12,0,9 3 10,1,70,,26716,12,0,9 3 10,1,30,,26727,12,0,9 3 10,1,70,,26713,12,0,9 3 10,1,30,,26712,12,0,9 3 10,1
20301,'2',1916,,26740,12,0,9 3 10,1,30,,26735,12,0,9 3 10,1,70,,26732,12,0,9 3 10,1,30,,26734,12,0,9 3 10,1,70,,26739,12,0,9 3 10,1,30,,26731,12,0,9 3 10,1,70,,26741,12,0,9 3 10,1,30,,26733,12,0,9 3 10,1,70,,26738,12,0,9 3 10,1,30,,26737,12,0,9 3 10,1
20301,'3',1916,,26752,12,0,9 3 10,1,30,,26748,12,0,9 3 10,1,70,,26750,12,0,9 3 10,1,30,,26745,12,0,9 3 10,1,70,,26746,12,0,9 3 10,1,30,,26749,12,0,9 3 10,1,70,,26744,12,0,9 3 10,1,30,,26743,12,0,9 3 10,1,70,,26751,12,0,9 3 10,1,30,,26742,12,0,9 3 10,1
20301,'4',1916,,26753,12,0,9 3 10,1,30,,26762,12,0,9 3 10,1,70,,26759,12,0,9 3 10,1,30,,26760,12,0,9 3 10,1,70,,26761,12,0,9 3 10,1,30,,26754,12,0,9 3 10,1,70,,26757,12,0,9 3 10,1,30,,26763,12,0,9 3 10,1,70,,26756,12,0,9 3 10,1,30,,26758,12,0,9 3 10,1
20301,'5',1916,,26770,12,0,9 3 10,1,30,,26766,12,0,9 3 10,1,70,,26772,12,0,9 3 10,1,30,,26773,12,0,9 3 10,1,70,,26765,12,0,9 3 10,1,30,,26767,12,0,9 3 10,1,70,,26774,12,0,9 3 10,1,30,,26771,12,0,9 3 10,1,70,,26769,12,0,9 3 10,1,30,,26768,12,0,9 3 10,1
20301,'6',714,,26786,12,0,9 3 10,1,30,,26798,12,0,9 3 10,1,70,,26794,12,0,9 3 10,1,30,,26801,12,0,9 3 10,1,70,,26785,12,0,9 3 10,1,30,,26782,12,0,9 3 10,1,70,,26797,12,0,9 3 10,1,30,,26775,12,0,9 3 10,1,70,,26781,12,0,9 3 10,1,30,,26788,12,0,9 3 10,1,70,,26796,12,0,9 3 10,1,30,,26790,12,0,9 3 10,1,70,,26778,12,0,9 3 10,1,30,,26799,12,0,9 3 10,1,70,,26791,12,0,9 3 10,1,30,,26776,12,0,9 3 10,1,70,,26783,12,0,9 3 10,1,30,,26777,12,0,9 3 10,1,70,,26793,12,0,9 3 10,1,30,,26802,12,0,9 3 10,1,70,,26784,12,0,9 3 10,1,30,,26787,12,0,9 3 10,1,70,,26779,12,0,9 3 10,1,30,,26800,12,0,9 3 10,1,70,,26780,12,0,9 3 10,1,30,,26792,12,0,9 3 10,1,70,,26795,12,0,9 3 10,1,30,,26789,12,0,9 3 10,1
20301,'7',1916,,26808,12,0,9 3 10,1,30,,26809,12,0,9 3 10,1,70,,26803,12,0,9 3 10,1,30,,26810,12,0,9 3 10,1,70,,26805,12,0,9 3 10,1,30,,26804,12,0,9 3 10,1,70,,26811,12,0,9 3 10,1,30,,26806,12,0,9 3 10,1,70,,26812,12,0,9 3 10,1,30,,26807,12,0,9 3 10,1
20301,'8',1916,,26816,12,0,9 3 10,1,30,,26821,12,0,9 3 10,1,70,,26815,12,0,9 3 10,1,30,,26817,12,0,9 3 10,1,70,,26820,12,0,9 3 10,1,30,,26824,12,0,9 3 10,1,70,,26823,12,0,9 3 10,1,30,,26819,12,0,9 3 10,1,70,,26814,12,0,9 3 10,1,30,,26818,12,0,9 3 10,1
20301,'9',1916,,26825,12,0,9 3 10,1,30,,26828,12,0,9 3 10,1,70,,26834,12,0,9 3 10,1,30,,26831,12,0,9 3 10,1,70,,26832,12,0,9 3 10,1,30,,26835,12,0,9 3 10,1,70,,26830,12,0,9 3 10,1,30,,26829,12,0,9 3 10,1,70,,26827,12,0,9 3 10,1,30,,26833,12,0,9 3 10,1
