10900,'1',611,,22960,5,,,1,100,,22975,5,,,1,100,,22971,5,,,1,100,,22974,5,,,1,100,,22987,5,,,1,100,,22989,5,,,1,100,,22963,5,,,1,100,,22966,5,,,1,100,,18341,5,,,1,100,,22961,5,,,1,100,,22978,5,,,1,100,,22986,5,,,1
10900,'2',611,,23009,5,,,1,100,,23012,5,,,1,100,,23026,5,,,1,100,,22993,5,,,1,100,,23011,5,,,1,100,,23010,5,,,1,100,,23006,5,,,1,100,,23001,5,,,1,100,,23018,5,,,1,100,,23025,5,,,1,100,,23020,5,,,1,100,,23028,5,,,1
10900,'3',611,,23058,5,,,1,100,,23035,5,,,1,100,,23037,5,,,1,100,,23046,5,,,1,100,,23048,5,,,1,100,,23054,5,,,1,100,,23051,5,,,1,100,,23057,5,,,1,100,,23056,5,,,1,100,,23060,5,,,1,100,,23043,5,,,1,100,,23039,5,,,1
10900,'4',611,,23078,5,,,1,100,,23077,5,,,1,100,,23097,5,,,1,100,,23098,5,,,1,100,,23089,5,,,1,100,,23094,5,,,1,100,,23070,5,,,1,100,,23088,5,,,1,100,,23091,5,,,1,100,,23067,5,,,1,100,,23099,5,,,1,100,,23096,5,,,1
10900,'5',611,,23110,5,,,1,100,,23130,5,,,1,100,,23127,5,,,1,100,,23135,5,,,1,100,,23103,5,,,1,100,,23102,5,,,1,100,,23117,5,,,1,100,,23128,5,,,1,100,,23123,5,,,1,100,,23113,5,,,1,100,,23124,5,,,1,100,,23116,5,,,1
10900,'7',611,,23172,5,,,1,100,,23162,5,,,1,100,,23171,5,,,1,100,,23150,5,,,1,100,,23145,5,,,1,100,,23147,5,,,1,100,,23164,5,,,1,100,,23170,5,,,1,100,,23166,5,,,1,100,,23165,5,,,1,100,,23168,5,,,1,100,,23163,5,,,1
10900,'8',611,,23179,5,,,1,100,,23200,5,,,1,100,,23202,5,,,1,100,,23186,5,,,1,100,,23182,5,,,1,100,,23196,5,,,1,100,,23195,5,,,1,100,,23177,5,,,1,100,,23190,5,,,1,100,,23193,5,,,1,100,,23176,5,,,1,100,,23181,5,,,1
10900,'9',611,,23242,5,,,1,100,,23226,5,,,1,100,,23223,5,,,1,100,,23225,5,,,1,100,,23214,5,,,1,100,,23243,5,,,1,100,,23224,5,,,1,100,,23231,5,,,1,100,,23210,5,,,1,100,,23209,5,,,1,100,,23232,5,,,1,100,,23230,5,,,1
11300,'1',641,,24526,5,,,1,100,,24516,5,,,1,100,,24512,5,,,1,100,,24515,5,,,1,100,,24503,5,,,1,100,,24504,5,,,1,100,,24500,5,,,1,100,,24502,5,,,1,100,,24517,5,,,1,100,,24509,5,,,1,100,,24499,5,,,1,100,,17253,5,,,1,100,,24520,5,,,1
11300,'2',641,,24564,5,,,1,100,,24539,5,,,1,100,,24555,5,,,1,100,,24537,5,,,1,100,,24553,5,,,1,100,,24558,5,,,1,100,,24568,5,,,1,100,,24536,5,,,1,100,,24543,5,,,1,100,,24560,5,,,1,100,,24559,5,,,1,100,,24549,5,,,1,100,,24561,5,,,1
11300,'3',641,,24600,5,,,1,100,,24578,5,,,1,100,,24584,5,,,1,100,,24596,5,,,1,100,,24597,5,,,1,100,,24581,5,,,1,100,,24608,5,,,1,100,,24589,5,,,1,100,,24571,5,,,1,100,,24583,5,,,1,100,,24588,5,,,1,100,,24604,5,,,1,100,,24605,5,,,1
11300,'4',641,,24623,5,,,1,100,,24627,5,,,1,100,,24616,5,,,1,100,,24636,5,,,1,100,,24638,5,,,1,100,,24644,5,,,1,100,,24640,5,,,1,100,,24645,5,,,1,100,,24611,5,,,1,100,,24620,5,,,1,100,,24624,5,,,1,100,,24626,5,,,1,100,,24639,5,,,1
11300,'5',641,,24666,5,,,1,100,,24672,5,,,1,100,,24680,5,,,1,100,,24654,5,,,1,100,,24673,5,,,1,100,,24670,5,,,1,100,,24651,5,,,1,100,,24683,5,,,1,100,,24687,5,,,1,100,,24664,5,,,1,100,,24657,5,,,1,100,,24656,5,,,1,100,,24669,5,,,1
11300,'7',641,,24692,5,,,1,100,,24706,5,,,1,100,,24721,5,,,1,100,,24689,5,,,1,100,,24715,5,,,1,100,,24693,5,,,1,100,,24712,5,,,1,100,,24707,5,,,1,100,,24723,5,,,1,100,,24697,5,,,1,100,,24714,5,,,1,100,,24695,5,,,1,100,,24708,5,,,1
11300,'8',641,,24762,5,,,1,100,,24732,5,,,1,100,,24735,5,,,1,100,,24763,5,,,1,100,,24749,5,,,1,100,,24742,5,,,1,100,,24734,5,,,1,100,,24746,5,,,1,100,,24745,5,,,1,100,,24733,5,,,1,100,,24748,5,,,1,100,,24741,5,,,1,100,,24739,5,,,1
11300,'9',641,,24782,5,,,1,100,,24786,5,,,1,100,,24804,5,,,1,100,,24790,5,,,1,100,,24793,5,,,1,100,,24776,5,,,1,100,,24769,5,,,1,100,,24785,5,,,1,100,,24779,5,,,1,100,,24799,5,,,1,100,,24777,5,,,1,100,,24783,5,,,1,100,,24800,5,,,1
20900,'1',1811,,27950,5,,,1,100,,27943,5,,,1,100,,27947,5,,,1,100,,27951,5,,,1,100,,27949,5,,,1
20900,'10',711,,27972,5,,,1,100,,27977,5,,,1,100,,27955,5,,,1,100,,27987,5,,,1,100,,27965,5,,,1,100,,27960,5,,,1,100,,27975,5,,,1,100,,27957,5,,,1,100,,27992,5,,,1,100,,27968,5,,,1,100,,27974,5,,,1,100,,27990,5,,,1,100,,27979,5,,,1,100,,27978,5,,,1
20900,'11',711,,28021,5,,,1,100,,28028,5,,,1,100,,28022,5,,,1,100,,28007,5,,,1,100,,28032,5,,,1,100,,28027,5,,,1,100,,28004,5,,,1,100,,28006,5,,,1,100,,28033,5,,,1,100,,28012,5,,,1,100,,28011,5,,,1,100,,27997,5,,,1,100,,28024,5,,,1,100,,28009,5,,,1
20900,'2',1811,,28045,5,,,1,100,,28043,5,,,1,100,,28047,5,,,1,100,,28046,5,,,1,100,,28044,5,,,1
20900,'3',1811,,28056,5,,,1,100,,28061,5,,,1,100,,28062,5,,,1,100,,28060,5,,,1,100,,28050,5,,,1
20900,'4',1811,,28064,5,,,1,100,,28067,5,,,1,100,,28075,5,,,1,100,,28073,5,,,1,100,,28076,5,,,1
20900,'5',1811,,28080,5,,,1,100,,28088,5,,,1,100,,28086,5,,,1,100,,28078,5,,,1,100,,28079,5,,,1
20900,'6',711,,28127,5,,,1,100,,28111,5,,,1,100,,28094,5,,,1,100,,28108,5,,,1,100,,28122,5,,,1,100,,28096,5,,,1,100,,28097,5,,,1,100,,28115,5,,,1,100,,28125,5,,,1,100,,28116,5,,,1,100,,28110,5,,,1,100,,28103,5,,,1,100,,28109,5,,,1,100,,28101,5,,,1
20900,'7',1811,,28143,5,,,1,100,,28138,5,,,1,100,,28142,5,,,1,100,,28136,5,,,1,100,,28141,5,,,1
20900,'8',1811,,28153,5,,,1,100,,28152,5,,,1,100,,28148,5,,,1,100,,28158,5,,,1,100,,28156,5,,,1
20900,'9',1811,,28169,5,,,1,100,,28161,5,,,1,100,,28160,5,,,1,100,,28164,5,,,1,100,,28170,5,,,1
