11600,'1',637,,25805,2,,,1,70,,25771,2,,,1,30,,19042,2,,,1,70,,17594,2,,,1,30,,25808,2,,,1,70,,25777,2,,,1,30,,25807,2,,,1,70,,25810,2,,,1,30,,25774,2,,,1,70,,25811,2,,,1,30,,25781,2,,,1,70,,25789,2,,,1,30,,25798,2,,,1,70,,25799,2,,,1,30,,25790,2,,,1,70,,25804,2,,,1,30,,25792,2,,,1,70,,25784,2,,,1,30,,25802,2,,,1,70,,25785,2,,,1,30,,25768,2,,,1,70,,25783,2,,,1,30,,25797,2,,,1
11600,'2',637,,25816,2,,,1,70,,14960,2,,,1,30,,25837,2,,,1,70,,25826,2,,,1,30,,25813,2,,,1,70,,25845,2,,,1,30,,25828,2,,,1,70,,25815,2,,,1,30,,25819,2,,,1,70,,25834,2,,,1,30,,25843,2,,,1,70,,25847,2,,,1,30,,25856,2,,,1,70,,25853,2,,,1,30,,25824,2,,,1,70,,25836,2,,,1,30,,25820,2,,,1,70,,25833,2,,,1,30,,25812,2,,,1,70,,25855,2,,,1,30,,25839,2,,,1,70,,25838,2,,,1,30,,25818,2,,,1
11600,'3',637,,25888,2,,,1,70,,25885,2,,,1,30,,25902,2,,,1,70,,25893,2,,,1,30,,25864,2,,,1,70,,25899,2,,,1,30,,25897,2,,,1,70,,25900,2,,,1,30,,25887,2,,,1,70,,25859,2,,,1,30,,25866,2,,,1,70,,25884,2,,,1,30,,25865,2,,,1,70,,25901,2,,,1,30,,25868,2,,,1,70,,25860,2,,,1,30,,25898,2,,,1,70,,25870,2,,,1,30,,25873,2,,,1,70,,25890,2,,,1,30,,25889,2,,,1,70,,25879,2,,,1,30,,25874,2,,,1
11600,'4',637,,25919,2,,,1,70,,25909,2,,,1,30,,25904,2,,,1,70,,25929,2,,,1,30,,25922,2,,,1,70,,25938,2,,,1,30,,25946,2,,,1,70,,25944,2,,,1,30,,25925,2,,,1,70,,25923,2,,,1,30,,25932,2,,,1,70,,25910,2,,,1,30,,25905,2,,,1,70,,25927,2,,,1,30,,25933,2,,,1,70,,25941,2,,,1,30,,25937,2,,,1,70,,25918,2,,,1,30,,25908,2,,,1,70,,25930,2,,,1,30,,25934,2,,,1,70,,25921,2,,,1,30,,25942,2,,,1
11600,'5',637,,25988,2,,,1,70,,25950,2,,,1,30,,25969,2,,,1,70,,25989,2,,,1,30,,25966,2,,,1,70,,25963,2,,,1,30,,25994,2,,,1,70,,25979,2,,,1,30,,25962,2,,,1,70,,25972,2,,,1,30,,25975,2,,,1,70,,25971,2,,,1,30,,25952,2,,,1,70,,25991,2,,,1,30,,25974,2,,,1,70,,25978,2,,,1,30,,25986,2,,,1,70,,25980,2,,,1,30,,25985,2,,,1,70,,25951,2,,,1,30,,25953,2,,,1,70,,25965,2,,,1,30,,25970,2,,,1
11600,'7',637,,26021,2,,,1,70,,26032,2,,,1,30,,26010,2,,,1,70,,26036,2,,,1,30,,26033,2,,,1,70,,26013,2,,,1,30,,26001,2,,,1,70,,26026,2,,,1,30,,26025,2,,,1,70,,26018,2,,,1,30,,26020,2,,,1,70,,26028,2,,,1,30,,26037,2,,,1,70,,26007,2,,,1,30,,26004,2,,,1,70,,26034,2,,,1,30,,26029,2,,,1,70,,26040,2,,,1,30,,26030,2,,,1,70,,25997,2,,,1,30,,26012,2,,,1,70,,26002,2,,,1,30,,26003,2,,,1
11600,'8',637,,26048,2,,,1,70,,26079,2,,,1,30,,26069,2,,,1,70,,26065,2,,,1,30,,26041,2,,,1,70,,26083,2,,,1,30,,26078,2,,,1,70,,26059,2,,,1,30,,26046,2,,,1,70,,26053,2,,,1,30,,26067,2,,,1,70,,26077,2,,,1,30,,26074,2,,,1,70,,26058,2,,,1,30,,26072,2,,,1,70,,26042,2,,,1,30,,26084,2,,,1,70,,26080,2,,,1,30,,26070,2,,,1,70,,26061,2,,,1,30,,26075,2,,,1,70,,26068,2,,,1,30,,26082,2,,,1
11600,'9',637,,26114,2,,,1,70,,26094,2,,,1,30,,26123,2,,,1,70,,26128,2,,,1,30,,26113,2,,,1,70,,26101,2,,,1,30,,26118,2,,,1,70,,26087,2,,,1,30,,26099,2,,,1,70,,26089,2,,,1,30,,26109,2,,,1,70,,26126,2,,,1,30,,26117,2,,,1,70,,26110,2,,,1,30,,26105,2,,,1,70,,26092,2,,,1,30,,26124,2,,,1,70,,26132,2,,,1,30,,26121,2,,,1,70,,26096,2,,,1,30,,26088,2,,,1,70,,26098,2,,,1,30,,26115,2,,,1
21600,'1',1807,,29404,2,,,1,30,,29411,2,,,1,70,,29393,2,,,1,30,,29389,2,,,1,70,,29391,2,,,1,30,,29408,2,,,1,70,,29396,2,,,1,30,,29402,2,,,1,70,,29405,2,,,1,30,,29399,2,,,1,70,,29394,2,,,1,30,,29412,2,,,1
21600,'10',707,,29434,2,,,1,30,,29443,2,,,1,70,,29436,2,,,1,30,,29458,2,,,1,70,,29437,2,,,1,30,,29433,2,,,1,70,,29422,2,,,1,30,,29466,2,,,1,70,,29459,2,,,1,30,,29420,2,,,1,70,,29425,2,,,1,30,,29456,2,,,1,70,,29431,2,,,1,30,,29435,2,,,1,70,,29464,2,,,1,30,,29439,2,,,1,70,,19714,2,,,1,30,,29461,2,,,1,70,,29418,2,,,1,30,,29428,2,,,1,70,,29467,2,,,1,30,,29423,2,,,1,70,,29460,2,,,1,30,,29450,2,,,1,70,,29457,2,,,1,30,,29413,2,,,1,70,,29414,2,,,1,30,,29426,2,,,1,70,,29448,2,,,1
21600,'11',707,,29472,2,,,1,30,,29475,2,,,1,70,,29514,2,,,1,30,,29520,2,,,1,70,,29471,2,,,1,30,,29519,2,,,1,70,,29483,2,,,1,30,,29479,2,,,1,70,,29477,2,,,1,30,,29524,2,,,1,70,,29523,2,,,1,30,,29487,2,,,1,70,,29488,2,,,1,30,,29499,2,,,1,70,,29521,2,,,1,30,,29512,2,,,1,70,,29503,2,,,1,30,,29492,2,,,1,70,,29525,2,,,1,30,,29500,2,,,1,70,,29484,2,,,1,30,,29478,2,,,1,70,,29506,2,,,1,30,,29505,2,,,1,70,,29507,2,,,1,30,,29494,2,,,1,70,,29482,2,,,1,30,,29497,2,,,1,70,,29509,2,,,1
21600,'2',1807,,29540,2,,,1,30,,29544,2,,,1,70,,29537,2,,,1,30,,29528,2,,,1,70,,29535,2,,,1,30,,29534,2,,,1,70,,29538,2,,,1,30,,29545,2,,,1,70,,29531,2,,,1,30,,29533,2,,,1,70,,29547,2,,,1,30,,29541,2,,,1
21600,'3',1807,,29562,2,,,1,30,,29551,2,,,1,70,,29558,2,,,1,30,,29550,2,,,1,70,,29549,2,,,1,30,,29552,2,,,1,70,,29571,2,,,1,30,,29555,2,,,1,70,,29554,2,,,1,30,,29569,2,,,1,70,,29570,2,,,1,30,,29559,2,,,1
21600,'4',1807,,29582,2,,,1,30,,29595,2,,,1,70,,29584,2,,,1,30,,29588,2,,,1,70,,29593,2,,,1,30,,29575,2,,,1,70,,29591,2,,,1,30,,29589,2,,,1,70,,29580,2,,,1,30,,29579,2,,,1,70,,29574,2,,,1,30,,29585,2,,,1
21600,'5',1807,,29601,2,,,1,30,,29604,2,,,1,70,,29606,2,,,1,30,,29619,2,,,1,70,,29603,2,,,1,30,,29600,2,,,1,70,,29612,2,,,1,30,,29609,2,,,1,70,,29614,2,,,1,30,,29598,2,,,1,70,,29608,2,,,1,30,,29618,2,,,1
21600,'6',707,,29671,2,,,1,30,,29667,2,,,1,70,,29653,2,,,1,30,,29664,2,,,1,70,,29638,2,,,1,30,,29639,2,,,1,70,,29673,2,,,1,30,,29658,2,,,1,70,,29629,2,,,1,30,,29676,2,,,1,70,,29632,2,,,1,30,,29637,2,,,1,70,,29654,2,,,1,30,,29670,2,,,1,70,,29636,2,,,1,30,,29622,2,,,1,70,,29623,2,,,1,30,,29661,2,,,1,70,,29621,2,,,1,30,,29652,2,,,1,70,,29647,2,,,1,30,,29657,2,,,1,70,,29642,2,,,1,30,,29668,2,,,1,70,,29665,2,,,1,30,,29627,2,,,1,70,,29659,2,,,1,30,,29672,2,,,1,70,,29646,2,,,1
21600,'7',1807,,29690,2,,,1,30,,29696,2,,,1,70,,29684,2,,,1,30,,29698,2,,,1,70,,29699,2,,,1,30,,29702,2,,,1,70,,29693,2,,,1,30,,29681,2,,,1,70,,29700,2,,,1,30,,29679,2,,,1,70,,29683,2,,,1,30,,29680,2,,,1
21600,'8',1807,,29713,2,,,1,30,,29706,2,,,1,70,,29725,2,,,1,30,,29722,2,,,1,70,,29724,2,,,1,30,,29711,2,,,1,70,,29703,2,,,1,30,,29716,2,,,1,70,,29704,2,,,1,30,,29714,2,,,1,70,,29720,2,,,1,30,,29710,2,,,1
21600,'9',1807,,29741,2,,,1,30,,29747,2,,,1,70,,29730,2,,,1,30,,29729,2,,,1,70,,29732,2,,,1,30,,29738,2,,,1,70,,29737,2,,,1,30,,29739,2,,,1,70,,29731,2,,,1,30,,29734,2,,,1,70,,29745,2,,,1,30,,29735,2,,,1
