10701,'1',600,,17499,4,,,1,100,,22095,4,,,1,30,,22085,4,,,1,70,,22078,4,,,1,30,,22106,4,,,1,70,,22102,4,,,1,100,,22094,4,,,1,100,,22109,4,,,1,100,,22081,4,,,1,100,,22089,4,,,1,100,,22068,4,,,1,30,,22088,4,,,1,70,,22093,4,,,1,30,,22069,4,,,1,70,,22110,4,,,1,30,,22083,4,,,1,70,,22098,4,,,1,30,,22114,4,,,1,70,,22076,4,,,1,100,,22059,4,,,1
10701,'2',600,,22128,4,,,1,100,,22160,4,,,1,30,,22122,4,,,1,70,,22140,4,,,1,30,,22120,4,,,1,70,,22154,4,,,1,100,,22146,4,,,1,100,,22148,4,,,1,100,,22127,4,,,1,100,,22137,4,,,1,100,,22125,4,,,1,30,,22133,4,,,1,70,,22145,4,,,1,30,,22138,4,,,1,70,,22166,4,,,1,30,,22164,4,,,1,70,,22119,4,,,1,30,,22129,4,,,1,70,,22130,4,,,1,100,,22169,4,,,1
10701,'3',600,,22208,4,,,1,100,,22189,4,,,1,30,,22230,4,,,1,70,,22188,4,,,1,30,,22213,4,,,1,70,,22203,4,,,1,100,,22204,4,,,1,100,,22214,4,,,1,100,,22200,4,,,1,100,,22176,4,,,1,100,,22223,4,,,1,30,,22222,4,,,1,70,,22199,4,,,1,30,,22177,4,,,1,70,,22178,4,,,1,30,,22192,4,,,1,70,,22224,4,,,1,30,,22235,4,,,1,70,,22180,4,,,1,100,,22193,4,,,1
10701,'4',600,,22252,4,,,1,100,,22258,4,,,1,30,,22294,4,,,1,70,,22290,4,,,1,30,,22277,4,,,1,70,,22265,4,,,1,100,,22245,4,,,1,100,,22269,4,,,1,100,,22285,4,,,1,100,,22257,4,,,1,100,,22273,4,,,1,30,,22289,4,,,1,70,,22253,4,,,1,30,,22282,4,,,1,70,,22264,4,,,1,30,,22244,4,,,1,70,,22293,4,,,1,30,,22291,4,,,1,70,,22283,4,,,1,100,,22260,4,,,1
10701,'5',600,,22355,4,,,1,100,,22321,4,,,1,30,,22346,4,,,1,70,,22334,4,,,1,30,,22330,4,,,1,70,,22354,4,,,1,100,,22320,4,,,1,100,,22311,4,,,1,100,,22325,4,,,1,100,,22315,4,,,1,100,,22306,4,,,1,30,,22338,4,,,1,70,,22328,4,,,1,30,,22327,4,,,1,70,,22312,4,,,1,30,,22336,4,,,1,70,,22304,4,,,1,30,,22309,4,,,1,70,,22331,4,,,1,100,,22332,4,,,1
10701,'7',600,,22382,4,,,1,100,,22369,4,,,1,30,,22384,4,,,1,70,,22371,4,,,1,30,,22393,4,,,1,70,,22379,4,,,1,100,,22375,4,,,1,100,,22400,4,,,1,100,,22402,4,,,1,100,,22368,4,,,1,100,,22360,4,,,1,30,,22405,4,,,1,70,,22387,4,,,1,30,,22357,4,,,1,70,,22363,4,,,1,30,,22412,4,,,1,70,,22365,4,,,1,30,,22370,4,,,1,70,,22396,4,,,1,100,,22356,4,,,1
10701,'8',600,,22435,4,,,1,100,,22432,4,,,1,30,,22465,4,,,1,70,,22429,4,,,1,30,,22442,4,,,1,70,,22434,4,,,1,100,,22447,4,,,1,100,,22424,4,,,1,100,,22446,4,,,1,100,,22430,4,,,1,100,,22474,4,,,1,30,,22422,4,,,1,70,,22421,4,,,1,30,,22462,4,,,1,70,,22473,4,,,1,30,,22439,4,,,1,70,,22463,4,,,1,30,,22436,4,,,1,70,,22455,4,,,1,100,,22467,4,,,1
10701,'9',600,,22497,4,,,1,100,,22483,4,,,1,30,,22477,4,,,1,70,,22525,4,,,1,30,,22503,4,,,1,70,,22484,4,,,1,100,,22488,4,,,1,100,,22511,4,,,1,100,,22512,4,,,1,100,,22527,4,,,1,100,,22491,4,,,1,30,,22501,4,,,1,70,,22529,4,,,1,30,,22508,4,,,1,70,,22521,4,,,1,30,,22493,4,,,1,70,,22485,4,,,1,30,,22516,4,,,1,70,,22531,4,,,1,100,,22479,4,,,1
21401,'1',1841,,29314,13,,,1,100,,29315,13,,,1,100,,29313,13,,,1,100,,29312,13,,,1,100,,29311,13,,,1
21401,'10',741,,29324,13,,,1,100,,29323,13,,,1,100,,29327,13,,,1,100,,29322,13,,,1,100,,29325,13,,,1,100,,29316,13,,,1,100,,29326,13,,,1,100,,29319,13,,,1,100,,29320,13,,,1,100,,17231,13,,,1,100,,29317,13,,,1,100,,29318,13,,,1,100,,29321,13,,,1
21401,'11',741,,29335,13,,,1,100,,29331,13,,,1,100,,29334,13,,,1,100,,29328,13,,,1,100,,29329,13,,,1,100,,29336,13,,,1,100,,29330,13,,,1,100,,29338,13,,,1,100,,29339,13,,,1,100,,29332,13,,,1,100,,29337,13,,,1,100,,29340,13,,,1,100,,29333,13,,,1
21401,'2',1841,,29344,13,,,1,100,,29343,13,,,1,100,,29342,13,,,1,100,,29341,13,,,1,100,,29345,13,,,1
21401,'3',1841,,29347,13,,,1,100,,29350,13,,,1,100,,29348,13,,,1,100,,29346,13,,,1,100,,29349,13,,,1
21401,'4',1841,,29354,13,,,1,100,,29352,13,,,1,100,,29355,13,,,1,100,,29353,13,,,1,100,,29351,13,,,1
21401,'5',1841,,29360,13,,,1,100,,29358,13,,,1,100,,29357,13,,,1,100,,29356,13,,,1,100,,29359,13,,,1
21401,'6',741,,29373,13,,,1,100,,29365,13,,,1,100,,29368,13,,,1,100,,29367,13,,,1,100,,29370,13,,,1,100,,29366,13,,,1,100,,29361,13,,,1,100,,29364,13,,,1,100,,29372,13,,,1,100,,29369,13,,,1,100,,29363,13,,,1,100,,29371,13,,,1,100,,29362,13,,,1
21401,'7',1841,,29377,13,,,1,100,,29374,13,,,1,100,,29375,13,,,1,100,,29378,13,,,1,100,,29376,13,,,1
21401,'8',1841,,29382,13,,,1,100,,29379,13,,,1,100,,29380,13,,,1,100,,29381,13,,,1,100,,29383,13,,,1
21401,'9',1841,,29388,13,,,1,100,,29386,13,,,1,100,,29387,13,,,1,100,,29385,13,,,1,100,,29384,13,,,1
