11600,'1',645,,25805,15,,,1,70,,25771,15,,,1,30,,19042,15,,,1,70,,17594,15,,,1,30,,25808,15,,,1,70,,25777,15,,,1,30,,25807,15,,,1,70,,25810,15,,,1,30,,25774,15,,,1,70,,25811,15,,,1,30,,25781,15,,,1,70,,25789,15,,,1,30,,25798,15,,,1,70,,25799,15,,,1,30,,25790,15,,,1,70,,25804,15,,,1,30,,25792,15,,,1,70,,25784,15,,,1,30,,25802,15,,,1,70,,25785,15,,,1,30,,25768,15,,,1,70,,25783,15,,,1,30,,25797,15,,,1
11600,'2',645,,25816,15,,,1,70,,14960,15,,,1,30,,25837,15,,,1,70,,25826,15,,,1,30,,25813,15,,,1,70,,25845,15,,,1,30,,25828,15,,,1,70,,25815,15,,,1,30,,25819,15,,,1,70,,25834,15,,,1,30,,25843,15,,,1,70,,25847,15,,,1,30,,25856,15,,,1,70,,25853,15,,,1,30,,25824,15,,,1,70,,25836,15,,,1,30,,25820,15,,,1,70,,25833,15,,,1,30,,25812,15,,,1,70,,25855,15,,,1,30,,25839,15,,,1,70,,25838,15,,,1,30,,25818,15,,,1
11600,'3',645,,25888,15,,,1,70,,25885,15,,,1,30,,25902,15,,,1,70,,25893,15,,,1,30,,25864,15,,,1,70,,25899,15,,,1,30,,25897,15,,,1,70,,25900,15,,,1,30,,25887,15,,,1,70,,25859,15,,,1,30,,25866,15,,,1,70,,25884,15,,,1,30,,25865,15,,,1,70,,25901,15,,,1,30,,25868,15,,,1,70,,25860,15,,,1,30,,25898,15,,,1,70,,25870,15,,,1,30,,25873,15,,,1,70,,25890,15,,,1,30,,25889,15,,,1,70,,25879,15,,,1,30,,25874,15,,,1
11600,'4',645,,25919,15,,,1,70,,25909,15,,,1,30,,25904,15,,,1,70,,25929,15,,,1,30,,25922,15,,,1,70,,25938,15,,,1,30,,25946,15,,,1,70,,25944,15,,,1,30,,25925,15,,,1,70,,25923,15,,,1,30,,25932,15,,,1,70,,25910,15,,,1,30,,25905,15,,,1,70,,25927,15,,,1,30,,25933,15,,,1,70,,25941,15,,,1,30,,25937,15,,,1,70,,25918,15,,,1,30,,25908,15,,,1,70,,25930,15,,,1,30,,25934,15,,,1,70,,25921,15,,,1,30,,25942,15,,,1
11600,'5',645,,25988,15,,,1,70,,25950,15,,,1,30,,25969,15,,,1,70,,25989,15,,,1,30,,25966,15,,,1,70,,25963,15,,,1,30,,25994,15,,,1,70,,25979,15,,,1,30,,25962,15,,,1,70,,25972,15,,,1,30,,25975,15,,,1,70,,25971,15,,,1,30,,25952,15,,,1,70,,25991,15,,,1,30,,25974,15,,,1,70,,25978,15,,,1,30,,25986,15,,,1,70,,25980,15,,,1,30,,25985,15,,,1,70,,25951,15,,,1,30,,25953,15,,,1,70,,25965,15,,,1,30,,25970,15,,,1
11600,'7',645,,26021,15,,,1,70,,26032,15,,,1,30,,26010,15,,,1,70,,26036,15,,,1,30,,26033,15,,,1,70,,26013,15,,,1,30,,26001,15,,,1,70,,26026,15,,,1,30,,26025,15,,,1,70,,26018,15,,,1,30,,26020,15,,,1,70,,26028,15,,,1,30,,26037,15,,,1,70,,26007,15,,,1,30,,26004,15,,,1,70,,26034,15,,,1,30,,26029,15,,,1,70,,26040,15,,,1,30,,26030,15,,,1,70,,25997,15,,,1,30,,26012,15,,,1,70,,26002,15,,,1,30,,26003,15,,,1
11600,'8',645,,26048,15,,,1,70,,26079,15,,,1,30,,26069,15,,,1,70,,26065,15,,,1,30,,26041,15,,,1,70,,26083,15,,,1,30,,26078,15,,,1,70,,26059,15,,,1,30,,26046,15,,,1,70,,26053,15,,,1,30,,26067,15,,,1,70,,26077,15,,,1,30,,26074,15,,,1,70,,26058,15,,,1,30,,26072,15,,,1,70,,26042,15,,,1,30,,26084,15,,,1,70,,26080,15,,,1,30,,26070,15,,,1,70,,26061,15,,,1,30,,26075,15,,,1,70,,26068,15,,,1,30,,26082,15,,,1
11600,'9',645,,26114,15,,,1,70,,26094,15,,,1,30,,26123,15,,,1,70,,26128,15,,,1,30,,26113,15,,,1,70,,26101,15,,,1,30,,26118,15,,,1,70,,26087,15,,,1,30,,26099,15,,,1,70,,26089,15,,,1,30,,26109,15,,,1,70,,26126,15,,,1,30,,26117,15,,,1,70,,26110,15,,,1,30,,26105,15,,,1,70,,26092,15,,,1,30,,26124,15,,,1,70,,26132,15,,,1,30,,26121,15,,,1,70,,26096,15,,,1,30,,26088,15,,,1,70,,26098,15,,,1,30,,26115,15,,,1
21600,'1',1815,,29404,15,,,1,30,,29411,15,,,1,70,,29393,15,,,1,30,,29389,15,,,1,70,,29391,15,,,1,30,,29408,15,,,1,70,,29396,15,,,1,30,,29402,15,,,1,70,,29405,15,,,1,30,,29399,15,,,1,70,,29394,15,,,1,30,,29412,15,,,1
21600,'10',715,,29434,15,,,1,30,,29443,15,,,1,70,,29436,15,,,1,30,,29458,15,,,1,70,,29437,15,,,1,30,,29433,15,,,1,70,,29422,15,,,1,30,,29466,15,,,1,70,,29459,15,,,1,30,,29420,15,,,1,70,,29425,15,,,1,30,,29456,15,,,1,70,,29431,15,,,1,30,,29435,15,,,1,70,,29464,15,,,1,30,,29439,15,,,1,70,,19714,15,,,1,30,,29461,15,,,1,70,,29418,15,,,1,30,,29428,15,,,1,70,,29467,15,,,1,30,,29423,15,,,1,70,,29460,15,,,1,30,,29450,15,,,1,70,,29457,15,,,1,30,,29413,15,,,1,70,,29414,15,,,1,30,,29426,15,,,1,70,,29448,15,,,1
21600,'11',715,,29472,15,,,1,30,,29475,15,,,1,70,,29514,15,,,1,30,,29520,15,,,1,70,,29471,15,,,1,30,,29519,15,,,1,70,,29483,15,,,1,30,,29479,15,,,1,70,,29477,15,,,1,30,,29524,15,,,1,70,,29523,15,,,1,30,,29487,15,,,1,70,,29488,15,,,1,30,,29499,15,,,1,70,,29521,15,,,1,30,,29512,15,,,1,70,,29503,15,,,1,30,,29492,15,,,1,70,,29525,15,,,1,30,,29500,15,,,1,70,,29484,15,,,1,30,,29478,15,,,1,70,,29506,15,,,1,30,,29505,15,,,1,70,,29507,15,,,1,30,,29494,15,,,1,70,,29482,15,,,1,30,,29497,15,,,1,70,,29509,15,,,1
21600,'2',1815,,29540,15,,,1,30,,29544,15,,,1,70,,29537,15,,,1,30,,29528,15,,,1,70,,29535,15,,,1,30,,29534,15,,,1,70,,29538,15,,,1,30,,29545,15,,,1,70,,29531,15,,,1,30,,29533,15,,,1,70,,29547,15,,,1,30,,29541,15,,,1
21600,'3',1815,,29562,15,,,1,30,,29551,15,,,1,70,,29558,15,,,1,30,,29550,15,,,1,70,,29549,15,,,1,30,,29552,15,,,1,70,,29571,15,,,1,30,,29555,15,,,1,70,,29554,15,,,1,30,,29569,15,,,1,70,,29570,15,,,1,30,,29559,15,,,1
21600,'4',1815,,29582,15,,,1,30,,29595,15,,,1,70,,29584,15,,,1,30,,29588,15,,,1,70,,29593,15,,,1,30,,29575,15,,,1,70,,29591,15,,,1,30,,29589,15,,,1,70,,29580,15,,,1,30,,29579,15,,,1,70,,29574,15,,,1,30,,29585,15,,,1
21600,'5',1815,,29601,15,,,1,30,,29604,15,,,1,70,,29606,15,,,1,30,,29619,15,,,1,70,,29603,15,,,1,30,,29600,15,,,1,70,,29612,15,,,1,30,,29609,15,,,1,70,,29614,15,,,1,30,,29598,15,,,1,70,,29608,15,,,1,30,,29618,15,,,1
21600,'6',715,,29671,15,,,1,30,,29667,15,,,1,70,,29653,15,,,1,30,,29664,15,,,1,70,,29638,15,,,1,30,,29639,15,,,1,70,,29673,15,,,1,30,,29658,15,,,1,70,,29629,15,,,1,30,,29676,15,,,1,70,,29632,15,,,1,30,,29637,15,,,1,70,,29654,15,,,1,30,,29670,15,,,1,70,,29636,15,,,1,30,,29622,15,,,1,70,,29623,15,,,1,30,,29661,15,,,1,70,,29621,15,,,1,30,,29652,15,,,1,70,,29647,15,,,1,30,,29657,15,,,1,70,,29642,15,,,1,30,,29668,15,,,1,70,,29665,15,,,1,30,,29627,15,,,1,70,,29659,15,,,1,30,,29672,15,,,1,70,,29646,15,,,1
21600,'7',1815,,29690,15,,,1,30,,29696,15,,,1,70,,29684,15,,,1,30,,29698,15,,,1,70,,29699,15,,,1,30,,29702,15,,,1,70,,29693,15,,,1,30,,29681,15,,,1,70,,29700,15,,,1,30,,29679,15,,,1,70,,29683,15,,,1,30,,29680,15,,,1
21600,'8',1815,,29713,15,,,1,30,,29706,15,,,1,70,,29725,15,,,1,30,,29722,15,,,1,70,,29724,15,,,1,30,,29711,15,,,1,70,,29703,15,,,1,30,,29716,15,,,1,70,,29704,15,,,1,30,,29714,15,,,1,70,,29720,15,,,1,30,,29710,15,,,1
21600,'9',1815,,29741,15,,,1,30,,29747,15,,,1,70,,29730,15,,,1,30,,29729,15,,,1,70,,29732,15,,,1,30,,29738,15,,,1,70,,29737,15,,,1,30,,29739,15,,,1,70,,29731,15,,,1,30,,29734,15,,,1,70,,29745,15,,,1,30,,29735,15,,,1
