11101,'1',622,,24046,7,,,1,30,,24048,7,,,1,70,,24058,7,,,1,30,,24040,7,,,1,70,,24052,7,,,1,30,,24047,7,,,1,70,,24049,7,,,1,30,,24057,7,,,1,70,,24055,7,,,1,30,,24034,7,,,1,70,,24043,7,,,1,30,,24050,7,,,1,70,,24051,7,,,1,30,,24041,7,,,1,70,,24036,7,,,1,30,,24037,7,,,1,70,,24056,7,,,1,30,,24045,7,,,1,70,,24042,7,,,1,30,,24035,7,,,1,70,,24044,7,,,1,30,,24054,7,,,1,70,,24053,7,,,1,30,,24038,7,,,1,70,,24039,7,,,1
11101,'2',622,,24081,7,,,1,30,,24070,7,,,1,70,,24083,7,,,1,30,,24073,7,,,1,70,,24076,7,,,1,30,,24079,7,,,1,70,,24066,7,,,1,30,,24063,7,,,1,70,,24082,7,,,1,30,,24059,7,,,1,70,,24064,7,,,1,30,,24069,7,,,1,70,,24071,7,,,1,30,,24067,7,,,1,70,,24061,7,,,1,30,,24060,7,,,1,70,,24072,7,,,1,30,,24077,7,,,1,70,,24080,7,,,1,30,,24065,7,,,1,70,,24062,7,,,1,30,,24074,7,,,1,70,,24075,7,,,1,30,,24078,7,,,1,70,,24068,7,,,1
11101,'3',622,,24108,7,,,1,30,,24096,7,,,1,70,,24094,7,,,1,30,,24095,7,,,1,70,,24087,7,,,1,30,,24091,7,,,1,70,,24106,7,,,1,30,,24100,7,,,1,70,,24102,7,,,1,30,,24105,7,,,1,70,,24099,7,,,1,30,,24088,7,,,1,70,,24098,7,,,1,30,,24092,7,,,1,70,,24089,7,,,1,30,,24097,7,,,1,70,,24104,7,,,1,30,,24103,7,,,1,70,,24101,7,,,1,30,,24093,7,,,1,70,,24085,7,,,1,30,,24107,7,,,1,70,,24084,7,,,1,30,,24086,7,,,1,70,,24090,7,,,1
11101,'4',622,,24111,7,,,1,30,,24122,7,,,1,70,,24132,7,,,1,30,,24116,7,,,1,70,,24123,7,,,1,30,,24128,7,,,1,70,,24119,7,,,1,30,,24125,7,,,1,70,,24133,7,,,1,30,,24127,7,,,1,70,,24113,7,,,1,30,,24121,7,,,1,70,,24124,7,,,1,30,,24130,7,,,1,70,,24129,7,,,1,30,,24114,7,,,1,70,,24118,7,,,1,30,,24112,7,,,1,70,,24115,7,,,1,30,,24126,7,,,1,70,,24109,7,,,1,30,,24120,7,,,1,70,,24110,7,,,1,30,,24117,7,,,1,70,,24131,7,,,1
11101,'5',622,,24134,7,,,1,30,,24140,7,,,1,70,,24141,7,,,1,30,,24137,7,,,1,70,,24155,7,,,1,30,,24142,7,,,1,70,,24138,7,,,1,30,,24154,7,,,1,70,,24151,7,,,1,30,,24156,7,,,1,70,,24149,7,,,1,30,,24143,7,,,1,70,,24146,7,,,1,30,,24158,7,,,1,70,,24153,7,,,1,30,,24145,7,,,1,70,,24147,7,,,1,30,,24135,7,,,1,70,,24148,7,,,1,30,,24136,7,,,1,70,,24139,7,,,1,30,,24152,7,,,1,70,,24157,7,,,1,30,,24150,7,,,1,70,,24144,7,,,1
11101,'7',622,,24182,7,,,1,30,,24176,7,,,1,70,,24161,7,,,1,30,,24171,7,,,1,70,,24165,7,,,1,30,,24180,7,,,1,70,,24172,7,,,1,30,,24175,7,,,1,70,,24179,7,,,1,30,,24160,7,,,1,70,,24181,7,,,1,30,,24164,7,,,1,70,,24173,7,,,1,30,,24170,7,,,1,70,,24178,7,,,1,30,,24177,7,,,1,70,,24166,7,,,1,30,,24163,7,,,1,70,,24174,7,,,1,30,,24162,7,,,1,70,,24159,7,,,1,30,,24169,7,,,1,70,,24168,7,,,1,30,,24167,7,,,1,70,,24183,7,,,1
11101,'8',622,,24203,7,,,1,30,,24197,7,,,1,70,,24185,7,,,1,30,,24201,7,,,1,70,,24190,7,,,1,30,,24188,7,,,1,70,,24192,7,,,1,30,,24198,7,,,1,70,,24202,7,,,1,30,,24193,7,,,1,70,,24184,7,,,1,30,,24196,7,,,1,70,,24208,7,,,1,30,,24207,7,,,1,70,,24205,7,,,1,30,,24206,7,,,1,70,,24187,7,,,1,30,,24200,7,,,1,70,,24194,7,,,1,30,,24186,7,,,1,70,,24195,7,,,1,30,,24204,7,,,1,70,,24191,7,,,1,30,,24189,7,,,1,70,,24199,7,,,1
11101,'9',622,,24209,7,,,1,30,,24223,7,,,1,70,,24225,7,,,1,30,,24224,7,,,1,70,,24230,7,,,1,30,,24210,7,,,1,70,,24212,7,,,1,30,,24218,7,,,1,70,,24215,7,,,1,30,,24221,7,,,1,70,,24231,7,,,1,30,,24227,7,,,1,70,,24226,7,,,1,30,,24211,7,,,1,70,,24220,7,,,1,30,,24216,7,,,1,70,,24219,7,,,1,30,,24213,7,,,1,70,,24222,7,,,1,30,,24217,7,,,1,70,,24233,7,,,1,30,,24228,7,,,1,70,,24232,7,,,1,30,,24229,7,,,1,70,,24214,7,,,1
21101,'1',1852,,28806,7,,,1,70,,28803,7,,,1,30,,28805,7,,,1,70,,28804,7,,,1,30,,28808,7,,,1,70,,28802,7,,,1,30,,28801,7,,,1,70,,28809,7,,,1,30,,28807,7,,,1
21101,'10',722,,28819,7,,,1,30,,28825,7,,,1,70,,28829,7,,,1,30,,28828,7,,,1,70,,28826,7,,,1,30,,28817,7,,,1,70,,28836,7,,,1,30,,28813,7,,,1,70,,28822,7,,,1,30,,28823,7,,,1,70,,28827,7,,,1,30,,28833,7,,,1,70,,28811,7,,,1,30,,28815,7,,,1,70,,28824,7,,,1,30,,28835,7,,,1,70,,28816,7,,,1,30,,28810,7,,,1,70,,28812,7,,,1,30,,28814,7,,,1,70,,28832,7,,,1,30,,28821,7,,,1,70,,28831,7,,,1,30,,28818,7,,,1,70,,28830,7,,,1,30,,28834,7,,,1,70,,28820,7,,,1
21101,'11',722,,28853,7,,,1,30,,28854,7,,,1,70,,28845,7,,,1,30,,28838,7,,,1,70,,28837,7,,,1,30,,28861,7,,,1,70,,28841,7,,,1,30,,28843,7,,,1,70,,28860,7,,,1,30,,28863,7,,,1,70,,28840,7,,,1,30,,28852,7,,,1,70,,28848,7,,,1,30,,28839,7,,,1,70,,28858,7,,,1,30,,28857,7,,,1,70,,28850,7,,,1,30,,28846,7,,,1,70,,28851,7,,,1,30,,28842,7,,,1,70,,28859,7,,,1,30,,28856,7,,,1,70,,28844,7,,,1,30,,28855,7,,,1,70,,28862,7,,,1,30,,28847,7,,,1,70,,28849,7,,,1
21101,'2',1852,,28870,7,,,1,70,,28866,7,,,1,30,,28868,7,,,1,70,,28871,7,,,1,30,,28864,7,,,1,70,,28865,7,,,1,30,,28867,7,,,1,70,,28869,7,,,1,30,,28872,7,,,1
21101,'3',1852,,28880,7,,,1,70,,28873,7,,,1,30,,28881,7,,,1,70,,28877,7,,,1,30,,28878,7,,,1,70,,28874,7,,,1,30,,28875,7,,,1,70,,28876,7,,,1,30,,28879,7,,,1
21101,'4',1852,,28885,7,,,1,70,,28886,7,,,1,30,,28884,7,,,1,70,,28887,7,,,1,30,,28883,7,,,1,70,,28882,7,,,1,30,,28888,7,,,1,70,,28889,7,,,1,30,,28890,7,,,1
21101,'5',1852,,28893,7,,,1,70,,28891,7,,,1,30,,28894,7,,,1,70,,28896,7,,,1,30,,28892,7,,,1,70,,28899,7,,,1,30,,28895,7,,,1,70,,28898,7,,,1,30,,28897,7,,,1
21101,'6',722,,28919,7,,,1,30,,28913,7,,,1,70,,28903,7,,,1,30,,28909,7,,,1,70,,28900,7,,,1,30,,28905,7,,,1,70,,28926,7,,,1,30,,28904,7,,,1,70,,28901,7,,,1,30,,28915,7,,,1,70,,28923,7,,,1,30,,28916,7,,,1,70,,28920,7,,,1,30,,28924,7,,,1,70,,28911,7,,,1,30,,28918,7,,,1,70,,28907,7,,,1,30,,28921,7,,,1,70,,28914,7,,,1,30,,28902,7,,,1,70,,28925,7,,,1,30,,28922,7,,,1,70,,28910,7,,,1,30,,28917,7,,,1,70,,28908,7,,,1,30,,28912,7,,,1,70,,28906,7,,,1
21101,'7',1852,,28933,7,,,1,70,,28934,7,,,1,30,,28930,7,,,1,70,,28928,7,,,1,30,,28932,7,,,1,70,,28935,7,,,1,30,,28931,7,,,1,70,,28929,7,,,1,30,,28927,7,,,1
21101,'8',1852,,28940,7,,,1,70,,28937,7,,,1,30,,28941,7,,,1,70,,28943,7,,,1,30,,28939,7,,,1,70,,28938,7,,,1,30,,28944,7,,,1,70,,28936,7,,,1,30,,28942,7,,,1
21101,'9',1852,,28946,7,,,1,70,,28953,7,,,1,30,,28952,7,,,1,70,,28950,7,,,1,30,,28948,7,,,1,70,,28947,7,,,1,30,,28951,7,,,1,70,,28949,7,,,1,30,,28945,7,,,1
