10501,'1',626,,17262,17,4,,1,100,,21325,17,4,,1,30,,18349,17,4,,1,70,,21334,17,4,,1,30,,21348,17,4,,1,70,,15602,17,4,,1,30,,21341,17,4,,1,70,,21337,17,4,,1,100,,21330,17,4,,1,100,,21347,17,4,,1,100,,21331,17,4,,1,100,,21332,17,4,,1,100,,21350,17,4,,1,30,,18105,17,4,,1,70,,21343,17,4,,1,30,,21354,17,4,,1,70,,21339,17,4,,1,30,,21346,17,4,,1,70,,21328,17,4,,1
10501,'2',626,,21388,17,4,,1,100,,21355,17,4,,1,30,,21364,17,4,,1,70,,21358,17,4,,1,30,,21360,17,4,,1,70,,21361,17,4,,1,30,,21375,17,4,,1,70,,21362,17,4,,1,100,,21365,17,4,,1,100,,21381,17,4,,1,100,,21380,17,4,,1,100,,21385,17,4,,1,100,,21363,17,4,,1,30,,14153,17,4,,1,70,,21384,17,4,,1,30,,21371,17,4,,1,70,,21370,17,4,,1,30,,21356,17,4,,1,70,,21366,17,4,,1
10501,'3',626,,21404,17,4,,1,100,,21405,17,4,,1,30,,21411,17,4,,1,70,,21415,17,4,,1,30,,21412,17,4,,1,70,,21419,17,4,,1,30,,21413,17,4,,1,70,,21402,17,4,,1,100,,21422,17,4,,1,100,,21426,17,4,,1,100,,21421,17,4,,1,100,,21394,17,4,,1,100,,21395,17,4,,1,30,,21410,17,4,,1,70,,21399,17,4,,1,30,,21418,17,4,,1,70,,21416,17,4,,1,30,,21391,17,4,,1,70,,21420,17,4,,1
10501,'4',626,,21457,17,4,,1,100,,21441,17,4,,1,30,,21447,17,4,,1,70,,21443,17,4,,1,30,,21462,17,4,,1,70,,21438,17,4,,1,30,,21433,17,4,,1,70,,21440,17,4,,1,100,,21434,17,4,,1,100,,21437,17,4,,1,100,,21431,17,4,,1,100,,21448,17,4,,1,100,,21449,17,4,,1,30,,21445,17,4,,1,70,,21429,17,4,,1,30,,21439,17,4,,1,70,,21442,17,4,,1,30,,21428,17,4,,1,70,,21451,17,4,,1
10501,'5',626,,21496,17,4,,1,100,,21472,17,4,,1,30,,21467,17,4,,1,70,,21495,17,4,,1,30,,21494,17,4,,1,70,,21491,17,4,,1,30,,21503,17,4,,1,70,,21487,17,4,,1,100,,21488,17,4,,1,100,,21466,17,4,,1,100,,21500,17,4,,1,100,,21497,17,4,,1,100,,21480,17,4,,1,30,,21483,17,4,,1,70,,21468,17,4,,1,30,,21502,17,4,,1,70,,21482,17,4,,1,30,,21479,17,4,,1,70,,21474,17,4,,1
10501,'7',626,,21540,17,4,,1,100,,21539,17,4,,1,30,,21521,17,4,,1,70,,21538,17,4,,1,30,,21535,17,4,,1,70,,21511,17,4,,1,30,,21516,17,4,,1,70,,21518,17,4,,1,100,,21525,17,4,,1,100,,21510,17,4,,1,100,,21522,17,4,,1,100,,21523,17,4,,1,100,,21533,17,4,,1,30,,21531,17,4,,1,70,,21507,17,4,,1,30,,21520,17,4,,1,70,,21508,17,4,,1,30,,21541,17,4,,1,70,,21524,17,4,,1
10501,'8',626,,21558,17,4,,1,100,,21553,17,4,,1,30,,21543,17,4,,1,70,,21545,17,4,,1,30,,21572,17,4,,1,70,,21548,17,4,,1,30,,21573,17,4,,1,70,,21569,17,4,,1,100,,21554,17,4,,1,100,,21571,17,4,,1,100,,21568,17,4,,1,100,,21577,17,4,,1,100,,21564,17,4,,1,30,,21574,17,4,,1,70,,21578,17,4,,1,30,,21579,17,4,,1,70,,21565,17,4,,1,30,,21570,17,4,,1,70,,21567,17,4,,1
10501,'9',626,,21605,17,4,,1,100,,21585,17,4,,1,30,,21580,17,4,,1,70,,21583,17,4,,1,30,,21584,17,4,,1,70,,21587,17,4,,1,30,,21608,17,4,,1,70,,21595,17,4,,1,100,,21602,17,4,,1,100,,21604,17,4,,1,100,,21609,17,4,,1,100,,21613,17,4,,1,100,,21616,17,4,,1,30,,21599,17,4,,1,70,,21589,17,4,,1,30,,21593,17,4,,1,70,,21588,17,4,,1,30,,21612,17,4,,1,70,,21582,17,4,,1
20501,'1',1924,,27313,15,4,,1,1,,18082,1,,,1,99,,27312,15,4,,1,1,,27311,1,,,1,99,,27315,15,4,,1,1,,27314,1,,,1,99,,27317,15,4,,1,1,,27316,1,,,1
20501,'10',724,,27318,15,4,,1,1,,27340,1,,,1,99,,27345,15,4,,1,1,,27344,1,,,1,99,,27321,15,4,,1,1,,27327,1,,,1,99,,27330,15,4,,1,1,,27335,1,,,1,99,,27323,15,4,,1,1,,27339,1,,,1,99,,27331,15,4,,1,1,,27320,1,,,1,99,,27342,15,4,,1,1,,27326,1,,,1,99,,27329,15,4,,1,1,,27338,1,,,1,99,,27343,15,4,,1,1,,27324,1,,,1,99,,27336,15,4,,1,1,,27325,1,,,1,99,,27337,15,4,,1,1,,27322,1,,,1,99,,27319,15,4,,1,1,,27334,1,,,1,99,,27328,15,4,,1,1,,27333,1,,,1,99,,27332,15,4,,1,1,,27341,1,,,1
20501,'11',724,,27370,15,4,,1,1,,27354,1,,,1,99,,27349,15,4,,1,1,,27350,1,,,1,99,,27363,15,4,,1,1,,27362,1,,,1,99,,27352,15,4,,1,1,,27347,1,,,1,99,,27365,15,4,,1,1,,27355,1,,,1,99,,27348,15,4,,1,1,,27359,1,,,1,99,,27361,15,4,,1,1,,27372,1,,,1,99,,27358,15,4,,1,1,,27364,1,,,1,99,,27346,15,4,,1,1,,27357,1,,,1,99,,27367,15,4,,1,1,,27371,1,,,1,99,,27351,15,4,,1,1,,27373,1,,,1,99,,27360,15,4,,1,1,,27353,1,,,1,99,,27368,15,4,,1,1,,27369,1,,,1,99,,27366,15,4,,1,1,,27356,1,,,1
20501,'2',1924,,27381,15,4,,1,1,,27378,1,,,1,99,,27380,15,4,,1,1,,27376,1,,,1,99,,27375,15,4,,1,1,,27379,1,,,1,99,,27374,15,4,,1,1,,27377,1,,,1
20501,'3',1924,,27388,15,4,,1,1,,27389,1,,,1,99,,27384,15,4,,1,1,,27383,1,,,1,99,,27386,15,4,,1,1,,27387,1,,,1,99,,27385,15,4,,1,1,,27382,1,,,1
20501,'4',1924,,27396,15,4,,1,1,,27393,1,,,1,99,,27397,15,4,,1,1,,27395,1,,,1,99,,27390,15,4,,1,1,,27392,1,,,1,99,,27391,15,4,,1,1,,27394,1,,,1
20501,'5',1924,,27398,15,4,,1,1,,27405,1,,,1,99,,27403,15,4,,1,1,,27401,1,,,1,99,,27400,15,4,,1,1,,27402,1,,,1,99,,27404,15,4,,1,1,,27399,1,,,1
20501,'6',724,,27431,15,4,,1,1,,27408,1,,,1,99,,27422,15,4,,1,1,,27432,1,,,1,99,,27421,15,4,,1,1,,27424,1,,,1,99,,27423,15,4,,1,1,,27433,1,,,1,99,,27414,15,4,,1,1,,27417,1,,,1,99,,27415,15,4,,1,1,,27412,1,,,1,99,,27419,15,4,,1,1,,27420,1,,,1,99,,27407,15,4,,1,1,,27410,1,,,1,99,,27428,15,4,,1,1,,27430,1,,,1,99,,27413,15,4,,1,1,,27411,1,,,1,99,,27427,15,4,,1,1,,27429,1,,,1,99,,27425,15,4,,1,1,,27406,1,,,1,99,,27418,15,4,,1,1,,27409,1,,,1,99,,27416,15,4,,1,1,,27426,1,,,1
20501,'7',1924,,27435,15,4,,1,1,,27438,1,,,1,99,,27434,15,4,,1,1,,27439,1,,,1,99,,27436,15,4,,1,1,,27441,1,,,1,99,,27440,15,4,,1,1,,27437,1,,,1
20501,'8',1924,,27448,15,4,,1,1,,27445,1,,,1,99,,27444,15,4,,1,1,,27449,1,,,1,99,,27442,15,4,,1,1,,27443,1,,,1,99,,27446,15,4,,1,1,,27447,1,,,1
20501,'9',1924,,27455,15,4,,1,1,,27457,1,,,1,99,,27456,15,4,,1,1,,27452,1,,,1,99,,27454,15,4,,1,1,,27450,1,,,1,99,,27451,15,4,,1,1,,27453,1,,,1
