10500,'1',548,,21026,3,,,1,100,,21028,3,,,1,70,,21052,3,,,1,30,,21025,3,,,1,70,,21044,3,,,1,30,,21030,3,,,1,70,,21024,3,,,1,30,,21056,3,,,1,100,,21037,3,,,1,100,,21027,3,,,1,100,,21049,3,,,1,100,,21029,3,,,1,100,,21050,3,,,1,70,,21021,3,,,1,30,,21043,3,,,1,70,,21055,3,,,1,30,,18649,3,,,1,70,,21039,3,,,1,30,,21038,3,,,1
10500,'2',548,,21078,3,,,1,100,,21092,3,,,1,70,,21069,3,,,1,30,,21086,3,,,1,70,,21074,3,,,1,30,,21058,3,,,1,70,,21059,3,,,1,30,,21064,3,,,1,100,,21062,3,,,1,100,,21057,3,,,1,100,,21083,3,,,1,100,,21075,3,,,1,100,,21085,3,,,1,70,,21072,3,,,1,30,,21088,3,,,1,70,,21068,3,,,1,30,,21063,3,,,1,70,,21070,3,,,1,30,,21084,3,,,1
10500,'3',548,,21094,3,,,1,100,,21109,3,,,1,70,,21114,3,,,1,30,,21113,3,,,1,70,,21123,3,,,1,30,,21120,3,,,1,70,,21122,3,,,1,30,,21110,3,,,1,100,,21111,3,,,1,100,,21095,3,,,1,100,,21126,3,,,1,100,,21100,3,,,1,100,,21119,3,,,1,70,,21093,3,,,1,30,,21101,3,,,1,70,,21097,3,,,1,30,,21112,3,,,1,70,,21096,3,,,1,30,,21129,3,,,1
10500,'4',548,,21138,3,,,1,100,,21148,3,,,1,70,,21133,3,,,1,30,,21146,3,,,1,70,,21164,3,,,1,30,,21156,3,,,1,70,,21140,3,,,1,30,,21161,3,,,1,100,,21151,3,,,1,100,,21144,3,,,1,100,,21142,3,,,1,100,,21166,3,,,1,100,,21147,3,,,1,70,,21136,3,,,1,30,,21149,3,,,1,70,,21163,3,,,1,30,,21167,3,,,1,70,,21141,3,,,1,30,,21132,3,,,1
10500,'5',548,,21169,3,,,1,100,,21183,3,,,1,70,,21197,3,,,1,30,,21170,3,,,1,70,,21179,3,,,1,30,,21175,3,,,1,70,,21182,3,,,1,30,,21192,3,,,1,100,,21206,3,,,1,100,,21191,3,,,1,100,,21188,3,,,1,100,,21202,3,,,1,100,,21199,3,,,1,70,,21186,3,,,1,30,,21203,3,,,1,70,,21189,3,,,1,30,,21195,3,,,1,70,,21177,3,,,1,30,,21181,3,,,1
10500,'7',548,,21214,3,,,1,100,,21240,3,,,1,70,,21238,3,,,1,30,,21226,3,,,1,70,,21221,3,,,1,30,,21216,3,,,1,70,,21224,3,,,1,30,,21232,3,,,1,100,,21230,3,,,1,100,,21212,3,,,1,100,,21241,3,,,1,100,,21228,3,,,1,100,,21217,3,,,1,70,,21219,3,,,1,30,,21233,3,,,1,70,,21215,3,,,1,30,,21231,3,,,1,70,,21239,3,,,1,30,,21242,3,,,1
10500,'8',548,,21269,3,,,1,100,,21258,3,,,1,70,,21265,3,,,1,30,,21280,3,,,1,70,,21281,3,,,1,30,,21271,3,,,1,70,,21251,3,,,1,30,,21277,3,,,1,100,,21273,3,,,1,100,,21266,3,,,1,100,,21246,3,,,1,100,,21245,3,,,1,100,,21259,3,,,1,70,,21248,3,,,1,30,,21274,3,,,1,70,,21264,3,,,1,30,,21276,3,,,1,70,,21270,3,,,1,30,,21263,3,,,1
10500,'9',548,,21320,3,,,1,100,,21298,3,,,1,70,,21288,3,,,1,30,,21305,3,,,1,70,,21297,3,,,1,30,,21316,3,,,1,70,,21302,3,,,1,30,,21306,3,,,1,100,,21284,3,,,1,100,,21286,3,,,1,100,,21289,3,,,1,100,,21290,3,,,1,100,,21287,3,,,1,70,,21296,3,,,1,30,,21308,3,,,1,70,,21318,3,,,1,30,,21313,3,,,1,70,,21283,3,,,1,30,,21285,3,,,1
11301,'1',600,,24835,3,,,1,100,,24811,3,,,1,100,,24826,3,,,1,100,,24831,3,,,1,100,,24824,3,,,1,100,,24813,3,,,1,100,,24828,3,,,1,100,,24823,3,,,1,100,,24820,3,,,1,100,,24805,3,,,1,100,,24819,3,,,1,100,,24808,3,,,1,100,,24821,3,,,1,100,,24809,3,,,1
11301,'2',600,,24872,3,,,1,100,,24844,3,,,1,100,,17606,3,,,1,100,,18446,3,,,1,100,,24843,3,,,1,100,,24877,3,,,1,100,,24853,3,,,1,100,,24848,3,,,1,100,,15518,3,,,1,100,,24846,3,,,1,100,,24874,3,,,1,100,,24847,3,,,1,100,,17465,3,,,1,100,,24870,3,,,1
11301,'3',600,,24908,3,,,1,100,,24892,3,,,1,100,,24910,3,,,1,100,,24881,3,,,1,100,,24913,3,,,1,100,,24912,3,,,1,100,,24885,3,,,1,100,,24889,3,,,1,100,,24899,3,,,1,100,,24893,3,,,1,100,,24917,3,,,1,100,,24879,3,,,1,100,,24883,3,,,1,100,,24915,3,,,1
11301,'4',600,,24940,3,,,1,100,,24957,3,,,1,100,,24952,3,,,1,100,,24925,3,,,1,100,,24960,3,,,1,100,,24953,3,,,1,100,,24935,3,,,1,100,,24947,3,,,1,100,,24936,3,,,1,100,,24923,3,,,1,100,,24950,3,,,1,100,,24945,3,,,1,100,,24943,3,,,1,100,,24944,3,,,1
11301,'5',600,,24989,3,,,1,100,,24991,3,,,1,100,,24998,3,,,1,100,,24966,3,,,1,100,,24994,3,,,1,100,,24979,3,,,1,100,,24971,3,,,1,100,,24965,3,,,1,100,,24975,3,,,1,100,,24983,3,,,1,100,,24980,3,,,1,100,,24993,3,,,1,100,,24970,3,,,1,100,,24967,3,,,1
11301,'7',600,,25034,3,,,1,100,,25029,3,,,1,100,,25041,3,,,1,100,,25026,3,,,1,100,,25013,3,,,1,100,,25042,3,,,1,100,,25011,3,,,1,100,,25032,3,,,1,100,,25012,3,,,1,100,,25027,3,,,1,100,,25039,3,,,1,100,,25007,3,,,1,100,,25008,3,,,1,100,,25004,3,,,1
11301,'8',600,,25044,3,,,1,100,,25053,3,,,1,100,,25069,3,,,1,100,,25054,3,,,1,100,,25049,3,,,1,100,,25052,3,,,1,100,,25080,3,,,1,100,,25078,3,,,1,100,,25050,3,,,1,100,,25079,3,,,1,100,,25047,3,,,1,100,,25055,3,,,1,100,,25077,3,,,1,100,,25059,3,,,1
11301,'9',600,,25093,3,,,1,100,,25116,3,,,1,100,,25104,3,,,1,100,,25092,3,,,1,100,,25109,3,,,1,100,,25121,3,,,1,100,,25124,3,,,1,100,,25113,3,,,1,100,,25088,3,,,1,100,,25120,3,,,1,100,,25091,3,,,1,100,,25098,3,,,1,100,,25123,3,,,1,100,,25111,3,,,1
20500,'1',1848,,27166,3,,,1,100,,27168,3,,,1,100,,27167,3,,,1,100,,27169,3,,,1
20500,'10',648,,27194,3,,,1,100,,27174,3,,,1,100,,27184,3,,,1,100,,27186,3,,,1,100,,27192,3,,,1,100,,27173,3,,,1,100,,27188,3,,,1,100,,27181,3,,,1,100,,27191,3,,,1,100,,27179,3,,,1,100,,27197,3,,,1,100,,27189,3,,,1,100,,27193,3,,,1,100,,27172,3,,,1
20500,'11',648,,27207,3,,,1,100,,27199,3,,,1,100,,27211,3,,,1,100,,27219,3,,,1,100,,27202,3,,,1,100,,27203,3,,,1,100,,27212,3,,,1,100,,27205,3,,,1,100,,27225,3,,,1,100,,27206,3,,,1,100,,27217,3,,,1,100,,27208,3,,,1,100,,27204,3,,,1,100,,27222,3,,,1
20500,'2',1848,,27228,3,,,1,100,,27229,3,,,1,100,,27231,3,,,1,100,,27232,3,,,1
20500,'3',1848,,27238,3,,,1,100,,27236,3,,,1,100,,27242,3,,,1,100,,27239,3,,,1
20500,'4',1848,,27249,3,,,1,100,,27250,3,,,1,100,,27244,3,,,1,100,,27245,3,,,1
20500,'5',1848,,27252,3,,,1,100,,27258,3,,,1,100,,27257,3,,,1,100,,27255,3,,,1
20500,'6',648,,27271,3,,,1,100,,27266,3,,,1,100,,27267,3,,,1,100,,27269,3,,,1,100,,27274,3,,,1,100,,27264,3,,,1,100,,27273,3,,,1,100,,27276,3,,,1,100,,27282,3,,,1,100,,27265,3,,,1,100,,27260,3,,,1,100,,27278,3,,,1,100,,27259,3,,,1,100,,27270,3,,,1
20500,'7',1848,,27294,3,,,1,100,,27289,3,,,1,100,,27293,3,,,1,100,,27290,3,,,1
20500,'8',1848,,27296,3,,,1,100,,27300,3,,,1,100,,27301,3,,,1,100,,27295,3,,,1
20500,'9',1848,,27310,3,,,1,100,,27303,3,,,1,100,,27306,3,,,1,100,,27304,3,,,1
21301,'1',1959,,29034,3,,,1,100,,29031,3,,,1,100,,29033,3,,,1,100,,29028,3,,,1
21301,'10',659,,29039,3,,,1,142,,29060,3,,,1,100,,29062,3,,,1,100,,29049,3,,,1,100,,29055,3,,,1,100,,29036,3,,,1,100,,29069,3,,,1,100,,29047,3,,,1,100,,29051,3,,,1,100,,29066,3,,,1,100,,29068,3,,,1,100,,29063,3,,,1,100,,29075,3,,,1,100,,29054,3,,,1
21301,'11',659,,29106,3,,,1,142,,29077,3,,,1,100,,29113,3,,,1,100,,29108,3,,,1,100,,29082,3,,,1,100,,29099,3,,,1,100,,29078,3,,,1,100,,29096,3,,,1,100,,29104,3,,,1,100,,29110,3,,,1,100,,29079,3,,,1,100,,29095,3,,,1,100,,29101,3,,,1,100,,29090,3,,,1
21301,'2',1959,,29124,3,,,1,100,,29121,3,,,1,100,,29116,3,,,1,100,,19193,3,,,1
21301,'3',1959,,29136,3,,,1,100,,29126,3,,,1,100,,29131,3,,,1,100,,29127,3,,,1
21301,'4',1959,,29142,3,,,1,100,,29143,3,,,1,100,,29146,3,,,1,100,,29139,3,,,1
21301,'5',1959,,29151,3,,,1,100,,29152,3,,,1,100,,29154,3,,,1,100,,29156,3,,,1
21301,'6',659,,29183,3,,,1,142,,29192,3,,,1,100,,29174,3,,,1,100,,29190,3,,,1,100,,29179,3,,,1,100,,29172,3,,,1,100,,29164,3,,,1,100,,29196,3,,,1,100,,29163,3,,,1,100,,29173,3,,,1,100,,29187,3,,,1,100,,29184,3,,,1,100,,29168,3,,,1,100,,29169,3,,,1
21301,'7',1959,,29206,3,,,1,100,,29200,3,,,1,100,,29199,3,,,1,100,,29205,3,,,1
21301,'8',1959,,29214,3,,,1,100,,29210,3,,,1,100,,29217,3,,,1,100,,29219,3,,,1
21301,'9',1959,,29229,3,,,1,100,,29226,3,,,1,100,,29225,3,,,1,100,,29228,3,,,1
