11301,'1',602,,24842,3,,,1,100,,24836,3,,,1,100,,17709,3,,,1,100,,24810,3,,,1,100,,24829,3,,,1,100,,24807,3,,,1,100,,24816,3,,,1,100,,24840,3,,,1,100,,24818,3,,,1,100,,24812,3,,,1,100,,24825,3,,,1,100,,24830,3,,,1,100,,24814,3,,,1,100,,24839,3,,,1
11301,'2',602,,24878,3,,,1,100,,24861,3,,,1,100,,24867,3,,,1,100,,24851,3,,,1,100,,24849,3,,,1,100,,24862,3,,,1,100,,24850,3,,,1,100,,24865,3,,,1,100,,24859,3,,,1,100,,24876,3,,,1,100,,24871,3,,,1,100,,24866,3,,,1,100,,24873,3,,,1,100,,24863,3,,,1
11301,'3',602,,24902,3,,,1,100,,24909,3,,,1,100,,24900,3,,,1,100,,24880,3,,,1,100,,24914,3,,,1,100,,24897,3,,,1,100,,24911,3,,,1,100,,24919,3,,,1,100,,24891,3,,,1,100,,24906,3,,,1,100,,24888,3,,,1,100,,24918,3,,,1,100,,24898,3,,,1,100,,24884,3,,,1
11301,'4',602,,24946,3,,,1,100,,24941,3,,,1,100,,24929,3,,,1,100,,24920,3,,,1,100,,24922,3,,,1,100,,24949,3,,,1,100,,24924,3,,,1,100,,24958,3,,,1,100,,24948,3,,,1,100,,24942,3,,,1,100,,24930,3,,,1,100,,24931,3,,,1,100,,24934,3,,,1,100,,24927,3,,,1
11301,'5',602,,24961,3,,,1,100,,24969,3,,,1,100,,24974,3,,,1,100,,25000,3,,,1,100,,24988,3,,,1,100,,25001,3,,,1,100,,24997,3,,,1,100,,24962,3,,,1,100,,24995,3,,,1,100,,24973,3,,,1,100,,24977,3,,,1,100,,24963,3,,,1,100,,24968,3,,,1,100,,24982,3,,,1
11301,'7',602,,25002,3,,,1,100,,25019,3,,,1,100,,25035,3,,,1,100,,25018,3,,,1,100,,25010,3,,,1,100,,25040,3,,,1,100,,25033,3,,,1,100,,25023,3,,,1,100,,25014,3,,,1,100,,25003,3,,,1,100,,25009,3,,,1,100,,25022,3,,,1,100,,25017,3,,,1,100,,25025,3,,,1
11301,'8',602,,25046,3,,,1,100,,25076,3,,,1,100,,25056,3,,,1,100,,25067,3,,,1,100,,25063,3,,,1,100,,25071,3,,,1,100,,25061,3,,,1,100,,25072,3,,,1,100,,25068,3,,,1,100,,25073,3,,,1,100,,25045,3,,,1,100,,25065,3,,,1,100,,25058,3,,,1,100,,25074,3,,,1
11301,'9',602,,25089,3,,,1,100,,25099,3,,,1,100,,25110,3,,,1,100,,25096,3,,,1,100,,25112,3,,,1,100,,25086,3,,,1,100,,25097,3,,,1,100,,25102,3,,,1,100,,25118,3,,,1,100,,25106,3,,,1,100,,25103,3,,,1,100,,25108,3,,,1,100,,25107,3,,,1,100,,25100,3,,,1
21301,'1',2002,,29025,3,,,1,100,,29035,3,,,1,100,,29029,3,,,1
21301,'10',702,,29041,3,,,1,102,,29045,3,,,1,100,,29050,3,,,1,100,,29058,3,,,1,100,,29073,3,,,1,100,,29038,3,,,1,100,,29043,3,,,1,100,,29040,3,,,1,100,,29057,3,,,1,100,,29061,3,,,1,100,,29070,3,,,1,100,,29037,3,,,1,100,,29064,3,,,1
21301,'11',702,,29093,3,,,1,102,,29111,3,,,1,100,,29091,3,,,1,100,,29080,3,,,1,100,,29103,3,,,1,100,,29086,3,,,1,100,,29087,3,,,1,100,,29107,3,,,1,100,,29097,3,,,1,100,,29089,3,,,1,100,,29102,3,,,1,100,,29076,3,,,1,100,,29114,3,,,1
21301,'2',2002,,29118,3,,,1,100,,29125,3,,,1,100,,29123,3,,,1
21301,'3',2002,,29130,3,,,1,100,,29128,3,,,1,100,,29134,3,,,1
21301,'4',2002,,29147,3,,,1,100,,29144,3,,,1,100,,29140,3,,,1
21301,'5',2002,,29153,3,,,1,100,,29149,3,,,1,100,,29148,3,,,1
21301,'6',702,,29191,3,,,1,102,,29198,3,,,1,100,,29193,3,,,1,100,,29160,3,,,1,100,,29170,3,,,1,100,,29165,3,,,1,100,,29194,3,,,1,100,,29197,3,,,1,100,,29186,3,,,1,100,,29188,3,,,1,100,,29166,3,,,1,100,,29175,3,,,1,100,,29181,3,,,1
21301,'7',2002,,29201,3,,,1,100,,29204,3,,,1,100,,29209,3,,,1
21301,'8',2002,,29216,3,,,1,100,,29220,3,,,1,100,,29211,3,,,1
21301,'9',2002,,29221,3,,,1,100,,29227,3,,,1,100,,29223,3,,,1
