20600,'1',1818,,27467,15,,,1,30,,27459,15,,,1,70,,27463,15,,,1,30,,27464,15,,,1,70,,27458,15,,,1,30,,27460,15,,,1,70,,27466,15,,,1,30,,27462,15,,,1,70,,27465,15,,,1,30,,27461,15,,,1
20600,'10',741,,18923,15,,,1,70,,27477,15,,,1,30,,27486,15,,,1,70,,27470,15,,,1,30,,27482,15,,,1,70,,27488,15,,,1,30,,27491,15,,,1,70,,27492,15,,,1,30,,27474,15,,,1,70,,27473,15,,,1,30,,27484,15,,,1,70,,27479,15,,,1,30,,27472,15,,,1,70,,27468,15,,,1,30,,27480,15,,,1,70,,27489,15,,,1,30,,27485,15,,,1,70,,27476,15,,,1,30,,27475,15,,,1,70,,27481,15,,,1,30,,27478,15,,,1,70,,27487,15,,,1,30,,27471,15,,,1,70,,27483,15,,,1,30,,27490,15,,,1,70,,27469,15,,,1
20600,'11',741,,27493,15,,,1,70,,27515,15,,,1,30,,27512,15,,,1,70,,27506,15,,,1,30,,27495,15,,,1,70,,27504,15,,,1,30,,27507,15,,,1,70,,27518,15,,,1,30,,27496,15,,,1,70,,27498,15,,,1,30,,27508,15,,,1,70,,27509,15,,,1,30,,27502,15,,,1,70,,27511,15,,,1,30,,27510,15,,,1,70,,27497,15,,,1,30,,27494,15,,,1,70,,27513,15,,,1,30,,27500,15,,,1,70,,27516,15,,,1,30,,27503,15,,,1,70,,27514,15,,,1,30,,27505,15,,,1,70,,27501,15,,,1,30,,27499,15,,,1,70,,27517,15,,,1
20600,'2',1818,,27521,15,,,1,30,,27528,15,,,1,70,,27526,15,,,1,30,,27522,15,,,1,70,,27519,15,,,1,30,,27525,15,,,1,70,,27520,15,,,1,30,,27527,15,,,1,70,,27524,15,,,1,30,,27523,15,,,1
20600,'3',1818,,27532,15,,,1,30,,27530,15,,,1,70,,27533,15,,,1,30,,27535,15,,,1,70,,27531,15,,,1,30,,27537,15,,,1,70,,27536,15,,,1,30,,27529,15,,,1,70,,27534,15,,,1,30,,27538,15,,,1
20600,'4',1818,,27539,15,,,1,30,,27547,15,,,1,70,,27541,15,,,1,30,,27544,15,,,1,70,,27543,15,,,1,30,,27546,15,,,1,70,,27545,15,,,1,30,,27548,15,,,1,70,,27540,15,,,1,30,,27542,15,,,1
20600,'5',1818,,27550,15,,,1,30,,27555,15,,,1,70,,27558,15,,,1,30,,27549,15,,,1,70,,27551,15,,,1,30,,27556,15,,,1,70,,27554,15,,,1,30,,27552,15,,,1,70,,27557,15,,,1,30,,27553,15,,,1
20600,'6',741,,27575,15,,,1,70,,27571,15,,,1,30,,27579,15,,,1,70,,27584,15,,,1,30,,27562,15,,,1,70,,27578,15,,,1,30,,27566,15,,,1,70,,27570,15,,,1,30,,27563,15,,,1,70,,27559,15,,,1,30,,27582,15,,,1,70,,27560,15,,,1,30,,27567,15,,,1,70,,27577,15,,,1,30,,27561,15,,,1,70,,27583,15,,,1,30,,27574,15,,,1,70,,27573,15,,,1,30,,27564,15,,,1,70,,27581,15,,,1,30,,27572,15,,,1,70,,27565,15,,,1,30,,27569,15,,,1,70,,27568,15,,,1,30,,27580,15,,,1,70,,27576,15,,,1
20600,'7',1818,,27586,15,,,1,30,,27589,15,,,1,70,,27591,15,,,1,30,,27593,15,,,1,70,,27592,15,,,1,30,,27588,15,,,1,70,,27585,15,,,1,30,,27590,15,,,1,70,,27594,15,,,1,30,,27587,15,,,1
20600,'8',1818,,27601,15,,,1,30,,27596,15,,,1,70,,27600,15,,,1,30,,27595,15,,,1,70,,27604,15,,,1,30,,27598,15,,,1,70,,27603,15,,,1,30,,27599,15,,,1,70,,27602,15,,,1,30,,27597,15,,,1
20600,'9',1818,,27608,15,,,1,30,,27611,15,,,1,70,,27614,15,,,1,30,,27607,15,,,1,70,,27609,15,,,1,30,,27613,15,,,1,70,,27610,15,,,1,30,,27605,15,,,1,70,,27612,15,,,1,30,,27606,15,,,1
