11100,'1',605,,23841,8,,,1,30,,23848,8,,,1,70,,23853,8,,,1,30,,23835,8,,,1,70,,23840,8,,,1,30,,23845,8,,,1,70,,23843,8,,,1,30,,23838,8,,,1,70,,23831,8,,,1,30,,23839,8,,,1,70,,23850,8,,,1,30,,23851,8,,,1,70,,23844,8,,,1,30,,23834,8,,,1,70,,23847,8,,,1,30,,23832,8,,,1,70,,23836,8,,,1,30,,18733,8,,,1,70,,23852,8,,,1,30,,23837,8,,,1,70,,18504,8,,,1,30,,23849,8,,,1,70,,23842,8,,,1,30,,23833,8,,,1,70,,23830,8,,,1,30,,23846,8,,,1
11100,'2',605,,16031,8,,,1,30,,23858,8,,,1,70,,23873,8,,,1,30,,23856,8,,,1,70,,23862,8,,,1,30,,23877,8,,,1,70,,23874,8,,,1,30,,23864,8,,,1,70,,23875,8,,,1,30,,23870,8,,,1,70,,23868,8,,,1,30,,23865,8,,,1,70,,23869,8,,,1,30,,23857,8,,,1,70,,23860,8,,,1,30,,23855,8,,,1,70,,23872,8,,,1,30,,23867,8,,,1,70,,23854,8,,,1,30,,23859,8,,,1,70,,23863,8,,,1,30,,23876,8,,,1,70,,18688,8,,,1,30,,23866,8,,,1,70,,23871,8,,,1,30,,23861,8,,,1
11100,'3',605,,23903,8,,,1,30,,23881,8,,,1,70,,23899,8,,,1,30,,23879,8,,,1,70,,23900,8,,,1,30,,23902,8,,,1,70,,23901,8,,,1,30,,23896,8,,,1,70,,23887,8,,,1,30,,23897,8,,,1,70,,23891,8,,,1,30,,23885,8,,,1,70,,23878,8,,,1,30,,23888,8,,,1,70,,23893,8,,,1,30,,23882,8,,,1,70,,23892,8,,,1,30,,23889,8,,,1,70,,23880,8,,,1,30,,23884,8,,,1,70,,23883,8,,,1,30,,23895,8,,,1,70,,23890,8,,,1,30,,23894,8,,,1,70,,23898,8,,,1,30,,23886,8,,,1
11100,'4',605,,23918,8,,,1,30,,23911,8,,,1,70,,23915,8,,,1,30,,23906,8,,,1,70,,23929,8,,,1,30,,23919,8,,,1,70,,23912,8,,,1,30,,23917,8,,,1,70,,23910,8,,,1,30,,23925,8,,,1,70,,23907,8,,,1,30,,23924,8,,,1,70,,23909,8,,,1,30,,23927,8,,,1,70,,23926,8,,,1,30,,23908,8,,,1,70,,23905,8,,,1,30,,23904,8,,,1,70,,23913,8,,,1,30,,23916,8,,,1,70,,23923,8,,,1,30,,23920,8,,,1,70,,23921,8,,,1,30,,23914,8,,,1,70,,23928,8,,,1,30,,23922,8,,,1
11100,'5',605,,23945,8,,,1,30,,23950,8,,,1,70,,23931,8,,,1,30,,23938,8,,,1,70,,23939,8,,,1,30,,23953,8,,,1,70,,23951,8,,,1,30,,23946,8,,,1,70,,23948,8,,,1,30,,23935,8,,,1,70,,23942,8,,,1,30,,23940,8,,,1,70,,23954,8,,,1,30,,23944,8,,,1,70,,23934,8,,,1,30,,23947,8,,,1,70,,23943,8,,,1,30,,23952,8,,,1,70,,23949,8,,,1,30,,23955,8,,,1,70,,23930,8,,,1,30,,23932,8,,,1,70,,23936,8,,,1,30,,23941,8,,,1,70,,23937,8,,,1,30,,23933,8,,,1
11100,'7',605,,23964,8,,,1,30,,23981,8,,,1,70,,23965,8,,,1,30,,23971,8,,,1,70,,23960,8,,,1,30,,23967,8,,,1,70,,23961,8,,,1,30,,23958,8,,,1,70,,23956,8,,,1,30,,23969,8,,,1,70,,23962,8,,,1,30,,23980,8,,,1,70,,23977,8,,,1,30,,23959,8,,,1,70,,23974,8,,,1,30,,23973,8,,,1,70,,23979,8,,,1,30,,23978,8,,,1,70,,23966,8,,,1,30,,23970,8,,,1,70,,23972,8,,,1,30,,23975,8,,,1,70,,23968,8,,,1,30,,23976,8,,,1,70,,23963,8,,,1,30,,23957,8,,,1
11100,'8',605,,23997,8,,,1,30,,23996,8,,,1,70,,23995,8,,,1,30,,23988,8,,,1,70,,23993,8,,,1,30,,23983,8,,,1,70,,23992,8,,,1,30,,24004,8,,,1,70,,24003,8,,,1,30,,23984,8,,,1,70,,24006,8,,,1,30,,23994,8,,,1,70,,24007,8,,,1,30,,24002,8,,,1,70,,24005,8,,,1,30,,23998,8,,,1,70,,23985,8,,,1,30,,24001,8,,,1,70,,23990,8,,,1,30,,23987,8,,,1,70,,23999,8,,,1,30,,24000,8,,,1,70,,23982,8,,,1,30,,23989,8,,,1,70,,23991,8,,,1,30,,23986,8,,,1
11100,'9',605,,24019,8,,,1,30,,24018,8,,,1,70,,24014,8,,,1,30,,24022,8,,,1,70,,24027,8,,,1,30,,24033,8,,,1,70,,24016,8,,,1,30,,24020,8,,,1,70,,24015,8,,,1,30,,24017,8,,,1,70,,24013,8,,,1,30,,24026,8,,,1,70,,24023,8,,,1,30,,24011,8,,,1,70,,24021,8,,,1,30,,24012,8,,,1,70,,24030,8,,,1,30,,24008,8,,,1,70,,24009,8,,,1,30,,24024,8,,,1,70,,24032,8,,,1,30,,24029,8,,,1,70,,24031,8,,,1,30,,24010,8,,,1,70,,24028,8,,,1,30,,24025,8,,,1
21100,'1',1905,,28653,8,,,1,30,,28657,8,,,1,70,,28658,8,,,1,30,,18236,8,,,1,70,,28652,8,,,1,30,,28651,8,,,1,70,,28656,8,,,1,30,,28655,8,,,1,70,,28654,8,,,1
21100,'10',735,,28668,8,,,1,70,,28660,8,,,1,30,,28665,8,,,1,70,,28680,8,,,1,30,,28671,8,,,1,70,,28669,8,,,1,30,,28672,8,,,1,70,,19674,8,,,1,30,,28679,8,,,1,70,,28682,8,,,1,30,,28664,8,,,1,70,,28674,8,,,1,30,,28661,8,,,1,70,,28662,8,,,1,30,,28676,8,,,1,70,,28675,8,,,1,30,,28681,8,,,1,70,,28673,8,,,1,30,,28670,8,,,1,70,,28667,8,,,1,30,,28677,8,,,1,70,,28683,8,,,1,30,,19537,8,,,1,70,,28659,8,,,1,30,,28663,8,,,1,70,,28666,8,,,1,30,,28678,8,,,1
21100,'11',735,,28685,8,,,1,70,,28698,8,,,1,30,,28696,8,,,1,70,,28703,8,,,1,30,,28707,8,,,1,70,,28693,8,,,1,30,,28697,8,,,1,70,,28686,8,,,1,30,,28691,8,,,1,70,,28709,8,,,1,30,,28702,8,,,1,70,,28689,8,,,1,30,,28694,8,,,1,70,,28688,8,,,1,30,,28700,8,,,1,70,,28684,8,,,1,30,,28687,8,,,1,70,,28701,8,,,1,30,,28695,8,,,1,70,,28690,8,,,1,30,,28710,8,,,1,70,,28699,8,,,1,30,,28706,8,,,1,70,,28704,8,,,1,30,,28705,8,,,1,70,,28708,8,,,1,30,,28692,8,,,1
21100,'2',1905,,28716,8,,,1,30,,28718,8,,,1,70,,28719,8,,,1,30,,28711,8,,,1,70,,28712,8,,,1,30,,28715,8,,,1,70,,28717,8,,,1,30,,28714,8,,,1,70,,28713,8,,,1
21100,'3',1905,,28727,8,,,1,30,,28728,8,,,1,70,,28721,8,,,1,30,,28724,8,,,1,70,,28723,8,,,1,30,,28725,8,,,1,70,,28720,8,,,1,30,,28726,8,,,1,70,,28722,8,,,1
21100,'4',1905,,28729,8,,,1,30,,28731,8,,,1,70,,28732,8,,,1,30,,28734,8,,,1,70,,28730,8,,,1,30,,28733,8,,,1,70,,28736,8,,,1,30,,28735,8,,,1,70,,28737,8,,,1
21100,'5',1905,,28742,8,,,1,30,,28739,8,,,1,70,,28745,8,,,1,30,,28740,8,,,1,70,,28744,8,,,1,30,,28738,8,,,1,70,,28741,8,,,1,30,,28743,8,,,1,70,,28746,8,,,1
21100,'6',735,,28772,8,,,1,70,,28760,8,,,1,30,,28753,8,,,1,70,,28769,8,,,1,30,,28762,8,,,1,70,,28767,8,,,1,30,,28757,8,,,1,70,,28768,8,,,1,30,,28750,8,,,1,70,,28765,8,,,1,30,,28761,8,,,1,70,,28771,8,,,1,30,,28763,8,,,1,70,,28770,8,,,1,30,,28756,8,,,1,70,,28755,8,,,1,30,,28749,8,,,1,70,,28752,8,,,1,30,,28759,8,,,1,70,,28764,8,,,1,30,,28766,8,,,1,70,,28773,8,,,1,30,,28758,8,,,1,70,,28748,8,,,1,30,,28754,8,,,1,70,,28751,8,,,1,30,,28747,8,,,1
21100,'7',1905,,28777,8,,,1,30,,28782,8,,,1,70,,28780,8,,,1,30,,28779,8,,,1,70,,28775,8,,,1,30,,28774,8,,,1,70,,28778,8,,,1,30,,28776,8,,,1,70,,28781,8,,,1
21100,'8',1905,,28786,8,,,1,30,,28787,8,,,1,70,,28790,8,,,1,30,,28789,8,,,1,70,,28788,8,,,1,30,,28791,8,,,1,70,,28784,8,,,1,30,,28783,8,,,1,70,,28785,8,,,1
21100,'9',1905,,28792,8,,,1,30,,28796,8,,,1,70,,28795,8,,,1,30,,28798,8,,,1,70,,28799,8,,,1,30,,28794,8,,,1,70,,28800,8,,,1,30,,28797,8,,,1,70,,28793,8,,,1
