11101,'1',624,,24046,11,,,1,30,,24048,11,,,1,70,,24058,11,,,1,30,,24040,11,,,1,70,,24052,11,,,1,30,,24047,11,,,1,70,,24049,11,,,1,30,,24057,11,,,1,70,,24055,11,,,1,30,,24034,11,,,1,70,,24043,11,,,1,30,,24050,11,,,1,70,,24051,11,,,1,30,,24041,11,,,1,70,,24036,11,,,1,30,,24037,11,,,1,71,,24056,11,,,1,30,,24045,11,,,1,70,,24042,11,,,1,30,,24035,11,,,1,70,,24044,11,,,1,30,,24054,11,,,1,70,,24053,11,,,1,30,,24038,11,,,1,70,,24039,11,,,1
11101,'2',624,,24081,11,,,1,30,,24070,11,,,1,70,,24083,11,,,1,30,,24073,11,,,1,70,,24076,11,,,1,30,,24079,11,,,1,70,,24066,11,,,1,30,,24063,11,,,1,70,,24082,11,,,1,30,,24059,11,,,1,70,,24064,11,,,1,30,,24069,11,,,1,70,,24071,11,,,1,30,,24067,11,,,1,70,,24061,11,,,1,30,,24060,11,,,1,71,,24072,11,,,1,30,,24077,11,,,1,70,,24080,11,,,1,30,,24065,11,,,1,70,,24062,11,,,1,30,,24074,11,,,1,70,,24075,11,,,1,30,,24078,11,,,1,70,,24068,11,,,1
11101,'3',624,,24108,11,,,1,30,,24096,11,,,1,70,,24094,11,,,1,30,,24095,11,,,1,70,,24087,11,,,1,30,,24091,11,,,1,70,,24106,11,,,1,30,,24100,11,,,1,70,,24102,11,,,1,30,,24105,11,,,1,70,,24099,11,,,1,30,,24088,11,,,1,70,,24098,11,,,1,30,,24092,11,,,1,70,,24089,11,,,1,30,,24097,11,,,1,71,,24104,11,,,1,30,,24103,11,,,1,70,,24101,11,,,1,30,,24093,11,,,1,70,,24085,11,,,1,30,,24107,11,,,1,70,,24084,11,,,1,30,,24086,11,,,1,70,,24090,11,,,1
11101,'4',624,,24111,11,,,1,30,,24122,11,,,1,70,,24132,11,,,1,30,,24116,11,,,1,70,,24123,11,,,1,30,,24128,11,,,1,70,,24119,11,,,1,30,,24125,11,,,1,70,,24133,11,,,1,30,,24127,11,,,1,70,,24113,11,,,1,30,,24121,11,,,1,70,,24124,11,,,1,30,,24130,11,,,1,70,,24129,11,,,1,30,,24114,11,,,1,71,,24118,11,,,1,30,,24112,11,,,1,70,,24115,11,,,1,30,,24126,11,,,1,70,,24109,11,,,1,30,,24120,11,,,1,70,,24110,11,,,1,30,,24117,11,,,1,70,,24131,11,,,1
11101,'5',624,,24134,11,,,1,30,,24140,11,,,1,70,,24141,11,,,1,30,,24137,11,,,1,70,,24155,11,,,1,30,,24142,11,,,1,70,,24138,11,,,1,30,,24154,11,,,1,70,,24151,11,,,1,30,,24156,11,,,1,70,,24149,11,,,1,30,,24143,11,,,1,70,,24146,11,,,1,30,,24158,11,,,1,70,,24153,11,,,1,30,,24145,11,,,1,71,,24147,11,,,1,30,,24135,11,,,1,70,,24148,11,,,1,30,,24136,11,,,1,70,,24139,11,,,1,30,,24152,11,,,1,70,,24157,11,,,1,30,,24150,11,,,1,70,,24144,11,,,1
11101,'7',624,,24182,11,,,1,30,,24176,11,,,1,70,,24161,11,,,1,30,,24171,11,,,1,70,,24165,11,,,1,30,,24180,11,,,1,70,,24172,11,,,1,30,,24175,11,,,1,70,,24179,11,,,1,30,,24160,11,,,1,70,,24181,11,,,1,30,,24164,11,,,1,70,,24173,11,,,1,30,,24170,11,,,1,70,,24178,11,,,1,30,,24177,11,,,1,71,,24166,11,,,1,30,,24163,11,,,1,70,,24174,11,,,1,30,,24162,11,,,1,70,,24159,11,,,1,30,,24169,11,,,1,70,,24168,11,,,1,30,,24167,11,,,1,70,,24183,11,,,1
11101,'8',624,,24203,11,,,1,30,,24197,11,,,1,70,,24185,11,,,1,30,,24201,11,,,1,70,,24190,11,,,1,30,,24188,11,,,1,70,,24192,11,,,1,30,,24198,11,,,1,70,,24202,11,,,1,30,,24193,11,,,1,70,,24184,11,,,1,30,,24196,11,,,1,70,,24208,11,,,1,30,,24207,11,,,1,70,,24205,11,,,1,30,,24206,11,,,1,71,,24187,11,,,1,30,,24200,11,,,1,70,,24194,11,,,1,30,,24186,11,,,1,70,,24195,11,,,1,30,,24204,11,,,1,70,,24191,11,,,1,30,,24189,11,,,1,70,,24199,11,,,1
11101,'9',624,,24209,11,,,1,30,,24223,11,,,1,70,,24225,11,,,1,30,,24224,11,,,1,70,,24230,11,,,1,30,,24210,11,,,1,70,,24212,11,,,1,30,,24218,11,,,1,70,,24215,11,,,1,30,,24221,11,,,1,70,,24231,11,,,1,30,,24227,11,,,1,70,,24226,11,,,1,30,,24211,11,,,1,70,,24220,11,,,1,30,,24216,11,,,1,71,,24219,11,,,1,30,,24213,11,,,1,70,,24222,11,,,1,30,,24217,11,,,1,70,,24233,11,,,1,30,,24228,11,,,1,70,,24232,11,,,1,30,,24229,11,,,1,70,,24214,11,,,1
21101,'1',1854,,28806,11,,,1,70,,28803,11,,,1,30,,28805,11,,,1,70,,28804,11,,,1,30,,28808,11,,,1,70,,28802,11,,,1,30,,28801,11,,,1,70,,28809,11,,,1,30,,28807,11,,,1
21101,'10',724,,28819,11,,,1,30,,28825,11,,,1,70,,28829,11,,,1,30,,28828,11,,,1,70,,28826,11,,,1,30,,28817,11,,,1,70,,28836,11,,,1,30,,28813,11,,,1,70,,28822,11,,,1,30,,28823,11,,,1,70,,28827,11,,,1,30,,28833,11,,,1,70,,28811,11,,,1,30,,28815,11,,,1,70,,28824,11,,,1,30,,28835,11,,,1,70,,28816,11,,,1,30,,28810,11,,,1,70,,28812,11,,,1,30,,28814,11,,,1,70,,28832,11,,,1,30,,28821,11,,,1,70,,28831,11,,,1,30,,28818,11,,,1,70,,28830,11,,,1,30,,28834,11,,,1,70,,28820,11,,,1
21101,'11',724,,28853,11,,,1,30,,28854,11,,,1,70,,28845,11,,,1,30,,28838,11,,,1,70,,28837,11,,,1,30,,28861,11,,,1,70,,28841,11,,,1,30,,28843,11,,,1,70,,28860,11,,,1,30,,28863,11,,,1,70,,28840,11,,,1,30,,28852,11,,,1,70,,28848,11,,,1,30,,28839,11,,,1,70,,28858,11,,,1,30,,28857,11,,,1,70,,28850,11,,,1,30,,28846,11,,,1,70,,28851,11,,,1,30,,28842,11,,,1,70,,28859,11,,,1,30,,28856,11,,,1,70,,28844,11,,,1,30,,28855,11,,,1,70,,28862,11,,,1,30,,28847,11,,,1,70,,28849,11,,,1
21101,'2',1854,,28870,11,,,1,70,,28866,11,,,1,30,,28868,11,,,1,70,,28871,11,,,1,30,,28864,11,,,1,70,,28865,11,,,1,30,,28867,11,,,1,70,,28869,11,,,1,30,,28872,11,,,1
21101,'3',1854,,28880,11,,,1,70,,28873,11,,,1,30,,28881,11,,,1,70,,28877,11,,,1,30,,28878,11,,,1,70,,28874,11,,,1,30,,28875,11,,,1,70,,28876,11,,,1,30,,28879,11,,,1
21101,'4',1854,,28885,11,,,1,70,,28886,11,,,1,30,,28884,11,,,1,70,,28887,11,,,1,30,,28883,11,,,1,70,,28882,11,,,1,30,,28888,11,,,1,70,,28889,11,,,1,30,,28890,11,,,1
21101,'5',1854,,28893,11,,,1,70,,28891,11,,,1,30,,28894,11,,,1,70,,28896,11,,,1,30,,28892,11,,,1,70,,28899,11,,,1,30,,28895,11,,,1,70,,28898,11,,,1,30,,28897,11,,,1
21101,'6',724,,28919,11,,,1,30,,28913,11,,,1,70,,28903,11,,,1,30,,28909,11,,,1,70,,28900,11,,,1,30,,28905,11,,,1,70,,28926,11,,,1,30,,28904,11,,,1,70,,28901,11,,,1,30,,28915,11,,,1,70,,28923,11,,,1,30,,28916,11,,,1,70,,28920,11,,,1,30,,28924,11,,,1,70,,28911,11,,,1,30,,28918,11,,,1,70,,28907,11,,,1,30,,28921,11,,,1,70,,28914,11,,,1,30,,28902,11,,,1,70,,28925,11,,,1,30,,28922,11,,,1,70,,28910,11,,,1,30,,28917,11,,,1,70,,28908,11,,,1,30,,28912,11,,,1,70,,28906,11,,,1
21101,'7',1854,,28933,11,,,1,70,,28934,11,,,1,30,,28930,11,,,1,70,,28928,11,,,1,30,,28932,11,,,1,70,,28935,11,,,1,30,,28931,11,,,1,70,,28929,11,,,1,30,,28927,11,,,1
21101,'8',1854,,28940,11,,,1,70,,28937,11,,,1,30,,28941,11,,,1,70,,28943,11,,,1,30,,28939,11,,,1,70,,28938,11,,,1,30,,28944,11,,,1,70,,28936,11,,,1,30,,28942,11,,,1
21101,'9',1854,,28946,11,,,1,70,,28953,11,,,1,30,,28952,11,,,1,70,,28950,11,,,1,30,,28948,11,,,1,70,,28947,11,,,1,30,,28951,11,,,1,70,,28949,11,,,1,30,,28945,11,,,1
