10101,'10',642,,17276,6,,,1,70,,17283,6,,,1,30,,17281,6,,,1,70,,17273,6,,,1,30,,17280,6,,,1,70,,17274,6,,,1,30,,17271,6,,,1,100,,14659,6,,,1,100,,17272,6,,,1,100,,17279,6,,,1,100,,17282,6,,,1,101,,17278,6,,,1,70,,17275,6,,,1,30,,17270,6,,,1,70,,17277,6,,,1,30,,17284,6,,,1,70,,17268,6,,,1,30,,17269,6,,,1
10101,'7',642,,17293,6,,,1,70,,17298,6,,,1,30,,17296,6,,,1,70,,15501,6,,,1,30,,17294,6,,,1,70,,14830,6,,,1,30,,17289,6,,,1,100,,14642,6,,,1,100,,17292,6,,,1,100,,17295,6,,,1,100,,17297,6,,,1,101,,17291,6,,,1,70,,17290,6,,,1,30,,17287,6,,,1,70,,15664,6,,,1,30,,17288,6,,,1,70,,17285,6,,,1,30,,17286,6,,,1
10301,'10',609,,17439,5,,,1,100,,17438,5,,,1,30,,17440,5,,,1,70,,17430,5,,,1,30,,17443,5,,,1,70,,17432,5,,,1,30,,17441,5,,,1,70,,17445,5,,,1,100,,17444,5,,,1,100,,17433,5,,,1,100,,17436,5,,,1,100,,17435,5,,,1,100,,17442,5,,,1,30,,17434,5,,,1,70,,17437,5,,,1,30,,15037,5,,,1,70,,15324,5,,,1,30,,14958,5,,,1,70,,17431,5,,,1,30,,14559,5,,,1
10301,'7',609,,17454,5,,,1,100,,17447,5,,,1,30,,17463,5,,,1,70,,17449,5,,,1,30,,17459,5,,,1,70,,17458,5,,,1,30,,17461,5,,,1,70,,17455,5,,,1,100,,15656,5,,,1,100,,17456,5,,,1,100,,17452,5,,,1,100,,17453,5,,,1,100,,17457,5,,,1,30,,17448,5,,,1,70,,17451,5,,,1,30,,17462,5,,,1,70,,15266,5,,,1,30,,17460,5,,,1,70,,17450,5,,,1,30,,17446,5,,,1
11101,'10',619,,18253,3,,,1,30,,18249,3,,,1,70,,18251,3,,,1,30,,18254,3,,,1,70,,18265,3,,,1,30,,18259,3,,,1,70,,18256,3,,,1,30,,15584,3,,,1,70,,18252,3,,,1,30,,18266,3,,,1,70,,18250,3,,,1,30,,18269,3,,,1,70,,18248,3,,,1,30,,18270,3,,,1,70,,18260,3,,,1,30,,18262,3,,,1,70,,18247,3,,,1,30,,18267,3,,,1,70,,18261,3,,,1,30,,18255,3,,,1,70,,18257,3,,,1,30,,18268,3,,,1,70,,18264,3,,,1,30,,18258,3,,,1,70,,18263,3,,,1
11101,'7',619,,18276,3,,,1,30,,18273,3,,,1,70,,18274,3,,,1,30,,18278,3,,,1,70,,18287,3,,,1,30,,18285,3,,,1,70,,18282,3,,,1,30,,15560,3,,,1,70,,18275,3,,,1,30,,18291,3,,,1,70,,18290,3,,,1,30,,18279,3,,,1,70,,18272,3,,,1,30,,18284,3,,,1,70,,18283,3,,,1,30,,18292,3,,,1,70,,18271,3,,,1,30,,18289,3,,,1,70,,18288,3,,,1,30,,18280,3,,,1,70,,18293,3,,,1,30,,18281,3,,,1,70,,18286,3,,,1,30,,18277,3,,,1,70,,8868,3,,,1
11200,'10',652,,18295,5,,,1,100,,18303,5,,,1,100,,18304,5,,,1,100,,18298,5,,,1,100,,18302,5,,,1,100,,18294,5,,,1,100,,18297,5,,,1,100,,18300,5,,,1,102,,18301,5,,,1,98,,18299,5,,,1,100,,18296,5,,,1
11200,'7',652,,18314,5,,,1,100,,18315,5,,,1,100,,18312,5,,,1,100,,18308,5,,,1,100,,18313,5,,,1,100,,18305,5,,,1,100,,18307,5,,,1,100,,18310,5,,,1,102,,18311,5,,,1,98,,18309,5,,,1,100,,18306,5,,,1
20301,'10',1909,,18797,5,0,9 3 10,1,30,,15385,5,0,9 3 10,1,70,,18798,5,0,9 3 10,1,30,,18799,5,0,9 3 10,1,70,,18802,5,0,9 3 10,1,30,,18796,5,0,9 3 10,1,70,,18800,5,0,9 3 10,1,30,,18795,5,0,9 3 10,1,70,,18801,5,0,9 3 10,1,30,,15316,5,0,9 3 10,1
20301,'5',709,,18823,5,0,9 3 10,1,30,,18824,5,0,9 3 10,1,70,,18804,5,0,9 3 10,1,30,,18813,5,0,9 3 10,1,70,,18811,5,0,9 3 10,1,30,,18814,5,0,9 3 10,1,70,,18817,5,0,9 3 10,1,30,,17231,5,0,9 3 10,1,70,,18822,5,0,9 3 10,1,30,,18809,5,0,9 3 10,1,70,,18816,5,0,9 3 10,1,30,,16412,5,0,9 3 10,1,70,,18805,5,0,9 3 10,1,30,,18820,5,0,9 3 10,1,70,,18827,5,0,9 3 10,1,30,,18826,5,0,9 3 10,1,70,,18810,5,0,9 3 10,1,30,,18806,5,0,9 3 10,1,70,,18825,5,0,9 3 10,1,30,,18808,5,0,9 3 10,1,70,,18803,5,0,9 3 10,1,30,,18819,5,0,9 3 10,1,70,,18807,5,0,9 3 10,1,30,,18815,5,0,9 3 10,1,70,,16996,5,0,9 3 10,1,30,,18821,5,0,9 3 10,1,70,,18818,5,0,9 3 10,1,30,,18812,5,0,9 3 10,1
20301,'7',1909,,18830,5,0,9 3 10,1,30,,18835,5,0,9 3 10,1,70,,18831,5,0,9 3 10,1,30,,18832,5,0,9 3 10,1,70,,18837,5,0,9 3 10,1,30,,18834,5,0,9 3 10,1,70,,18833,5,0,9 3 10,1,30,,18828,5,0,9 3 10,1,70,,18836,5,0,9 3 10,1,30,,18829,5,0,9 3 10,1
21101,'10',1849,,19405,3,,,1,70,,19407,3,,,1,30,,19408,3,,,1,70,,19403,3,,,1,30,,19409,3,,,1,70,,19402,3,,,1,30,,19401,3,,,1,70,,19404,3,,,1,30,,19406,3,,,1
21101,'5',719,,19413,3,,,1,30,,19422,3,,,1,70,,16663,3,,,1,30,,19414,3,,,1,70,,19418,3,,,1,30,,19419,3,,,1,70,,19433,3,,,1,30,,19412,3,,,1,70,,19424,3,,,1,30,,19421,3,,,1,70,,17190,3,,,1,30,,19423,3,,,1,70,,19427,3,,,1,30,,19415,3,,,1,70,,19411,3,,,1,30,,19428,3,,,1,70,,19426,3,,,1,30,,19432,3,,,1,70,,19429,3,,,1,30,,19420,3,,,1,70,,19434,3,,,1,30,,19410,3,,,1,70,,19431,3,,,1,30,,19425,3,,,1,70,,19416,3,,,1,30,,19430,3,,,1,70,,19417,3,,,1
21101,'7',1849,,19438,3,,,1,70,,19441,3,,,1,30,,19442,3,,,1,70,,19440,3,,,1,30,,15883,3,,,1,70,,19436,3,,,1,30,,19435,3,,,1,70,,19437,3,,,1,30,,19439,3,,,1
