10101,'1',644,,19889,9,,,1,70,,19898,9,,,1,30,,19892,9,,,1,70,,19890,9,,,1,30,,19901,9,,,1,70,,19887,9,,,1,30,,19897,9,,,1,100,,19900,9,,,1,100,,19886,9,,,1,100,,19903,9,,,1,100,,19896,9,,,1,102,,19902,9,,,1,70,,19888,9,,,1,30,,19899,9,,,1,70,,19894,9,,,1,30,,19891,9,,,1,70,,19893,9,,,1,30,,19895,9,,,1
10101,'2',644,,19909,9,,,1,70,,19915,9,,,1,30,,19912,9,,,1,70,,19919,9,,,1,30,,19907,9,,,1,70,,19911,9,,,1,30,,19913,9,,,1,100,,19908,9,,,1,100,,19904,9,,,1,100,,19920,9,,,1,100,,19906,9,,,1,102,,19917,9,,,1,70,,19910,9,,,1,30,,19914,9,,,1,70,,18685,9,,,1,30,,19916,9,,,1,70,,19905,9,,,1,30,,19918,9,,,1
10101,'3',644,,19933,9,,,1,70,,19937,9,,,1,30,,19930,9,,,1,70,,19923,9,,,1,30,,19931,9,,,1,70,,19927,9,,,1,30,,19921,9,,,1,100,,19935,9,,,1,100,,19928,9,,,1,100,,19932,9,,,1,100,,19926,9,,,1,102,,19934,9,,,1,70,,19925,9,,,1,30,,19936,9,,,1,70,,19938,9,,,1,30,,19922,9,,,1,70,,19929,9,,,1,30,,19924,9,,,1
10101,'4',644,,19945,9,,,1,70,,19949,9,,,1,30,,19943,9,,,1,70,,19942,9,,,1,30,,19948,9,,,1,70,,19939,9,,,1,30,,19950,9,,,1,100,,19941,9,,,1,100,,19954,9,,,1,100,,19955,9,,,1,100,,19940,9,,,1,102,,19947,9,,,1,70,,19944,9,,,1,30,,19952,9,,,1,70,,19956,9,,,1,30,,19946,9,,,1,70,,19951,9,,,1,30,,19953,9,,,1
10101,'5',644,,19963,9,,,1,70,,19959,9,,,1,30,,19961,9,,,1,70,,19965,9,,,1,30,,19962,9,,,1,70,,19967,9,,,1,30,,19968,9,,,1,100,,19964,9,,,1,100,,19957,9,,,1,100,,19958,9,,,1,100,,19969,9,,,1,102,,19974,9,,,1,70,,19972,9,,,1,30,,19970,9,,,1,70,,19960,9,,,1,30,,19973,9,,,1,70,,19966,9,,,1,30,,19971,9,,,1
10101,'7',644,,19992,9,,,1,70,,19982,9,,,1,30,,19978,9,,,1,70,,19988,9,,,1,30,,19984,9,,,1,70,,19990,9,,,1,30,,19989,9,,,1,100,,19983,9,,,1,100,,19980,9,,,1,100,,19975,9,,,1,100,,19977,9,,,1,102,,19985,9,,,1,70,,19986,9,,,1,30,,19987,9,,,1,70,,19991,9,,,1,30,,19976,9,,,1,70,,19979,9,,,1,30,,19981,9,,,1
10101,'8',644,,20005,9,,,1,70,,19995,9,,,1,30,,20002,9,,,1,70,,20001,9,,,1,30,,20003,9,,,1,70,,20008,9,,,1,30,,19994,9,,,1,100,,19997,9,,,1,100,,20006,9,,,1,100,,19993,9,,,1,100,,19996,9,,,1,102,,19998,9,,,1,70,,20010,9,,,1,30,,20004,9,,,1,70,,20007,9,,,1,30,,19999,9,,,1,70,,20009,9,,,1,30,,20000,9,,,1
10101,'9',644,,20018,9,,,1,70,,20015,9,,,1,30,,20013,9,,,1,70,,20011,9,,,1,30,,20027,9,,,1,70,,20028,9,,,1,30,,20022,9,,,1,100,,20025,9,,,1,100,,20021,9,,,1,100,,20023,9,,,1,100,,20014,9,,,1,102,,20020,9,,,1,70,,20019,9,,,1,30,,20016,9,,,1,70,,20026,9,,,1,30,,20012,9,,,1,70,,20024,9,,,1,30,,20017,9,,,1
11101,'1',621,,24046,6,,,1,30,,24048,6,,,1,70,,24058,6,,,1,30,,24040,6,,,1,70,,24052,6,,,1,30,,24047,6,,,1,70,,24049,6,,,1,30,,24057,6,,,1,70,,24055,6,,,1,30,,24034,6,,,1,70,,24043,6,,,1,30,,24050,6,,,1,70,,24051,6,,,1,30,,24041,6,,,1,70,,24036,6,,,1,30,,24037,6,,,1,71,,24056,6,,,1,30,,24045,6,,,1,70,,24042,6,,,1,30,,24035,6,,,1,70,,24044,6,,,1,30,,24054,6,,,1,70,,24053,6,,,1,30,,24038,6,,,1,70,,24039,6,,,1
11101,'2',621,,24081,6,,,1,30,,24070,6,,,1,70,,24083,6,,,1,30,,24073,6,,,1,70,,24076,6,,,1,30,,24079,6,,,1,70,,24066,6,,,1,30,,24063,6,,,1,70,,24082,6,,,1,30,,24059,6,,,1,70,,24064,6,,,1,30,,24069,6,,,1,70,,24071,6,,,1,30,,24067,6,,,1,70,,24061,6,,,1,30,,24060,6,,,1,71,,24072,6,,,1,30,,24077,6,,,1,70,,24080,6,,,1,30,,24065,6,,,1,70,,24062,6,,,1,30,,24074,6,,,1,70,,24075,6,,,1,30,,24078,6,,,1,70,,24068,6,,,1
11101,'3',621,,24108,6,,,1,30,,24096,6,,,1,70,,24094,6,,,1,30,,24095,6,,,1,70,,24087,6,,,1,30,,24091,6,,,1,70,,24106,6,,,1,30,,24100,6,,,1,70,,24102,6,,,1,30,,24105,6,,,1,70,,24099,6,,,1,30,,24088,6,,,1,70,,24098,6,,,1,30,,24092,6,,,1,70,,24089,6,,,1,30,,24097,6,,,1,71,,24104,6,,,1,30,,24103,6,,,1,70,,24101,6,,,1,30,,24093,6,,,1,70,,24085,6,,,1,30,,24107,6,,,1,70,,24084,6,,,1,30,,24086,6,,,1,70,,24090,6,,,1
11101,'4',621,,24111,6,,,1,30,,24122,6,,,1,70,,24132,6,,,1,30,,24116,6,,,1,70,,24123,6,,,1,30,,24128,6,,,1,70,,24119,6,,,1,30,,24125,6,,,1,70,,24133,6,,,1,30,,24127,6,,,1,70,,24113,6,,,1,30,,24121,6,,,1,70,,24124,6,,,1,30,,24130,6,,,1,70,,24129,6,,,1,30,,24114,6,,,1,71,,24118,6,,,1,30,,24112,6,,,1,70,,24115,6,,,1,30,,24126,6,,,1,70,,24109,6,,,1,30,,24120,6,,,1,70,,24110,6,,,1,30,,24117,6,,,1,70,,24131,6,,,1
11101,'5',621,,24134,6,,,1,30,,24140,6,,,1,70,,24141,6,,,1,30,,24137,6,,,1,70,,24155,6,,,1,30,,24142,6,,,1,70,,24138,6,,,1,30,,24154,6,,,1,70,,24151,6,,,1,30,,24156,6,,,1,70,,24149,6,,,1,30,,24143,6,,,1,70,,24146,6,,,1,30,,24158,6,,,1,70,,24153,6,,,1,30,,24145,6,,,1,71,,24147,6,,,1,30,,24135,6,,,1,70,,24148,6,,,1,30,,24136,6,,,1,70,,24139,6,,,1,30,,24152,6,,,1,70,,24157,6,,,1,30,,24150,6,,,1,70,,24144,6,,,1
11101,'7',621,,24182,6,,,1,30,,24176,6,,,1,70,,24161,6,,,1,30,,24171,6,,,1,70,,24165,6,,,1,30,,24180,6,,,1,70,,24172,6,,,1,30,,24175,6,,,1,70,,24179,6,,,1,30,,24160,6,,,1,70,,24181,6,,,1,30,,24164,6,,,1,70,,24173,6,,,1,30,,24170,6,,,1,70,,24178,6,,,1,30,,24177,6,,,1,71,,24166,6,,,1,30,,24163,6,,,1,70,,24174,6,,,1,30,,24162,6,,,1,70,,24159,6,,,1,30,,24169,6,,,1,70,,24168,6,,,1,30,,24167,6,,,1,70,,24183,6,,,1
11101,'8',621,,24203,6,,,1,30,,24197,6,,,1,70,,24185,6,,,1,30,,24201,6,,,1,70,,24190,6,,,1,30,,24188,6,,,1,70,,24192,6,,,1,30,,24198,6,,,1,70,,24202,6,,,1,30,,24193,6,,,1,70,,24184,6,,,1,30,,24196,6,,,1,70,,24208,6,,,1,30,,24207,6,,,1,70,,24205,6,,,1,30,,24206,6,,,1,71,,24187,6,,,1,30,,24200,6,,,1,70,,24194,6,,,1,30,,24186,6,,,1,70,,24195,6,,,1,30,,24204,6,,,1,70,,24191,6,,,1,30,,24189,6,,,1,70,,24199,6,,,1
11101,'9',621,,24209,6,,,1,30,,24223,6,,,1,70,,24225,6,,,1,30,,24224,6,,,1,70,,24230,6,,,1,30,,24210,6,,,1,70,,24212,6,,,1,30,,24218,6,,,1,70,,24215,6,,,1,30,,24221,6,,,1,70,,24231,6,,,1,30,,24227,6,,,1,70,,24226,6,,,1,30,,24211,6,,,1,70,,24220,6,,,1,30,,24216,6,,,1,71,,24219,6,,,1,30,,24213,6,,,1,70,,24222,6,,,1,30,,24217,6,,,1,70,,24233,6,,,1,30,,24228,6,,,1,70,,24232,6,,,1,30,,24229,6,,,1,70,,24214,6,,,1
21101,'1',1851,,28806,6,,,1,70,,28803,6,,,1,30,,28805,6,,,1,70,,28804,6,,,1,30,,28808,6,,,1,70,,28802,6,,,1,30,,28801,6,,,1,70,,28809,6,,,1,30,,28807,6,,,1
21101,'10',721,,28819,6,,,1,30,,28825,6,,,1,70,,28829,6,,,1,30,,28828,6,,,1,70,,28826,6,,,1,30,,28817,6,,,1,70,,28836,6,,,1,30,,28813,6,,,1,70,,28822,6,,,1,30,,28823,6,,,1,70,,28827,6,,,1,30,,28833,6,,,1,70,,28811,6,,,1,30,,28815,6,,,1,70,,28824,6,,,1,30,,28835,6,,,1,70,,28816,6,,,1,30,,28810,6,,,1,70,,28812,6,,,1,30,,28814,6,,,1,70,,28832,6,,,1,30,,28821,6,,,1,70,,28831,6,,,1,30,,28818,6,,,1,70,,28830,6,,,1,30,,28834,6,,,1,70,,28820,6,,,1
21101,'11',721,,28853,6,,,1,30,,28854,6,,,1,70,,28845,6,,,1,30,,28838,6,,,1,70,,28837,6,,,1,30,,28861,6,,,1,70,,28841,6,,,1,30,,28843,6,,,1,70,,28860,6,,,1,30,,28863,6,,,1,70,,28840,6,,,1,30,,28852,6,,,1,70,,28848,6,,,1,30,,28839,6,,,1,70,,28858,6,,,1,30,,28857,6,,,1,70,,28850,6,,,1,30,,28846,6,,,1,70,,28851,6,,,1,30,,28842,6,,,1,70,,28859,6,,,1,30,,28856,6,,,1,70,,28844,6,,,1,30,,28855,6,,,1,70,,28862,6,,,1,30,,28847,6,,,1,70,,28849,6,,,1
21101,'2',1851,,28870,6,,,1,70,,28866,6,,,1,30,,28868,6,,,1,70,,28871,6,,,1,30,,28864,6,,,1,70,,28865,6,,,1,30,,28867,6,,,1,70,,28869,6,,,1,30,,28872,6,,,1
21101,'3',1851,,28880,6,,,1,70,,28873,6,,,1,30,,28881,6,,,1,70,,28877,6,,,1,30,,28878,6,,,1,70,,28874,6,,,1,30,,28875,6,,,1,70,,28876,6,,,1,30,,28879,6,,,1
21101,'4',1851,,28885,6,,,1,70,,28886,6,,,1,30,,28884,6,,,1,70,,28887,6,,,1,30,,28883,6,,,1,70,,28882,6,,,1,30,,28888,6,,,1,70,,28889,6,,,1,30,,28890,6,,,1
21101,'5',1851,,28893,6,,,1,70,,28891,6,,,1,30,,28894,6,,,1,70,,28896,6,,,1,30,,28892,6,,,1,70,,28899,6,,,1,30,,28895,6,,,1,70,,28898,6,,,1,30,,28897,6,,,1
21101,'6',721,,28919,6,,,1,30,,28913,6,,,1,70,,28903,6,,,1,30,,28909,6,,,1,70,,28900,6,,,1,30,,28905,6,,,1,70,,28926,6,,,1,30,,28904,6,,,1,70,,28901,6,,,1,30,,28915,6,,,1,70,,28923,6,,,1,30,,28916,6,,,1,70,,28920,6,,,1,30,,28924,6,,,1,70,,28911,6,,,1,30,,28918,6,,,1,70,,28907,6,,,1,30,,28921,6,,,1,70,,28914,6,,,1,30,,28902,6,,,1,70,,28925,6,,,1,30,,28922,6,,,1,70,,28910,6,,,1,30,,28917,6,,,1,70,,28908,6,,,1,30,,28912,6,,,1,70,,28906,6,,,1
21101,'7',1851,,28933,6,,,1,70,,28934,6,,,1,30,,28930,6,,,1,70,,28928,6,,,1,30,,28932,6,,,1,70,,28935,6,,,1,30,,28931,6,,,1,70,,28929,6,,,1,30,,28927,6,,,1
21101,'8',1851,,28940,6,,,1,70,,28937,6,,,1,30,,28941,6,,,1,70,,28943,6,,,1,30,,28939,6,,,1,70,,28938,6,,,1,30,,28944,6,,,1,70,,28936,6,,,1,30,,28942,6,,,1
21101,'9',1851,,28946,6,,,1,70,,28953,6,,,1,30,,28952,6,,,1,70,,28950,6,,,1,30,,28948,6,,,1,70,,28947,6,,,1,30,,28951,6,,,1,70,,28949,6,,,1,30,,28945,6,,,1
