11201,'1',722,,24323,15,,,1,100,,24322,15,,,1,100,,24337,15,,,1,100,,24324,15,,,1,100,,24333,15,,,1,100,,24334,15,,,1,100,,24336,15,,,1,100,,24339,15,,,1,100,,24331,15,,,1,100,,24330,15,,,1,100,,24341,15,,,1
11201,'2',722,,24359,15,,,1,100,,24348,15,,,1,100,,24356,15,,,1,100,,24347,15,,,1,100,,19525,15,,,1,100,,24352,15,,,1,100,,24360,15,,,1,100,,24346,15,,,1,100,,24353,15,,,1,100,,24345,15,,,1,100,,24354,15,,,1
11201,'3',722,,24385,15,,,1,100,,24367,15,,,1,100,,24365,15,,,1,100,,24383,15,,,1,100,,24380,15,,,1,100,,24374,15,,,1,100,,24382,15,,,1,100,,24366,15,,,1,100,,24371,15,,,1,100,,24378,15,,,1,100,,24364,15,,,1
11201,'4',722,,24394,15,,,1,100,,24387,15,,,1,100,,24406,15,,,1,100,,24393,15,,,1,100,,24404,15,,,1,100,,24403,15,,,1,100,,24401,15,,,1,100,,24405,15,,,1,100,,24391,15,,,1,100,,24407,15,,,1,100,,24392,15,,,1
11201,'5',722,,24413,15,,,1,100,,24408,15,,,1,100,,24426,15,,,1,100,,24429,15,,,1,100,,24412,15,,,1,100,,24417,15,,,1,100,,24419,15,,,1,100,,24423,15,,,1,100,,24427,15,,,1,100,,24428,15,,,1,100,,24418,15,,,1
11201,'7',722,,24440,15,,,1,100,,24438,15,,,1,100,,24451,15,,,1,100,,24431,15,,,1,100,,24448,15,,,1,100,,24435,15,,,1,100,,24447,15,,,1,100,,24442,15,,,1,100,,24441,15,,,1,100,,24449,15,,,1,100,,24432,15,,,1
11201,'8',722,,24473,15,,,1,100,,24467,15,,,1,100,,24459,15,,,1,100,,24472,15,,,1,100,,24456,15,,,1,100,,24469,15,,,1,100,,24468,15,,,1,100,,24454,15,,,1,100,,24466,15,,,1,100,,24461,15,,,1,100,,24452,15,,,1
11201,'9',722,,24484,15,,,1,100,,24485,15,,,1,100,,24479,15,,,1,100,,24474,15,,,1,100,,24481,15,,,1,100,,24478,15,,,1,100,,24487,15,,,1,100,,24494,15,,,1,100,,24482,15,,,1,100,,24488,15,,,1,100,,24477,15,,,1
20600,'1',1816,,27467,9,,,1,30,,27459,9,,,1,70,,27463,9,,,1,30,,27464,9,,,1,70,,27458,9,,,1,30,,27460,9,,,1,70,,27466,9,,,1,30,,27462,9,,,1,70,,27465,9,,,1,30,,27461,9,,,1
20600,'10',739,,18923,9,,,1,70,,27477,9,,,1,30,,27486,9,,,1,70,,27470,9,,,1,30,,27482,9,,,1,70,,27488,9,,,1,30,,27491,9,,,1,70,,27492,9,,,1,30,,27474,9,,,1,70,,27473,9,,,1,30,,27484,9,,,1,70,,27479,9,,,1,30,,27472,9,,,1,70,,27468,9,,,1,30,,27480,9,,,1,70,,27489,9,,,1,30,,27485,9,,,1,70,,27476,9,,,1,30,,27475,9,,,1,70,,27481,9,,,1,30,,27478,9,,,1,70,,27487,9,,,1,30,,27471,9,,,1,70,,27483,9,,,1,30,,27490,9,,,1,70,,27469,9,,,1
20600,'11',739,,27493,9,,,1,70,,27515,9,,,1,30,,27512,9,,,1,70,,27506,9,,,1,30,,27495,9,,,1,70,,27504,9,,,1,30,,27507,9,,,1,70,,27518,9,,,1,30,,27496,9,,,1,70,,27498,9,,,1,30,,27508,9,,,1,70,,27509,9,,,1,30,,27502,9,,,1,70,,27511,9,,,1,30,,27510,9,,,1,70,,27497,9,,,1,30,,27494,9,,,1,70,,27513,9,,,1,30,,27500,9,,,1,70,,27516,9,,,1,30,,27503,9,,,1,70,,27514,9,,,1,30,,27505,9,,,1,70,,27501,9,,,1,30,,27499,9,,,1,70,,27517,9,,,1
20600,'2',1816,,27521,9,,,1,30,,27528,9,,,1,70,,27526,9,,,1,30,,27522,9,,,1,70,,27519,9,,,1,30,,27525,9,,,1,70,,27520,9,,,1,30,,27527,9,,,1,70,,27524,9,,,1,30,,27523,9,,,1
20600,'3',1816,,27532,9,,,1,30,,27530,9,,,1,70,,27533,9,,,1,30,,27535,9,,,1,70,,27531,9,,,1,30,,27537,9,,,1,70,,27536,9,,,1,30,,27529,9,,,1,70,,27534,9,,,1,30,,27538,9,,,1
20600,'4',1816,,27539,9,,,1,30,,27547,9,,,1,70,,27541,9,,,1,30,,27544,9,,,1,70,,27543,9,,,1,30,,27546,9,,,1,70,,27545,9,,,1,30,,27548,9,,,1,70,,27540,9,,,1,30,,27542,9,,,1
20600,'5',1816,,27550,9,,,1,30,,27555,9,,,1,70,,27558,9,,,1,30,,27549,9,,,1,70,,27551,9,,,1,30,,27556,9,,,1,70,,27554,9,,,1,30,,27552,9,,,1,70,,27557,9,,,1,30,,27553,9,,,1
20600,'6',739,,27575,9,,,1,70,,27571,9,,,1,30,,27579,9,,,1,70,,27584,9,,,1,30,,27562,9,,,1,70,,27578,9,,,1,30,,27566,9,,,1,70,,27570,9,,,1,30,,27563,9,,,1,70,,27559,9,,,1,30,,27582,9,,,1,70,,27560,9,,,1,30,,27567,9,,,1,70,,27577,9,,,1,30,,27561,9,,,1,70,,27583,9,,,1,30,,27574,9,,,1,70,,27573,9,,,1,30,,27564,9,,,1,70,,27581,9,,,1,30,,27572,9,,,1,70,,27565,9,,,1,30,,27569,9,,,1,70,,27568,9,,,1,30,,27580,9,,,1,70,,27576,9,,,1
20600,'7',1816,,27586,9,,,1,30,,27589,9,,,1,70,,27591,9,,,1,30,,27593,9,,,1,70,,27592,9,,,1,30,,27588,9,,,1,70,,27585,9,,,1,30,,27590,9,,,1,70,,27594,9,,,1,30,,27587,9,,,1
20600,'8',1816,,27601,9,,,1,30,,27596,9,,,1,70,,27600,9,,,1,30,,27595,9,,,1,70,,27604,9,,,1,30,,27598,9,,,1,70,,27603,9,,,1,30,,27599,9,,,1,70,,27602,9,,,1,30,,27597,9,,,1
20600,'9',1816,,27608,9,,,1,30,,27611,9,,,1,70,,27614,9,,,1,30,,27607,9,,,1,70,,27609,9,,,1,30,,27613,9,,,1,70,,27610,9,,,1,30,,27605,9,,,1,70,,27612,9,,,1,30,,27606,9,,,1
