10600,'10',644,,17731,13,,,1,100,,17729,13,,,1,70,,17738,13,,,1,30,,17725,13,,,1,70,,17730,13,,,1,30,,17724,13,,,1,100,,17732,13,,,1,100,,17733,13,,,1,100,,17737,13,,,1,100,,15777,13,,,1,100,,15043,13,,,1,70,,17736,13,,,1,30,,17728,13,,,1,70,,17735,13,,,1,31,,17726,13,,,1,69,,17727,13,,,1,32,,17734,13,,,1
10600,'7',644,,17746,13,,,1,100,,15653,13,,,1,70,,17740,13,,,1,30,,17742,13,,,1,70,,17741,13,,,1,30,,17739,13,,,1,100,,17747,13,,,1,100,,17748,13,,,1,100,,17750,13,,,1,100,,15758,13,,,1,100,,15011,13,,,1,70,,17744,13,,,1,30,,17745,13,,,1,70,,15703,13,,,1,31,,17743,13,,,1,69,,17751,13,,,1,32,,17749,13,,,1
10601,'10',608,,17762,19,,,1,100,,17755,19,,,1,30,,17758,19,,,1,70,,17763,19,,,1,30,,17767,19,,,1,70,,17760,19,,,1,100,,15734,19,,,1,100,,17759,19,,,1,100,,17761,19,,,1,100,,17768,19,,,1,100,,17754,19,,,1,30,,17756,19,,,1,70,,17764,19,,,1,30,,17753,19,,,1,70,,17769,19,,,1,30,,17757,19,,,1,70,,14683,19,,,1,30,,17766,19,,,1,70,,17752,19,,,1
10601,'7',608,,17783,19,,,1,100,,17773,19,,,1,30,,17779,19,,,1,70,,17784,19,,,1,30,,17770,19,,,1,70,,17781,19,,,1,100,,15711,19,,,1,100,,17777,19,,,1,100,,17782,19,,,1,100,,17786,19,,,1,100,,17772,19,,,1,30,,17774,19,,,1,70,,17785,19,,,1,30,,17776,19,,,1,70,,17787,19,,,1,30,,17775,19,,,1,70,,14670,19,,,1,30,,17780,19,,,1,70,,17771,19,,,1
20600,'10',1814,,19049,18,,,1,29,,19048,18,,,1,70,,19050,18,,,1,31,,16490,18,,,1,70,,19051,18,,,1,30,,19045,18,,,1,69,,15053,18,,,1,30,,19047,18,,,1,70,,19046,18,,,1,30,,19052,18,,,1
20600,'5',743,,16814,18,,,1,70,,19068,18,,,1,30,,19075,18,,,1,70,,19073,18,,,1,30,,19072,18,,,1,70,,19071,18,,,1,30,,19066,18,,,1,71,,19057,18,,,1,29,,19069,18,,,1,70,,19070,18,,,1,30,,19065,18,,,1,70,,19064,18,,,1,30,,19074,18,,,1,71,,19055,18,,,1,29,,19077,18,,,1,70,,19053,18,,,1,30,,19061,18,,,1,70,,19067,18,,,1,30,,19059,18,,,1,70,,19076,18,,,1,30,,19056,18,,,1,70,,19058,18,,,1,31,,19054,18,,,1,69,,19060,18,,,1,30,,19062,18,,,1,70,,19063,18,,,1
20600,'7',1814,,19078,18,,,1,29,,19081,18,,,1,70,,15365,18,,,1,31,,16483,18,,,1,70,,19083,18,,,1,30,,19079,18,,,1,69,,15020,18,,,1,30,,19080,18,,,1,70,,19082,18,,,1,30,,19084,18,,,1
20601,'10',1837,,19101,9,,,1,70,,19085,9,,,1,30,,19091,9,,,1,70,,19098,9,,,1,30,,16925,9,,,1,70,,19087,9,,,1,30,,19090,9,,,1,70,,15401,9,,,1,30,,19094,9,,,1,70,,19086,9,,,1
20601,'5',707,,19141,9,,,1,30,,19135,9,,,1,70,,19152,9,,,1,30,,19132,9,,,1,70,,19131,9,,,1,30,,19102,9,,,1,70,,19103,9,,,1,30,,17192,9,,,1,70,,19107,9,,,1,30,,19130,9,,,1,70,,19113,9,,,1,30,,19120,9,,,1,70,,19109,9,,,1,30,,19116,9,,,1,70,,19137,9,,,1,30,,19138,9,,,1,70,,19153,9,,,1,30,,19124,9,,,1,70,,19148,9,,,1,30,,19146,9,,,1,70,,19115,9,,,1,30,,19125,9,,,1,70,,19136,9,,,1,30,,19128,9,,,1,70,,19119,9,,,1,30,,17125,9,,,1,70,,19129,9,,,1,30,,19106,9,,,1
20601,'7',1837,,19159,9,,,1,70,,19154,9,,,1,30,,19166,9,,,1,70,,19170,9,,,1,30,,16014,9,,,1,70,,19161,9,,,1,30,,19164,9,,,1,70,,15370,9,,,1,30,,19169,9,,,1,70,,19155,9,,,1
