10600,'1',642,,21619,11,,,1,100,,21625,11,,,1,70,,21632,11,,,1,30,,21627,11,,,1,70,,21621,11,,,1,30,,21626,11,,,1,100,,21629,11,,,1,100,,21631,11,,,1,100,,21618,11,,,1,100,,16062,11,,,1,100,,21633,11,,,1,70,,21620,11,,,1,30,,21623,11,,,1,70,,21622,11,,,1,23,,21630,11,,,1,77,,21628,11,,,1,23,,21624,11,,,1
10600,'2',642,,21646,11,,,1,100,,21649,11,,,1,70,,17440,11,,,1,30,,21643,11,,,1,70,,21645,11,,,1,30,,21634,11,,,1,100,,21638,11,,,1,100,,21647,11,,,1,100,,21636,11,,,1,100,,21642,11,,,1,100,,21637,11,,,1,70,,21641,11,,,1,30,,21635,11,,,1,70,,21644,11,,,1,23,,21648,11,,,1,77,,21639,11,,,1,23,,21640,11,,,1
10600,'3',642,,21666,11,,,1,100,,21664,11,,,1,70,,21655,11,,,1,30,,21661,11,,,1,70,,21656,11,,,1,30,,21653,11,,,1,100,,21651,11,,,1,100,,21665,11,,,1,100,,21663,11,,,1,100,,21657,11,,,1,100,,21654,11,,,1,70,,21662,11,,,1,30,,21650,11,,,1,70,,21658,11,,,1,23,,21659,11,,,1,77,,21660,11,,,1,23,,21652,11,,,1
10600,'4',642,,21682,11,,,1,100,,21676,11,,,1,70,,21674,11,,,1,30,,21681,11,,,1,70,,21675,11,,,1,30,,21680,11,,,1,100,,21671,11,,,1,100,,21678,11,,,1,100,,21673,11,,,1,100,,21668,11,,,1,100,,21667,11,,,1,70,,21683,11,,,1,30,,21670,11,,,1,70,,21679,11,,,1,23,,21669,11,,,1,77,,21677,11,,,1,23,,21672,11,,,1
10600,'5',642,,21697,11,,,1,100,,21693,11,,,1,70,,21684,11,,,1,30,,21696,11,,,1,70,,21686,11,,,1,30,,21690,11,,,1,100,,21692,11,,,1,100,,21685,11,,,1,100,,21691,11,,,1,100,,21699,11,,,1,100,,21694,11,,,1,70,,21698,11,,,1,30,,21695,11,,,1,70,,21700,11,,,1,23,,21688,11,,,1,77,,21689,11,,,1,23,,21687,11,,,1
10600,'7',642,,21713,11,,,1,100,,21716,11,,,1,70,,21703,11,,,1,30,,21705,11,,,1,70,,21702,11,,,1,30,,21701,11,,,1,100,,21708,11,,,1,100,,21710,11,,,1,100,,21706,11,,,1,100,,21717,11,,,1,100,,21712,11,,,1,70,,21704,11,,,1,30,,21715,11,,,1,70,,21714,11,,,1,23,,21707,11,,,1,77,,21711,11,,,1,23,,21709,11,,,1
10600,'8',642,,21727,11,,,1,100,,21721,11,,,1,70,,21723,11,,,1,30,,21730,11,,,1,70,,21734,11,,,1,30,,21729,11,,,1,100,,21726,11,,,1,100,,21718,11,,,1,100,,21732,11,,,1,100,,21720,11,,,1,100,,21725,11,,,1,70,,21731,11,,,1,30,,21722,11,,,1,70,,21724,11,,,1,23,,21728,11,,,1,77,,21719,11,,,1,23,,21733,11,,,1
10600,'9',642,,21739,11,,,1,100,,21749,11,,,1,70,,21746,11,,,1,30,,21751,11,,,1,70,,21743,11,,,1,30,,21737,11,,,1,100,,21750,11,,,1,100,,21744,11,,,1,100,,21745,11,,,1,100,,21740,11,,,1,100,,21742,11,,,1,70,,21736,11,,,1,30,,21748,11,,,1,70,,21747,11,,,1,23,,21738,11,,,1,77,,21741,11,,,1,23,,21735,11,,,1
10601,'1',607,,21756,17,,,1,100,,21766,17,,,1,30,,21752,17,,,1,70,,21767,17,,,1,30,,21760,17,,,1,70,,21758,17,,,1,100,,21755,17,,,1,100,,21757,17,,,1,100,,21764,17,,,1,100,,18489,17,,,1,100,,21759,17,,,1,30,,21765,17,,,1,70,,21763,17,,,1,30,,21753,17,,,1,70,,21770,17,,,1,30,,21769,17,,,1,70,,21761,17,,,1,30,,21762,17,,,1,70,,21768,17,,,1
10601,'2',607,,21775,17,,,1,100,,21776,17,,,1,30,,21790,17,,,1,70,,21780,17,,,1,30,,21788,17,,,1,70,,21784,17,,,1,100,,21782,17,,,1,100,,21787,17,,,1,100,,21786,17,,,1,100,,21771,17,,,1,100,,21779,17,,,1,30,,21773,17,,,1,70,,21772,17,,,1,30,,21785,17,,,1,70,,21777,17,,,1,30,,21781,17,,,1,70,,21783,17,,,1,30,,21789,17,,,1,70,,21774,17,,,1
10601,'3',607,,21802,17,,,1,100,,21803,17,,,1,30,,21799,17,,,1,70,,21797,17,,,1,30,,21795,17,,,1,70,,21798,17,,,1,100,,21793,17,,,1,100,,21808,17,,,1,100,,21805,17,,,1,100,,21810,17,,,1,100,,21792,17,,,1,30,,21807,17,,,1,70,,21800,17,,,1,30,,21791,17,,,1,70,,21794,17,,,1,30,,21806,17,,,1,70,,21796,17,,,1,30,,21809,17,,,1,70,,21801,17,,,1
10601,'4',607,,21812,17,,,1,100,,21818,17,,,1,30,,21822,17,,,1,70,,21820,17,,,1,30,,21828,17,,,1,70,,21830,17,,,1,100,,21815,17,,,1,100,,21821,17,,,1,100,,21814,17,,,1,100,,21816,17,,,1,100,,21826,17,,,1,30,,21825,17,,,1,70,,21823,17,,,1,30,,21813,17,,,1,70,,21829,17,,,1,30,,21824,17,,,1,70,,21811,17,,,1,30,,21817,17,,,1,70,,21827,17,,,1
10601,'5',607,,21840,17,,,1,100,,21834,17,,,1,30,,21835,17,,,1,70,,21833,17,,,1,30,,21838,17,,,1,70,,21843,17,,,1,100,,21845,17,,,1,100,,21839,17,,,1,100,,21848,17,,,1,100,,21842,17,,,1,100,,21832,17,,,1,30,,21846,17,,,1,70,,21844,17,,,1,30,,21837,17,,,1,70,,21841,17,,,1,30,,21850,17,,,1,70,,21831,17,,,1,30,,21836,17,,,1,70,,21847,17,,,1
10601,'7',607,,21851,17,,,1,100,,21868,17,,,1,30,,21853,17,,,1,70,,21865,17,,,1,30,,21863,17,,,1,70,,21857,17,,,1,100,,21867,17,,,1,100,,21861,17,,,1,100,,21866,17,,,1,100,,21860,17,,,1,100,,21856,17,,,1,30,,21854,17,,,1,70,,21859,17,,,1,30,,21862,17,,,1,70,,21855,17,,,1,30,,21870,17,,,1,70,,21858,17,,,1,30,,21869,17,,,1,70,,21852,17,,,1
10601,'8',607,,21882,17,,,1,100,,21875,17,,,1,30,,21888,17,,,1,70,,21877,17,,,1,30,,21879,17,,,1,70,,21881,17,,,1,100,,21886,17,,,1,100,,21885,17,,,1,100,,21874,17,,,1,100,,21889,17,,,1,100,,21880,17,,,1,30,,21872,17,,,1,70,,21883,17,,,1,30,,21878,17,,,1,70,,21884,17,,,1,30,,21887,17,,,1,70,,21876,17,,,1,30,,21873,17,,,1,70,,21871,17,,,1
10601,'9',607,,21902,17,,,1,100,,21895,17,,,1,30,,21903,17,,,1,70,,21893,17,,,1,30,,21904,17,,,1,70,,21910,17,,,1,100,,21900,17,,,1,100,,21897,17,,,1,100,,21898,17,,,1,100,,21909,17,,,1,100,,21896,17,,,1,30,,21899,17,,,1,70,,21907,17,,,1,30,,21908,17,,,1,70,,21905,17,,,1,30,,21894,17,,,1,70,,21891,17,,,1,30,,21892,17,,,1,70,,21906,17,,,1
20600,'1',1819,,27467,16,,,1,30,,27459,16,,,1,70,,27463,16,,,1,30,,27464,16,,,1,70,,27458,16,,,1,30,,27460,16,,,1,70,,27466,16,,,1,30,,27462,16,,,1,70,,27465,16,,,1,30,,27461,16,,,1
20600,'10',742,,18923,16,,,1,70,,27477,16,,,1,30,,27486,16,,,1,70,,27470,16,,,1,30,,27482,16,,,1,70,,27488,16,,,1,30,,27491,16,,,1,70,,27492,16,,,1,30,,27474,16,,,1,70,,27473,16,,,1,30,,27484,16,,,1,70,,27479,16,,,1,30,,27472,16,,,1,70,,27468,16,,,1,30,,27480,16,,,1,70,,27489,16,,,1,30,,27485,16,,,1,70,,27476,16,,,1,30,,27475,16,,,1,70,,27481,16,,,1,30,,27478,16,,,1,70,,27487,16,,,1,30,,27471,16,,,1,70,,27483,16,,,1,30,,27490,16,,,1,70,,27469,16,,,1
20600,'11',742,,27493,16,,,1,70,,27515,16,,,1,30,,27512,16,,,1,70,,27506,16,,,1,30,,27495,16,,,1,70,,27504,16,,,1,30,,27507,16,,,1,70,,27518,16,,,1,30,,27496,16,,,1,70,,27498,16,,,1,30,,27508,16,,,1,70,,27509,16,,,1,30,,27502,16,,,1,70,,27511,16,,,1,30,,27510,16,,,1,70,,27497,16,,,1,30,,27494,16,,,1,70,,27513,16,,,1,30,,27500,16,,,1,70,,27516,16,,,1,30,,27503,16,,,1,70,,27514,16,,,1,30,,27505,16,,,1,70,,27501,16,,,1,30,,27499,16,,,1,70,,27517,16,,,1
20600,'2',1819,,27521,16,,,1,30,,27528,16,,,1,70,,27526,16,,,1,30,,27522,16,,,1,70,,27519,16,,,1,30,,27525,16,,,1,70,,27520,16,,,1,30,,27527,16,,,1,70,,27524,16,,,1,30,,27523,16,,,1
20600,'3',1819,,27532,16,,,1,30,,27530,16,,,1,70,,27533,16,,,1,30,,27535,16,,,1,70,,27531,16,,,1,30,,27537,16,,,1,70,,27536,16,,,1,30,,27529,16,,,1,70,,27534,16,,,1,30,,27538,16,,,1
20600,'4',1819,,27539,16,,,1,30,,27547,16,,,1,70,,27541,16,,,1,30,,27544,16,,,1,70,,27543,16,,,1,30,,27546,16,,,1,70,,27545,16,,,1,30,,27548,16,,,1,70,,27540,16,,,1,30,,27542,16,,,1
20600,'5',1819,,27550,16,,,1,30,,27555,16,,,1,70,,27558,16,,,1,30,,27549,16,,,1,70,,27551,16,,,1,30,,27556,16,,,1,70,,27554,16,,,1,30,,27552,16,,,1,70,,27557,16,,,1,30,,27553,16,,,1
20600,'6',742,,27575,16,,,1,70,,27571,16,,,1,30,,27579,16,,,1,70,,27584,16,,,1,30,,27562,16,,,1,70,,27578,16,,,1,30,,27566,16,,,1,70,,27570,16,,,1,30,,27563,16,,,1,70,,27559,16,,,1,30,,27582,16,,,1,70,,27560,16,,,1,30,,27567,16,,,1,70,,27577,16,,,1,30,,27561,16,,,1,70,,27583,16,,,1,30,,27574,16,,,1,70,,27573,16,,,1,30,,27564,16,,,1,70,,27581,16,,,1,30,,27572,16,,,1,70,,27565,16,,,1,30,,27569,16,,,1,70,,27568,16,,,1,30,,27580,16,,,1,70,,27576,16,,,1
20600,'7',1819,,27586,16,,,1,30,,27589,16,,,1,70,,27591,16,,,1,30,,27593,16,,,1,70,,27592,16,,,1,30,,27588,16,,,1,70,,27585,16,,,1,30,,27590,16,,,1,70,,27594,16,,,1,30,,27587,16,,,1
20600,'8',1819,,27601,16,,,1,30,,27596,16,,,1,70,,27600,16,,,1,30,,27595,16,,,1,70,,27604,16,,,1,30,,27598,16,,,1,70,,27603,16,,,1,30,,27599,16,,,1,70,,27602,16,,,1,30,,27597,16,,,1
20600,'9',1819,,27608,16,,,1,30,,27611,16,,,1,70,,27614,16,,,1,30,,27607,16,,,1,70,,27609,16,,,1,30,,27613,16,,,1,70,,27610,16,,,1,30,,27605,16,,,1,70,,27612,16,,,1,30,,27606,16,,,1
20601,'1',1842,,27627,7,,,1,70,,27616,7,,,1,30,,27620,7,,,1,70,,27617,7,,,1,30,,27619,7,,,1,70,,27618,7,,,1,30,,27632,7,,,1,70,,27634,7,,,1,30,,27621,7,,,1,70,,27622,7,,,1
20601,'10',709,,27674,7,,,1,30,,16663,7,,,1,70,,27664,7,,,1,30,,27670,7,,,1,70,,27659,7,,,1,30,,27678,7,,,1,70,,27666,7,,,1,30,,27667,7,,,1,70,,27683,7,,,1,30,,27648,7,,,1,70,,27655,7,,,1,30,,27677,7,,,1,70,,27662,7,,,1,30,,27658,7,,,1,70,,27669,7,,,1,30,,27637,7,,,1,70,,27685,7,,,1,30,,27660,7,,,1,70,,27649,7,,,1,30,,27641,7,,,1,70,,27686,7,,,1,30,,27676,7,,,1,70,,27645,7,,,1,30,,27663,7,,,1,72,,27643,7,,,1,28,,27654,7,,,1,70,,27687,7,,,1,30,,27652,7,,,1
20601,'11',709,,27696,7,,,1,30,,27718,7,,,1,70,,27710,7,,,1,30,,27720,7,,,1,70,,27716,7,,,1,30,,27693,7,,,1,70,,27730,7,,,1,30,,27731,7,,,1,70,,27715,7,,,1,30,,27721,7,,,1,70,,27708,7,,,1,30,,27728,7,,,1,70,,27738,7,,,1,30,,27691,7,,,1,70,,27722,7,,,1,30,,27697,7,,,1,70,,27689,7,,,1,30,,27732,7,,,1,70,,27706,7,,,1,30,,27740,7,,,1,70,,27734,7,,,1,30,,27703,7,,,1,70,,27714,7,,,1,30,,27700,7,,,1,72,,27724,7,,,1,28,,27726,7,,,1,70,,27702,7,,,1,30,,27733,7,,,1
20601,'2',1842,,27746,7,,,1,70,,27750,7,,,1,30,,27752,7,,,1,70,,27753,7,,,1,30,,27763,7,,,1,70,,27755,7,,,1,30,,27761,7,,,1,70,,27758,7,,,1,30,,27745,7,,,1,70,,27748,7,,,1
20601,'3',1842,,27766,7,,,1,70,,27783,7,,,1,30,,27776,7,,,1,70,,27779,7,,,1,30,,27765,7,,,1,70,,27768,7,,,1,30,,27771,7,,,1,70,,27778,7,,,1,30,,27773,7,,,1,70,,27770,7,,,1
20601,'4',1842,,27791,7,,,1,70,,27795,7,,,1,30,,27789,7,,,1,70,,27793,7,,,1,30,,27796,7,,,1,70,,27803,7,,,1,30,,27785,7,,,1,70,,27799,7,,,1,30,,27794,7,,,1,70,,27788,7,,,1
20601,'5',1842,,27808,7,,,1,70,,27820,7,,,1,30,,27816,7,,,1,70,,27804,7,,,1,30,,27822,7,,,1,70,,27815,7,,,1,30,,27810,7,,,1,70,,27812,7,,,1,30,,27819,7,,,1,70,,27814,7,,,1
20601,'6',709,,27854,7,,,1,30,,27858,7,,,1,70,,27855,7,,,1,30,,27838,7,,,1,70,,27824,7,,,1,30,,27843,7,,,1,70,,27875,7,,,1,30,,27850,7,,,1,70,,27851,7,,,1,30,,27833,7,,,1,70,,27866,7,,,1,30,,27841,7,,,1,70,,27870,7,,,1,30,,27849,7,,,1,70,,27846,7,,,1,30,,27836,7,,,1,70,,27852,7,,,1,30,,27848,7,,,1,70,,27845,7,,,1,30,,27859,7,,,1,70,,27830,7,,,1,30,,27840,7,,,1,70,,27861,7,,,1,30,,27832,7,,,1,72,,27877,7,,,1,28,,27826,7,,,1,70,,27864,7,,,1,30,,27853,7,,,1
20601,'7',1842,,27881,7,,,1,70,,27884,7,,,1,30,,27889,7,,,1,70,,27892,7,,,1,30,,27894,7,,,1,70,,27883,7,,,1,30,,27880,7,,,1,70,,27891,7,,,1,30,,27887,7,,,1,70,,27899,7,,,1
20601,'8',1842,,27912,7,,,1,70,,27916,7,,,1,30,,27910,7,,,1,70,,27904,7,,,1,30,,27914,7,,,1,70,,27919,7,,,1,30,,27908,7,,,1,70,,27911,7,,,1,30,,27915,7,,,1,70,,27903,7,,,1
20601,'9',1842,,27929,7,,,1,70,,27932,7,,,1,30,,27922,7,,,1,70,,27938,7,,,1,30,,27927,7,,,1,70,,27924,7,,,1,30,,27926,7,,,1,70,,27933,7,,,1,30,,27934,7,,,1,70,,27921,7,,,1
