10401,'1',619,,20825,5,,,1,30,,20841,5,,,1,70,,20834,5,,,1,30,,20828,5,,,1,70,,20836,5,,,1,30,,20829,5,,,1,70,,20840,5,,,1,30,,20843,5,,,1,70,,20831,5,,,1,30,,16078,5,,,1,70,,20835,5,,,1,30,,20837,5,,,1,70,,20830,5,,,1,30,,20832,5,,,1,70,,20845,5,,,1,30,,20839,5,,,1,70,,20826,5,,,1,30,,17593,5,,,1,70,,20844,5,,,1,30,,20838,5,,,1,70,,20842,5,,,1,30,,20846,5,,,1,70,,20827,5,,,1,30,,20833,5,,,1,70,,18471,5,,,1
10401,'2',619,,20855,5,,,1,30,,20864,5,,,1,70,,20857,5,,,1,30,,20863,5,,,1,70,,20859,5,,,1,30,,20853,5,,,1,70,,17840,5,,,1,30,,20847,5,,,1,70,,20869,5,,,1,30,,20848,5,,,1,70,,20868,5,,,1,30,,20865,5,,,1,70,,20852,5,,,1,30,,15225,5,,,1,70,,20850,5,,,1,30,,20862,5,,,1,70,,20866,5,,,1,30,,20858,5,,,1,70,,20867,5,,,1,30,,20861,5,,,1,70,,20856,5,,,1,30,,20860,5,,,1,70,,20849,5,,,1,30,,20854,5,,,1,70,,20851,5,,,1
10401,'3',619,,20884,5,,,1,30,,20870,5,,,1,70,,20892,5,,,1,30,,20885,5,,,1,70,,20881,5,,,1,30,,20872,5,,,1,70,,20891,5,,,1,30,,20875,5,,,1,70,,20871,5,,,1,30,,20894,5,,,1,70,,20879,5,,,1,30,,20889,5,,,1,70,,20882,5,,,1,30,,20883,5,,,1,70,,20886,5,,,1,30,,20888,5,,,1,70,,20877,5,,,1,30,,20890,5,,,1,70,,20878,5,,,1,30,,20873,5,,,1,70,,20887,5,,,1,30,,20893,5,,,1,70,,20876,5,,,1,30,,20874,5,,,1,70,,20880,5,,,1
10401,'4',619,,20906,5,,,1,30,,20918,5,,,1,70,,20916,5,,,1,30,,20912,5,,,1,70,,20911,5,,,1,30,,20907,5,,,1,70,,20913,5,,,1,30,,20909,5,,,1,70,,20902,5,,,1,30,,20903,5,,,1,70,,20900,5,,,1,30,,20895,5,,,1,70,,20915,5,,,1,30,,20914,5,,,1,70,,20910,5,,,1,30,,20897,5,,,1,70,,20904,5,,,1,30,,20908,5,,,1,70,,20919,5,,,1,30,,20901,5,,,1,70,,20905,5,,,1,30,,20898,5,,,1,70,,20899,5,,,1,30,,20896,5,,,1,70,,20917,5,,,1
10401,'5',619,,20942,5,,,1,30,,20943,5,,,1,70,,20938,5,,,1,30,,20936,5,,,1,70,,20934,5,,,1,30,,20928,5,,,1,70,,20922,5,,,1,30,,20940,5,,,1,70,,20926,5,,,1,30,,20935,5,,,1,70,,20921,5,,,1,30,,20933,5,,,1,70,,20944,5,,,1,30,,20939,5,,,1,70,,20920,5,,,1,30,,20941,5,,,1,70,,20930,5,,,1,30,,20931,5,,,1,70,,20927,5,,,1,30,,20923,5,,,1,70,,20932,5,,,1,30,,20929,5,,,1,70,,20925,5,,,1,30,,20937,5,,,1,70,,20924,5,,,1
10401,'7',619,,20963,5,,,1,30,,20965,5,,,1,70,,20949,5,,,1,30,,20950,5,,,1,70,,20967,5,,,1,30,,20953,5,,,1,70,,20956,5,,,1,30,,20952,5,,,1,70,,20951,5,,,1,30,,20958,5,,,1,70,,20962,5,,,1,30,,20960,5,,,1,70,,20945,5,,,1,30,,20948,5,,,1,70,,20969,5,,,1,30,,20959,5,,,1,70,,20955,5,,,1,30,,20954,5,,,1,70,,20957,5,,,1,30,,20964,5,,,1,70,,20946,5,,,1,30,,20966,5,,,1,70,,20947,5,,,1,30,,20961,5,,,1,70,,20968,5,,,1
10401,'8',619,,20989,5,,,1,30,,20971,5,,,1,70,,20986,5,,,1,30,,20984,5,,,1,70,,20970,5,,,1,30,,20975,5,,,1,70,,20981,5,,,1,30,,20978,5,,,1,70,,20992,5,,,1,30,,20985,5,,,1,70,,20991,5,,,1,30,,20977,5,,,1,70,,20976,5,,,1,30,,20972,5,,,1,70,,20974,5,,,1,30,,20987,5,,,1,70,,20982,5,,,1,30,,20994,5,,,1,70,,20993,5,,,1,30,,20973,5,,,1,70,,20983,5,,,1,30,,20980,5,,,1,70,,20988,5,,,1,30,,20979,5,,,1,70,,20990,5,,,1
10401,'9',619,,20997,5,,,1,30,,20998,5,,,1,70,,21005,5,,,1,30,,21011,5,,,1,70,,21008,5,,,1,30,,21001,5,,,1,70,,21009,5,,,1,30,,21018,5,,,1,70,,20995,5,,,1,30,,21004,5,,,1,70,,21014,5,,,1,30,,21000,5,,,1,70,,21010,5,,,1,30,,20996,5,,,1,70,,21012,5,,,1,30,,21017,5,,,1,70,,21019,5,,,1,30,,21002,5,,,1,70,,21015,5,,,1,30,,20999,5,,,1,70,,21006,5,,,1,30,,21013,5,,,1,70,,21016,5,,,1,30,,21003,5,,,1,70,,21007,5,,,1
20401,'1',1848,,27005,5,,,1,70,,27003,5,,,1,30,,27008,5,,,1,70,,27009,5,,,1,30,,27002,5,,,1,70,,27001,5,,,1,30,,27007,5,,,1,70,,27006,5,,,1,30,,27000,5,,,1,70,,27004,5,,,1
20401,'10',718,,27019,5,,,1,30,,27011,5,,,1,70,,27035,5,,,1,30,,27010,5,,,1,70,,27012,5,,,1,30,,27027,5,,,1,70,,27020,5,,,1,30,,27037,5,,,1,70,,27021,5,,,1,30,,27017,5,,,1,70,,27022,5,,,1,30,,27034,5,,,1,70,,27018,5,,,1,30,,27028,5,,,1,70,,27036,5,,,1,30,,27025,5,,,1,70,,27023,5,,,1,30,,27033,5,,,1,70,,27030,5,,,1,30,,27024,5,,,1,70,,27013,5,,,1,30,,27029,5,,,1,70,,27031,5,,,1,30,,27032,5,,,1,70,,27026,5,,,1,30,,27015,5,,,1,70,,27014,5,,,1,30,,27016,5,,,1
20401,'11',718,,27051,5,,,1,30,,27053,5,,,1,70,,27057,5,,,1,30,,27061,5,,,1,70,,27058,5,,,1,30,,27046,5,,,1,70,,27062,5,,,1,30,,27063,5,,,1,70,,27045,5,,,1,30,,27038,5,,,1,70,,27043,5,,,1,30,,27056,5,,,1,70,,27042,5,,,1,30,,27064,5,,,1,70,,27041,5,,,1,30,,27059,5,,,1,70,,27049,5,,,1,30,,27047,5,,,1,70,,27048,5,,,1,30,,27055,5,,,1,70,,27060,5,,,1,30,,27065,5,,,1,70,,27052,5,,,1,30,,27054,5,,,1,70,,27040,5,,,1,30,,27039,5,,,1,70,,27050,5,,,1,30,,27044,5,,,1
20401,'2',1848,,27067,5,,,1,70,,27072,5,,,1,30,,27073,5,,,1,70,,27071,5,,,1,30,,27075,5,,,1,70,,27068,5,,,1,30,,27066,5,,,1,70,,27069,5,,,1,30,,27070,5,,,1,70,,27074,5,,,1
20401,'3',1848,,27082,5,,,1,70,,27078,5,,,1,30,,27083,5,,,1,70,,27085,5,,,1,30,,27076,5,,,1,70,,27079,5,,,1,30,,27084,5,,,1,70,,27081,5,,,1,30,,27080,5,,,1,70,,27077,5,,,1
20401,'4',1848,,27093,5,,,1,70,,27090,5,,,1,30,,27095,5,,,1,70,,27089,5,,,1,30,,27087,5,,,1,70,,27088,5,,,1,30,,27091,5,,,1,70,,27092,5,,,1,30,,27094,5,,,1,70,,27086,5,,,1
20401,'5',1848,,27096,5,,,1,70,,27099,5,,,1,30,,27103,5,,,1,70,,27105,5,,,1,30,,27100,5,,,1,70,,27101,5,,,1,30,,27104,5,,,1,70,,27097,5,,,1,30,,27102,5,,,1,70,,27098,5,,,1
20401,'6',718,,27111,5,,,1,30,,27130,5,,,1,70,,27115,5,,,1,30,,27127,5,,,1,70,,27123,5,,,1,30,,27120,5,,,1,70,,27116,5,,,1,30,,27124,5,,,1,70,,27126,5,,,1,30,,27114,5,,,1,70,,27107,5,,,1,30,,27110,5,,,1,70,,27122,5,,,1,30,,27113,5,,,1,70,,27112,5,,,1,30,,27108,5,,,1,70,,27106,5,,,1,30,,27129,5,,,1,70,,27128,5,,,1,30,,27133,5,,,1,70,,27131,5,,,1,30,,27119,5,,,1,70,,27118,5,,,1,30,,27121,5,,,1,70,,27109,5,,,1,30,,27132,5,,,1,70,,27117,5,,,1,30,,27125,5,,,1
20401,'7',1848,,27135,5,,,1,70,,27139,5,,,1,30,,27141,5,,,1,70,,27136,5,,,1,30,,27143,5,,,1,70,,27134,5,,,1,30,,27142,5,,,1,70,,27138,5,,,1,30,,27137,5,,,1,70,,27140,5,,,1
20401,'8',1848,,27153,5,,,1,70,,27151,5,,,1,30,,27148,5,,,1,70,,27149,5,,,1,30,,27145,5,,,1,70,,27150,5,,,1,30,,27152,5,,,1,70,,27144,5,,,1,30,,27146,5,,,1,70,,27147,5,,,1
20401,'9',1848,,27156,5,,,1,70,,27163,5,,,1,30,,27160,5,,,1,70,,27159,5,,,1,30,,27158,5,,,1,70,,27162,5,,,1,30,,27154,5,,,1,70,,27157,5,,,1,30,,27155,5,,,1,70,,27161,5,,,1
