11100,'1',604,,23841,6,,,1,30,,23848,6,,,1,70,,23853,6,,,1,30,,23835,6,,,1,70,,23840,6,,,1,30,,23845,6,,,1,70,,23843,6,,,1,30,,23838,6,,,1,70,,23831,6,,,1,30,,23839,6,,,1,70,,23850,6,,,1,30,,23851,6,,,1,70,,23844,6,,,1,30,,23834,6,,,1,70,,23847,6,,,1,30,,23832,6,,,1,70,,23836,6,,,1,30,,18733,6,,,1,70,,23852,6,,,1,30,,23837,6,,,1,70,,18504,6,,,1,30,,23849,6,,,1,70,,23842,6,,,1,30,,23833,6,,,1,70,,23830,6,,,1,30,,23846,6,,,1
11100,'2',604,,16031,6,,,1,30,,23858,6,,,1,70,,23873,6,,,1,30,,23856,6,,,1,70,,23862,6,,,1,30,,23877,6,,,1,70,,23874,6,,,1,30,,23864,6,,,1,70,,23875,6,,,1,30,,23870,6,,,1,70,,23868,6,,,1,30,,23865,6,,,1,70,,23869,6,,,1,30,,23857,6,,,1,70,,23860,6,,,1,30,,23855,6,,,1,70,,23872,6,,,1,30,,23867,6,,,1,70,,23854,6,,,1,30,,23859,6,,,1,70,,23863,6,,,1,30,,23876,6,,,1,70,,18688,6,,,1,30,,23866,6,,,1,70,,23871,6,,,1,30,,23861,6,,,1
11100,'3',604,,23903,6,,,1,30,,23881,6,,,1,70,,23899,6,,,1,30,,23879,6,,,1,70,,23900,6,,,1,30,,23902,6,,,1,70,,23901,6,,,1,30,,23896,6,,,1,70,,23887,6,,,1,30,,23897,6,,,1,70,,23891,6,,,1,30,,23885,6,,,1,70,,23878,6,,,1,30,,23888,6,,,1,70,,23893,6,,,1,30,,23882,6,,,1,70,,23892,6,,,1,30,,23889,6,,,1,70,,23880,6,,,1,30,,23884,6,,,1,70,,23883,6,,,1,30,,23895,6,,,1,70,,23890,6,,,1,30,,23894,6,,,1,70,,23898,6,,,1,30,,23886,6,,,1
11100,'4',604,,23918,6,,,1,30,,23911,6,,,1,70,,23915,6,,,1,30,,23906,6,,,1,70,,23929,6,,,1,30,,23919,6,,,1,70,,23912,6,,,1,30,,23917,6,,,1,70,,23910,6,,,1,30,,23925,6,,,1,70,,23907,6,,,1,30,,23924,6,,,1,70,,23909,6,,,1,30,,23927,6,,,1,70,,23926,6,,,1,30,,23908,6,,,1,70,,23905,6,,,1,30,,23904,6,,,1,70,,23913,6,,,1,30,,23916,6,,,1,70,,23923,6,,,1,30,,23920,6,,,1,70,,23921,6,,,1,30,,23914,6,,,1,70,,23928,6,,,1,30,,23922,6,,,1
11100,'5',604,,23945,6,,,1,30,,23950,6,,,1,70,,23931,6,,,1,30,,23938,6,,,1,70,,23939,6,,,1,30,,23953,6,,,1,70,,23951,6,,,1,30,,23946,6,,,1,70,,23948,6,,,1,30,,23935,6,,,1,70,,23942,6,,,1,30,,23940,6,,,1,70,,23954,6,,,1,30,,23944,6,,,1,70,,23934,6,,,1,30,,23947,6,,,1,70,,23943,6,,,1,30,,23952,6,,,1,70,,23949,6,,,1,30,,23955,6,,,1,70,,23930,6,,,1,30,,23932,6,,,1,70,,23936,6,,,1,30,,23941,6,,,1,70,,23937,6,,,1,30,,23933,6,,,1
11100,'7',604,,23964,6,,,1,30,,23981,6,,,1,70,,23965,6,,,1,30,,23971,6,,,1,70,,23960,6,,,1,30,,23967,6,,,1,70,,23961,6,,,1,30,,23958,6,,,1,70,,23956,6,,,1,30,,23969,6,,,1,70,,23962,6,,,1,30,,23980,6,,,1,70,,23977,6,,,1,30,,23959,6,,,1,70,,23974,6,,,1,30,,23973,6,,,1,70,,23979,6,,,1,30,,23978,6,,,1,70,,23966,6,,,1,30,,23970,6,,,1,70,,23972,6,,,1,30,,23975,6,,,1,70,,23968,6,,,1,30,,23976,6,,,1,70,,23963,6,,,1,30,,23957,6,,,1
11100,'8',604,,23997,6,,,1,30,,23996,6,,,1,70,,23995,6,,,1,30,,23988,6,,,1,70,,23993,6,,,1,30,,23983,6,,,1,70,,23992,6,,,1,30,,24004,6,,,1,70,,24003,6,,,1,30,,23984,6,,,1,70,,24006,6,,,1,30,,23994,6,,,1,70,,24007,6,,,1,30,,24002,6,,,1,70,,24005,6,,,1,30,,23998,6,,,1,70,,23985,6,,,1,30,,24001,6,,,1,70,,23990,6,,,1,30,,23987,6,,,1,70,,23999,6,,,1,30,,24000,6,,,1,70,,23982,6,,,1,30,,23989,6,,,1,70,,23991,6,,,1,30,,23986,6,,,1
11100,'9',604,,24019,6,,,1,30,,24018,6,,,1,70,,24014,6,,,1,30,,24022,6,,,1,70,,24027,6,,,1,30,,24033,6,,,1,70,,24016,6,,,1,30,,24020,6,,,1,70,,24015,6,,,1,30,,24017,6,,,1,70,,24013,6,,,1,30,,24026,6,,,1,70,,24023,6,,,1,30,,24011,6,,,1,70,,24021,6,,,1,30,,24012,6,,,1,70,,24030,6,,,1,30,,24008,6,,,1,70,,24009,6,,,1,30,,24024,6,,,1,70,,24032,6,,,1,30,,24029,6,,,1,70,,24031,6,,,1,30,,24010,6,,,1,70,,24028,6,,,1,30,,24025,6,,,1
21100,'1',1904,,28653,6,,,1,30,,28657,6,,,1,70,,28658,6,,,1,30,,18236,6,,,1,70,,28652,6,,,1,30,,28651,6,,,1,70,,28656,6,,,1,30,,28655,6,,,1,70,,28654,6,,,1
21100,'10',734,,28668,6,,,1,70,,28660,6,,,1,30,,28665,6,,,1,70,,28680,6,,,1,30,,28671,6,,,1,70,,28669,6,,,1,30,,28672,6,,,1,70,,19674,6,,,1,30,,28679,6,,,1,70,,28682,6,,,1,30,,28664,6,,,1,70,,28674,6,,,1,30,,28661,6,,,1,70,,28662,6,,,1,30,,28676,6,,,1,70,,28675,6,,,1,30,,28681,6,,,1,70,,28673,6,,,1,30,,28670,6,,,1,70,,28667,6,,,1,30,,28677,6,,,1,70,,28683,6,,,1,30,,19537,6,,,1,70,,28659,6,,,1,30,,28663,6,,,1,70,,28666,6,,,1,30,,28678,6,,,1
21100,'11',734,,28685,6,,,1,70,,28698,6,,,1,30,,28696,6,,,1,70,,28703,6,,,1,30,,28707,6,,,1,70,,28693,6,,,1,30,,28697,6,,,1,70,,28686,6,,,1,30,,28691,6,,,1,70,,28709,6,,,1,30,,28702,6,,,1,70,,28689,6,,,1,30,,28694,6,,,1,70,,28688,6,,,1,30,,28700,6,,,1,70,,28684,6,,,1,30,,28687,6,,,1,70,,28701,6,,,1,30,,28695,6,,,1,70,,28690,6,,,1,30,,28710,6,,,1,70,,28699,6,,,1,30,,28706,6,,,1,70,,28704,6,,,1,30,,28705,6,,,1,70,,28708,6,,,1,30,,28692,6,,,1
21100,'2',1904,,28716,6,,,1,30,,28718,6,,,1,70,,28719,6,,,1,30,,28711,6,,,1,70,,28712,6,,,1,30,,28715,6,,,1,70,,28717,6,,,1,30,,28714,6,,,1,70,,28713,6,,,1
21100,'3',1904,,28727,6,,,1,30,,28728,6,,,1,70,,28721,6,,,1,30,,28724,6,,,1,70,,28723,6,,,1,30,,28725,6,,,1,70,,28720,6,,,1,30,,28726,6,,,1,70,,28722,6,,,1
21100,'4',1904,,28729,6,,,1,30,,28731,6,,,1,70,,28732,6,,,1,30,,28734,6,,,1,70,,28730,6,,,1,30,,28733,6,,,1,70,,28736,6,,,1,30,,28735,6,,,1,70,,28737,6,,,1
21100,'5',1904,,28742,6,,,1,30,,28739,6,,,1,70,,28745,6,,,1,30,,28740,6,,,1,70,,28744,6,,,1,30,,28738,6,,,1,70,,28741,6,,,1,30,,28743,6,,,1,70,,28746,6,,,1
21100,'6',734,,28772,6,,,1,70,,28760,6,,,1,30,,28753,6,,,1,70,,28769,6,,,1,30,,28762,6,,,1,70,,28767,6,,,1,30,,28757,6,,,1,70,,28768,6,,,1,30,,28750,6,,,1,70,,28765,6,,,1,30,,28761,6,,,1,70,,28771,6,,,1,30,,28763,6,,,1,70,,28770,6,,,1,30,,28756,6,,,1,70,,28755,6,,,1,30,,28749,6,,,1,70,,28752,6,,,1,30,,28759,6,,,1,70,,28764,6,,,1,30,,28766,6,,,1,70,,28773,6,,,1,30,,28758,6,,,1,70,,28748,6,,,1,30,,28754,6,,,1,70,,28751,6,,,1,30,,28747,6,,,1
21100,'7',1904,,28777,6,,,1,30,,28782,6,,,1,70,,28780,6,,,1,30,,28779,6,,,1,70,,28775,6,,,1,30,,28774,6,,,1,70,,28778,6,,,1,30,,28776,6,,,1,70,,28781,6,,,1
21100,'8',1904,,28786,6,,,1,30,,28787,6,,,1,70,,28790,6,,,1,30,,28789,6,,,1,70,,28788,6,,,1,30,,28791,6,,,1,70,,28784,6,,,1,30,,28783,6,,,1,70,,28785,6,,,1
21100,'9',1904,,28792,6,,,1,30,,28796,6,,,1,70,,28795,6,,,1,30,,28798,6,,,1,70,,28799,6,,,1,30,,28794,6,,,1,70,,28800,6,,,1,30,,28797,6,,,1,70,,28793,6,,,1
