10500,'1',558,,21036,3,,,1,100,,21031,3,,,1,70,,21040,3,,,1,30,,21023,3,,,1,70,,21041,3,,,1,30,,21042,3,,,1,70,,21032,3,,,1,30,,21035,3,,,1,100,,21047,3,,,1,100,,21054,3,,,1,100,,21046,3,,,1,100,,21020,3,,,1,100,,21045,3,,,1,70,,21051,3,,,1,30,,21034,3,,,1,70,,21053,3,,,1,30,,21033,3,,,1,70,,21022,3,,,1,30,,21048,3,,,1
10500,'2',558,,21091,3,,,1,100,,21080,3,,,1,70,,21079,3,,,1,30,,21060,3,,,1,70,,21076,3,,,1,30,,17837,3,,,1,70,,17669,3,,,1,30,,21071,3,,,1,100,,21087,3,,,1,100,,21061,3,,,1,100,,21077,3,,,1,100,,21066,3,,,1,100,,21073,3,,,1,70,,21082,3,,,1,30,,21089,3,,,1,70,,21081,3,,,1,30,,21067,3,,,1,70,,21065,3,,,1,30,,21090,3,,,1
10500,'3',558,,21104,3,,,1,100,,21125,3,,,1,70,,21118,3,,,1,30,,21107,3,,,1,70,,21117,3,,,1,30,,21098,3,,,1,70,,21102,3,,,1,30,,21116,3,,,1,100,,21105,3,,,1,100,,21099,3,,,1,100,,21124,3,,,1,100,,21108,3,,,1,100,,21127,3,,,1,70,,21115,3,,,1,30,,21130,3,,,1,70,,21121,3,,,1,30,,21103,3,,,1,70,,21106,3,,,1,30,,21128,3,,,1
10500,'4',558,,21154,3,,,1,100,,21135,3,,,1,70,,21162,3,,,1,30,,21150,3,,,1,70,,21155,3,,,1,30,,21134,3,,,1,70,,21137,3,,,1,30,,21165,3,,,1,100,,21145,3,,,1,100,,21152,3,,,1,100,,21159,3,,,1,100,,21158,3,,,1,100,,21168,3,,,1,70,,21139,3,,,1,30,,21131,3,,,1,70,,21160,3,,,1,30,,21157,3,,,1,70,,21153,3,,,1,30,,21143,3,,,1
10500,'5',558,,21198,3,,,1,100,,21196,3,,,1,70,,21180,3,,,1,30,,21190,3,,,1,70,,21187,3,,,1,30,,21184,3,,,1,70,,21194,3,,,1,30,,21205,3,,,1,100,,21171,3,,,1,100,,21172,3,,,1,100,,21200,3,,,1,100,,21174,3,,,1,100,,21173,3,,,1,70,,21176,3,,,1,30,,21204,3,,,1,70,,21178,3,,,1,30,,21201,3,,,1,70,,21193,3,,,1,30,,21185,3,,,1
10500,'7',558,,21244,3,,,1,100,,21237,3,,,1,70,,21235,3,,,1,30,,21209,3,,,1,70,,21225,3,,,1,30,,21210,3,,,1,70,,21207,3,,,1,30,,21234,3,,,1,100,,21213,3,,,1,100,,21227,3,,,1,100,,21222,3,,,1,100,,21236,3,,,1,100,,21243,3,,,1,70,,21208,3,,,1,30,,21229,3,,,1,70,,21211,3,,,1,30,,21220,3,,,1,70,,21223,3,,,1,30,,21218,3,,,1
10500,'8',558,,21250,3,,,1,100,,21255,3,,,1,70,,21279,3,,,1,30,,21268,3,,,1,70,,21261,3,,,1,30,,21262,3,,,1,70,,21267,3,,,1,30,,21260,3,,,1,100,,21247,3,,,1,100,,21257,3,,,1,100,,21282,3,,,1,100,,21252,3,,,1,100,,21253,3,,,1,70,,21272,3,,,1,30,,21256,3,,,1,70,,21278,3,,,1,30,,21249,3,,,1,70,,21254,3,,,1,30,,21275,3,,,1
10500,'9',558,,21307,3,,,1,100,,21311,3,,,1,70,,21291,3,,,1,30,,21292,3,,,1,70,,21319,3,,,1,30,,21304,3,,,1,70,,21301,3,,,1,30,,21295,3,,,1,100,,21312,3,,,1,100,,21315,3,,,1,100,,21303,3,,,1,100,,21310,3,,,1,100,,21309,3,,,1,70,,21317,3,,,1,30,,21293,3,,,1,70,,21294,3,,,1,30,,21299,3,,,1,70,,21314,3,,,1,30,,21300,3,,,1
20500,'1',1858,,27170,3,,,1,100,,27164,3,,,1,100,,27171,3,,,1,100,,27165,3,,,1
20500,'10',658,,27182,3,,,1,100,,27187,3,,,1,100,,19499,3,,,1,100,,27177,3,,,1,100,,27176,3,,,1,100,,27175,3,,,1,100,,27185,3,,,1,100,,27196,3,,,1,100,,27180,3,,,1,100,,27195,3,,,1,100,,27183,3,,,1,100,,27190,3,,,1,100,,27178,3,,,1,100,,27198,3,,,1
20500,'11',658,,27200,3,,,1,100,,27216,3,,,1,100,,27201,3,,,1,100,,27224,3,,,1,100,,27215,3,,,1,100,,27220,3,,,1,100,,27223,3,,,1,100,,27213,3,,,1,100,,27210,3,,,1,100,,27221,3,,,1,100,,27226,3,,,1,100,,27214,3,,,1,100,,27209,3,,,1,100,,27218,3,,,1
20500,'2',1858,,27230,3,,,1,100,,27227,3,,,1,100,,27234,3,,,1,100,,27233,3,,,1
20500,'3',1858,,27237,3,,,1,100,,27235,3,,,1,100,,27240,3,,,1,100,,27241,3,,,1
20500,'4',1858,,27243,3,,,1,100,,27246,3,,,1,100,,27247,3,,,1,100,,27248,3,,,1
20500,'5',1858,,27256,3,,,1,100,,27253,3,,,1,100,,27251,3,,,1,100,,27254,3,,,1
20500,'6',658,,27284,3,,,1,100,,27277,3,,,1,100,,27286,3,,,1,100,,27283,3,,,1,100,,27281,3,,,1,100,,27279,3,,,1,100,,27261,3,,,1,100,,27268,3,,,1,100,,27272,3,,,1,100,,27275,3,,,1,100,,27280,3,,,1,100,,27263,3,,,1,100,,27285,3,,,1,100,,27262,3,,,1
20500,'7',1858,,27288,3,,,1,100,,27291,3,,,1,100,,27287,3,,,1,100,,27292,3,,,1
20500,'8',1858,,27299,3,,,1,100,,27297,3,,,1,100,,27302,3,,,1,100,,27298,3,,,1
20500,'9',1858,,27305,3,,,1,100,,27309,3,,,1,100,,27308,3,,,1,100,,27307,3,,,1
