10501,'1',630,,21326,11,,,1,100,,21351,11,,,1,70,,21333,11,,,1,30,,21342,11,,,1,70,,21345,11,,,1,30,,21340,11,,,1,70,,21324,11,,,1,30,,21349,11,,,1,100,,21335,11,,,1,100,,21352,11,,,1,100,,21338,11,,,1,100,,21323,11,,,1,100,,21327,11,,,1,70,,21329,11,,,1,30,,21353,11,,,1,70,,21322,11,,,1,30,,21336,11,,,1,70,,21344,11,,,1,30,,21321,11,,,1
10501,'2',630,,21376,11,,,1,100,,21379,11,,,1,70,,21387,11,,,1,30,,21369,11,,,1,70,,21378,11,,,1,30,,21377,11,,,1,70,,21372,11,,,1,30,,21386,11,,,1,100,,21383,11,,,1,100,,21357,11,,,1,100,,21382,11,,,1,100,,21374,11,,,1,100,,18132,11,,,1,70,,21373,11,,,1,30,,21367,11,,,1,70,,21368,11,,,1,30,,21359,11,,,1,70,,17299,11,,,1,30,,21389,11,,,1
10501,'3',630,,21427,11,,,1,100,,21408,11,,,1,70,,21407,11,,,1,30,,21392,11,,,1,70,,21406,11,,,1,30,,21393,11,,,1,70,,21414,11,,,1,30,,21424,11,,,1,100,,21409,11,,,1,100,,21397,11,,,1,100,,21423,11,,,1,100,,21403,11,,,1,100,,21401,11,,,1,70,,21398,11,,,1,30,,21396,11,,,1,70,,21425,11,,,1,30,,21390,11,,,1,70,,21400,11,,,1,30,,21417,11,,,1
10501,'4',630,,21446,11,,,1,100,,21465,11,,,1,70,,21459,11,,,1,30,,21444,11,,,1,70,,21432,11,,,1,30,,21464,11,,,1,70,,21452,11,,,1,30,,21463,11,,,1,100,,21450,11,,,1,100,,21435,11,,,1,100,,21454,11,,,1,100,,21461,11,,,1,100,,21458,11,,,1,70,,21436,11,,,1,30,,21430,11,,,1,70,,21456,11,,,1,30,,21460,11,,,1,70,,21453,11,,,1,30,,21455,11,,,1
10501,'5',630,,21498,11,,,1,100,,21493,11,,,1,70,,21499,11,,,1,30,,21469,11,,,1,70,,21476,11,,,1,30,,21473,11,,,1,70,,21478,11,,,1,30,,21501,11,,,1,100,,21490,11,,,1,100,,21486,11,,,1,100,,21470,11,,,1,100,,21475,11,,,1,100,,21481,11,,,1,70,,21492,11,,,1,30,,21484,11,,,1,70,,21485,11,,,1,30,,21489,11,,,1,70,,21471,11,,,1,30,,21477,11,,,1
10501,'7',630,,21536,11,,,1,100,,21512,11,,,1,70,,21506,11,,,1,30,,21504,11,,,1,70,,21529,11,,,1,30,,21526,11,,,1,70,,21532,11,,,1,30,,21527,11,,,1,100,,21509,11,,,1,100,,21505,11,,,1,100,,21537,11,,,1,100,,21534,11,,,1,100,,21517,11,,,1,70,,21514,11,,,1,30,,21513,11,,,1,70,,21519,11,,,1,30,,21530,11,,,1,70,,21528,11,,,1,30,,21515,11,,,1
10501,'8',630,,21561,11,,,1,100,,21559,11,,,1,70,,21552,11,,,1,30,,21560,11,,,1,70,,21544,11,,,1,30,,21562,11,,,1,70,,21556,11,,,1,30,,21542,11,,,1,100,,21555,11,,,1,100,,21557,11,,,1,100,,21551,11,,,1,100,,21549,11,,,1,100,,21547,11,,,1,70,,21576,11,,,1,30,,21566,11,,,1,70,,21550,11,,,1,30,,21546,11,,,1,70,,21563,11,,,1,30,,21575,11,,,1
10501,'9',630,,21596,11,,,1,100,,21591,11,,,1,70,,21586,11,,,1,30,,21614,11,,,1,70,,21610,11,,,1,30,,21611,11,,,1,70,,21615,11,,,1,30,,21597,11,,,1,100,,21617,11,,,1,100,,21600,11,,,1,100,,21606,11,,,1,100,,21594,11,,,1,100,,21581,11,,,1,70,,21592,11,,,1,30,,21607,11,,,1,70,,21603,11,,,1,30,,21601,11,,,1,70,,21590,11,,,1,30,,21598,11,,,1
20501,'1',1929,,18082,11,,,1,100,,27311,11,,,1,100,,27314,11,,,1,100,,27316,11,,,1
20501,'10',729,,27340,11,,,1,100,,27344,11,,,1,100,,27327,11,,,1,100,,27335,11,,,1,100,,27339,11,,,1,100,,27320,11,,,1,100,,27326,11,,,1,100,,27338,11,,,1,100,,27324,11,,,1,100,,27325,11,,,1,100,,27322,11,,,1,100,,27334,11,,,1,100,,27333,11,,,1,100,,27341,11,,,1
20501,'11',729,,27354,11,,,1,100,,27350,11,,,1,100,,27362,11,,,1,100,,27347,11,,,1,100,,27355,11,,,1,100,,27359,11,,,1,100,,27372,11,,,1,100,,27364,11,,,1,100,,27357,11,,,1,100,,27371,11,,,1,100,,27373,11,,,1,100,,27353,11,,,1,100,,27369,11,,,1,100,,27356,11,,,1
20501,'2',1929,,27378,11,,,1,100,,27376,11,,,1,100,,27379,11,,,1,100,,27377,11,,,1
20501,'3',1929,,27389,11,,,1,100,,27383,11,,,1,100,,27387,11,,,1,100,,27382,11,,,1
20501,'4',1929,,27393,11,,,1,100,,27395,11,,,1,100,,27392,11,,,1,100,,27394,11,,,1
20501,'5',1929,,27405,11,,,1,100,,27401,11,,,1,100,,27402,11,,,1,100,,27399,11,,,1
20501,'6',729,,27408,11,,,1,100,,27432,11,,,1,100,,27424,11,,,1,100,,27433,11,,,1,100,,27417,11,,,1,100,,27412,11,,,1,100,,27420,11,,,1,100,,27410,11,,,1,100,,27430,11,,,1,100,,27411,11,,,1,100,,27429,11,,,1,100,,27406,11,,,1,100,,27409,11,,,1,100,,27426,11,,,1
20501,'7',1929,,27438,11,,,1,100,,27439,11,,,1,100,,27441,11,,,1,100,,27437,11,,,1
20501,'8',1929,,27445,11,,,1,100,,27449,11,,,1,100,,27443,11,,,1,100,,27447,11,,,1
20501,'9',1929,,27457,11,,,1,100,,27452,11,,,1,100,,27450,11,,,1,100,,27453,11,,,1
