11600,'1',644,,25805,14,,,1,70,,25771,14,,,1,30,,19042,14,,,1,70,,17594,14,,,1,30,,25808,14,,,1,70,,25777,14,,,1,30,,25807,14,,,1,70,,25810,14,,,1,30,,25774,14,,,1,70,,25811,14,,,1,30,,25781,14,,,1,70,,25789,14,,,1,30,,25798,14,,,1,70,,25799,14,,,1,30,,25790,14,,,1,70,,25804,14,,,1,30,,25792,14,,,1,70,,25784,14,,,1,30,,25802,14,,,1,70,,25785,14,,,1,30,,25768,14,,,1,70,,25783,14,,,1,30,,25797,14,,,1
11600,'2',644,,25816,14,,,1,70,,14960,14,,,1,30,,25837,14,,,1,70,,25826,14,,,1,30,,25813,14,,,1,70,,25845,14,,,1,30,,25828,14,,,1,70,,25815,14,,,1,30,,25819,14,,,1,70,,25834,14,,,1,30,,25843,14,,,1,70,,25847,14,,,1,30,,25856,14,,,1,70,,25853,14,,,1,30,,25824,14,,,1,70,,25836,14,,,1,30,,25820,14,,,1,70,,25833,14,,,1,30,,25812,14,,,1,70,,25855,14,,,1,30,,25839,14,,,1,70,,25838,14,,,1,30,,25818,14,,,1
11600,'3',644,,25888,14,,,1,70,,25885,14,,,1,30,,25902,14,,,1,70,,25893,14,,,1,30,,25864,14,,,1,70,,25899,14,,,1,30,,25897,14,,,1,70,,25900,14,,,1,30,,25887,14,,,1,70,,25859,14,,,1,30,,25866,14,,,1,70,,25884,14,,,1,30,,25865,14,,,1,70,,25901,14,,,1,30,,25868,14,,,1,70,,25860,14,,,1,30,,25898,14,,,1,70,,25870,14,,,1,30,,25873,14,,,1,70,,25890,14,,,1,30,,25889,14,,,1,70,,25879,14,,,1,30,,25874,14,,,1
11600,'4',644,,25919,14,,,1,70,,25909,14,,,1,30,,25904,14,,,1,70,,25929,14,,,1,30,,25922,14,,,1,70,,25938,14,,,1,30,,25946,14,,,1,70,,25944,14,,,1,30,,25925,14,,,1,70,,25923,14,,,1,30,,25932,14,,,1,70,,25910,14,,,1,30,,25905,14,,,1,70,,25927,14,,,1,30,,25933,14,,,1,70,,25941,14,,,1,30,,25937,14,,,1,70,,25918,14,,,1,30,,25908,14,,,1,70,,25930,14,,,1,30,,25934,14,,,1,70,,25921,14,,,1,30,,25942,14,,,1
11600,'5',644,,25988,14,,,1,70,,25950,14,,,1,30,,25969,14,,,1,70,,25989,14,,,1,30,,25966,14,,,1,70,,25963,14,,,1,30,,25994,14,,,1,70,,25979,14,,,1,30,,25962,14,,,1,70,,25972,14,,,1,30,,25975,14,,,1,70,,25971,14,,,1,30,,25952,14,,,1,70,,25991,14,,,1,30,,25974,14,,,1,70,,25978,14,,,1,30,,25986,14,,,1,70,,25980,14,,,1,30,,25985,14,,,1,70,,25951,14,,,1,30,,25953,14,,,1,70,,25965,14,,,1,30,,25970,14,,,1
11600,'7',644,,26021,14,,,1,70,,26032,14,,,1,30,,26010,14,,,1,70,,26036,14,,,1,30,,26033,14,,,1,70,,26013,14,,,1,30,,26001,14,,,1,70,,26026,14,,,1,30,,26025,14,,,1,70,,26018,14,,,1,30,,26020,14,,,1,70,,26028,14,,,1,30,,26037,14,,,1,70,,26007,14,,,1,30,,26004,14,,,1,70,,26034,14,,,1,30,,26029,14,,,1,70,,26040,14,,,1,30,,26030,14,,,1,70,,25997,14,,,1,30,,26012,14,,,1,70,,26002,14,,,1,30,,26003,14,,,1
11600,'8',644,,26048,14,,,1,70,,26079,14,,,1,30,,26069,14,,,1,70,,26065,14,,,1,30,,26041,14,,,1,70,,26083,14,,,1,30,,26078,14,,,1,70,,26059,14,,,1,30,,26046,14,,,1,70,,26053,14,,,1,30,,26067,14,,,1,70,,26077,14,,,1,30,,26074,14,,,1,70,,26058,14,,,1,30,,26072,14,,,1,70,,26042,14,,,1,30,,26084,14,,,1,70,,26080,14,,,1,30,,26070,14,,,1,70,,26061,14,,,1,30,,26075,14,,,1,70,,26068,14,,,1,30,,26082,14,,,1
11600,'9',644,,26114,14,,,1,70,,26094,14,,,1,30,,26123,14,,,1,70,,26128,14,,,1,30,,26113,14,,,1,70,,26101,14,,,1,30,,26118,14,,,1,70,,26087,14,,,1,30,,26099,14,,,1,70,,26089,14,,,1,30,,26109,14,,,1,70,,26126,14,,,1,30,,26117,14,,,1,70,,26110,14,,,1,30,,26105,14,,,1,70,,26092,14,,,1,30,,26124,14,,,1,70,,26132,14,,,1,30,,26121,14,,,1,70,,26096,14,,,1,30,,26088,14,,,1,70,,26098,14,,,1,30,,26115,14,,,1
21600,'1',1814,,29404,14,,,1,30,,29411,14,,,1,70,,29393,14,,,1,30,,29389,14,,,1,70,,29391,14,,,1,30,,29408,14,,,1,70,,29396,14,,,1,30,,29402,14,,,1,70,,29405,14,,,1,30,,29399,14,,,1,70,,29394,14,,,1,30,,29412,14,,,1
21600,'10',714,,29434,14,,,1,30,,29443,14,,,1,70,,29436,14,,,1,30,,29458,14,,,1,70,,29437,14,,,1,30,,29433,14,,,1,70,,29422,14,,,1,30,,29466,14,,,1,70,,29459,14,,,1,30,,29420,14,,,1,70,,29425,14,,,1,30,,29456,14,,,1,70,,29431,14,,,1,30,,29435,14,,,1,70,,29464,14,,,1,30,,29439,14,,,1,70,,19714,14,,,1,30,,29461,14,,,1,70,,29418,14,,,1,30,,29428,14,,,1,70,,29467,14,,,1,30,,29423,14,,,1,70,,29460,14,,,1,30,,29450,14,,,1,70,,29457,14,,,1,30,,29413,14,,,1,70,,29414,14,,,1,30,,29426,14,,,1,70,,29448,14,,,1
21600,'11',714,,29472,14,,,1,30,,29475,14,,,1,70,,29514,14,,,1,30,,29520,14,,,1,70,,29471,14,,,1,30,,29519,14,,,1,70,,29483,14,,,1,30,,29479,14,,,1,70,,29477,14,,,1,30,,29524,14,,,1,70,,29523,14,,,1,30,,29487,14,,,1,70,,29488,14,,,1,30,,29499,14,,,1,70,,29521,14,,,1,30,,29512,14,,,1,70,,29503,14,,,1,30,,29492,14,,,1,70,,29525,14,,,1,30,,29500,14,,,1,70,,29484,14,,,1,30,,29478,14,,,1,70,,29506,14,,,1,30,,29505,14,,,1,70,,29507,14,,,1,30,,29494,14,,,1,70,,29482,14,,,1,30,,29497,14,,,1,70,,29509,14,,,1
21600,'2',1814,,29540,14,,,1,30,,29544,14,,,1,70,,29537,14,,,1,30,,29528,14,,,1,70,,29535,14,,,1,30,,29534,14,,,1,70,,29538,14,,,1,30,,29545,14,,,1,70,,29531,14,,,1,30,,29533,14,,,1,70,,29547,14,,,1,30,,29541,14,,,1
21600,'3',1814,,29562,14,,,1,30,,29551,14,,,1,70,,29558,14,,,1,30,,29550,14,,,1,70,,29549,14,,,1,30,,29552,14,,,1,70,,29571,14,,,1,30,,29555,14,,,1,70,,29554,14,,,1,30,,29569,14,,,1,70,,29570,14,,,1,30,,29559,14,,,1
21600,'4',1814,,29582,14,,,1,30,,29595,14,,,1,70,,29584,14,,,1,30,,29588,14,,,1,70,,29593,14,,,1,30,,29575,14,,,1,70,,29591,14,,,1,30,,29589,14,,,1,70,,29580,14,,,1,30,,29579,14,,,1,70,,29574,14,,,1,30,,29585,14,,,1
21600,'5',1814,,29601,14,,,1,30,,29604,14,,,1,70,,29606,14,,,1,30,,29619,14,,,1,70,,29603,14,,,1,30,,29600,14,,,1,70,,29612,14,,,1,30,,29609,14,,,1,70,,29614,14,,,1,30,,29598,14,,,1,70,,29608,14,,,1,30,,29618,14,,,1
21600,'6',714,,29671,14,,,1,30,,29667,14,,,1,70,,29653,14,,,1,30,,29664,14,,,1,70,,29638,14,,,1,30,,29639,14,,,1,70,,29673,14,,,1,30,,29658,14,,,1,70,,29629,14,,,1,30,,29676,14,,,1,70,,29632,14,,,1,30,,29637,14,,,1,70,,29654,14,,,1,30,,29670,14,,,1,70,,29636,14,,,1,30,,29622,14,,,1,70,,29623,14,,,1,30,,29661,14,,,1,70,,29621,14,,,1,30,,29652,14,,,1,70,,29647,14,,,1,30,,29657,14,,,1,70,,29642,14,,,1,30,,29668,14,,,1,70,,29665,14,,,1,30,,29627,14,,,1,70,,29659,14,,,1,30,,29672,14,,,1,70,,29646,14,,,1
21600,'7',1814,,29690,14,,,1,30,,29696,14,,,1,70,,29684,14,,,1,30,,29698,14,,,1,70,,29699,14,,,1,30,,29702,14,,,1,70,,29693,14,,,1,30,,29681,14,,,1,70,,29700,14,,,1,30,,29679,14,,,1,70,,29683,14,,,1,30,,29680,14,,,1
21600,'8',1814,,29713,14,,,1,30,,29706,14,,,1,70,,29725,14,,,1,30,,29722,14,,,1,70,,29724,14,,,1,30,,29711,14,,,1,70,,29703,14,,,1,30,,29716,14,,,1,70,,29704,14,,,1,30,,29714,14,,,1,70,,29720,14,,,1,30,,29710,14,,,1
21600,'9',1814,,29741,14,,,1,30,,29747,14,,,1,70,,29730,14,,,1,30,,29729,14,,,1,70,,29732,14,,,1,30,,29738,14,,,1,70,,29737,14,,,1,30,,29739,14,,,1,70,,29731,14,,,1,30,,29734,14,,,1,70,,29745,14,,,1,30,,29735,14,,,1
