11601,'1',613,,26176,11,0,9 3 10 16,1,30,,26150,11,0,9 3 10 16,1,70,,26158,11,0,9 3 10 16,1,30,,26170,11,0,9 3 10 16,1,70,,18245,11,0,9 3 10 16,1,30,,26144,11,0,9 3 10 16,1,70,,26173,11,0,9 3 10 16,1,30,,26135,11,0,9 3 10 16,1,70,,26136,11,0,9 3 10 16,1,30,,26161,11,0,9 3 10 16,1,70,,26160,11,0,9 3 10 16,1,30,,26155,11,0,9 3 10 16,1,70,,26137,11,0,9 3 10 16,1,30,,26174,11,0,9 3 10 16,1,70,,26143,11,0,9 3 10 16,1,30,,26172,11,0,9 3 10 16,1,70,,26148,11,0,9 3 10 16,1,30,,26142,11,0,9 3 10 16,1,70,,26157,11,0,9 3 10 16,1,30,,26162,11,0,9 3 10 16,1,70,,26154,11,0,9 3 10 16,1,30,,26168,11,0,9 3 10 16,1,70,,26163,11,0,9 3 10 16,1,30,,19734,11,0,9 3 10 16,1
11601,'2',613,,26218,11,0,9 3 10 16,1,30,,26192,11,0,9 3 10 16,1,70,,26223,11,0,9 3 10 16,1,30,,26219,11,0,9 3 10 16,1,70,,26188,11,0,9 3 10 16,1,30,,26193,11,0,9 3 10 16,1,70,,26214,11,0,9 3 10 16,1,30,,26208,11,0,9 3 10 16,1,70,,26182,11,0,9 3 10 16,1,30,,26217,11,0,9 3 10 16,1,70,,26178,11,0,9 3 10 16,1,30,,26215,11,0,9 3 10 16,1,70,,26221,11,0,9 3 10 16,1,30,,26194,11,0,9 3 10 16,1,70,,26186,11,0,9 3 10 16,1,30,,26195,11,0,9 3 10 16,1,70,,26203,11,0,9 3 10 16,1,30,,26211,11,0,9 3 10 16,1,70,,26189,11,0,9 3 10 16,1,30,,26213,11,0,9 3 10 16,1,70,,26181,11,0,9 3 10 16,1,30,,26212,11,0,9 3 10 16,1,70,,26198,11,0,9 3 10 16,1,30,,26185,11,0,9 3 10 16,1
11601,'3',613,,26226,11,0,9 3 10 16,1,30,,26268,11,0,9 3 10 16,1,70,,26227,11,0,9 3 10 16,1,30,,26251,11,0,9 3 10 16,1,70,,26266,11,0,9 3 10 16,1,30,,26244,11,0,9 3 10 16,1,70,,26256,11,0,9 3 10 16,1,30,,26264,11,0,9 3 10 16,1,70,,26254,11,0,9 3 10 16,1,30,,26271,11,0,9 3 10 16,1,70,,26260,11,0,9 3 10 16,1,30,,26252,11,0,9 3 10 16,1,70,,26224,11,0,9 3 10 16,1,30,,26237,11,0,9 3 10 16,1,70,,26232,11,0,9 3 10 16,1,30,,26267,11,0,9 3 10 16,1,70,,26259,11,0,9 3 10 16,1,30,,26258,11,0,9 3 10 16,1,70,,26253,11,0,9 3 10 16,1,30,,26249,11,0,9 3 10 16,1,70,,26243,11,0,9 3 10 16,1,30,,26257,11,0,9 3 10 16,1,70,,26228,11,0,9 3 10 16,1,30,,26262,11,0,9 3 10 16,1
11601,'4',613,,26272,11,0,9 3 10 16,1,30,,26300,11,0,9 3 10 16,1,70,,26294,11,0,9 3 10 16,1,30,,26291,11,0,9 3 10 16,1,70,,26309,11,0,9 3 10 16,1,30,,26312,11,0,9 3 10 16,1,70,,26285,11,0,9 3 10 16,1,30,,26315,11,0,9 3 10 16,1,70,,26313,11,0,9 3 10 16,1,30,,26306,11,0,9 3 10 16,1,70,,26318,11,0,9 3 10 16,1,30,,26308,11,0,9 3 10 16,1,70,,26289,11,0,9 3 10 16,1,30,,26288,11,0,9 3 10 16,1,70,,26273,11,0,9 3 10 16,1,30,,26317,11,0,9 3 10 16,1,70,,26293,11,0,9 3 10 16,1,30,,26319,11,0,9 3 10 16,1,70,,26286,11,0,9 3 10 16,1,30,,26292,11,0,9 3 10 16,1,70,,26298,11,0,9 3 10 16,1,30,,26279,11,0,9 3 10 16,1,70,,26314,11,0,9 3 10 16,1,30,,26282,11,0,9 3 10 16,1
11601,'5',613,,26349,11,0,9 3 10 16,1,30,,26356,11,0,9 3 10 16,1,70,,26351,11,0,9 3 10 16,1,30,,26347,11,0,9 3 10 16,1,70,,26366,11,0,9 3 10 16,1,30,,26339,11,0,9 3 10 16,1,70,,26324,11,0,9 3 10 16,1,30,,26361,11,0,9 3 10 16,1,70,,26340,11,0,9 3 10 16,1,30,,26336,11,0,9 3 10 16,1,70,,26331,11,0,9 3 10 16,1,30,,26364,11,0,9 3 10 16,1,70,,26363,11,0,9 3 10 16,1,30,,26342,11,0,9 3 10 16,1,70,,26321,11,0,9 3 10 16,1,30,,26344,11,0,9 3 10 16,1,70,,26338,11,0,9 3 10 16,1,30,,26325,11,0,9 3 10 16,1,70,,26357,11,0,9 3 10 16,1,30,,26322,11,0,9 3 10 16,1,70,,26354,11,0,9 3 10 16,1,30,,26337,11,0,9 3 10 16,1,70,,26350,11,0,9 3 10 16,1,30,,26323,11,0,9 3 10 16,1
11601,'7',613,,26387,11,0,9 3 10 16,1,30,,26403,11,0,9 3 10 16,1,70,,26410,11,0,9 3 10 16,1,30,,26402,11,0,9 3 10 16,1,70,,26401,11,0,9 3 10 16,1,30,,26414,11,0,9 3 10 16,1,70,,26379,11,0,9 3 10 16,1,30,,26371,11,0,9 3 10 16,1,70,,26377,11,0,9 3 10 16,1,30,,26397,11,0,9 3 10 16,1,70,,26393,11,0,9 3 10 16,1,30,,26399,11,0,9 3 10 16,1,70,,26388,11,0,9 3 10 16,1,30,,26382,11,0,9 3 10 16,1,70,,26407,11,0,9 3 10 16,1,30,,26409,11,0,9 3 10 16,1,70,,26381,11,0,9 3 10 16,1,30,,26370,11,0,9 3 10 16,1,70,,26392,11,0,9 3 10 16,1,30,,26374,11,0,9 3 10 16,1,70,,26368,11,0,9 3 10 16,1,30,,26395,11,0,9 3 10 16,1,70,,26389,11,0,9 3 10 16,1,30,,26396,11,0,9 3 10 16,1
11601,'8',613,,26448,11,0,9 3 10 16,1,30,,26422,11,0,9 3 10 16,1,70,,26445,11,0,9 3 10 16,1,30,,26436,11,0,9 3 10 16,1,70,,26419,11,0,9 3 10 16,1,30,,26441,11,0,9 3 10 16,1,70,,26462,11,0,9 3 10 16,1,30,,26432,11,0,9 3 10 16,1,70,,26460,11,0,9 3 10 16,1,30,,26433,11,0,9 3 10 16,1,70,,26455,11,0,9 3 10 16,1,30,,26451,11,0,9 3 10 16,1,70,,26423,11,0,9 3 10 16,1,30,,26440,11,0,9 3 10 16,1,70,,26434,11,0,9 3 10 16,1,30,,26420,11,0,9 3 10 16,1,70,,26439,11,0,9 3 10 16,1,30,,26437,11,0,9 3 10 16,1,70,,26443,11,0,9 3 10 16,1,30,,26454,11,0,9 3 10 16,1,70,,26431,11,0,9 3 10 16,1,30,,26457,11,0,9 3 10 16,1,70,,26459,11,0,9 3 10 16,1,30,,26417,11,0,9 3 10 16,1
11601,'9',613,,26479,11,0,9 3 10 16,1,30,,26500,11,0,9 3 10 16,1,70,,26481,11,0,9 3 10 16,1,30,,26480,11,0,9 3 10 16,1,70,,26486,11,0,9 3 10 16,1,30,,26504,11,0,9 3 10 16,1,70,,26466,11,0,9 3 10 16,1,30,,26492,11,0,9 3 10 16,1,70,,26478,11,0,9 3 10 16,1,30,,26507,11,0,9 3 10 16,1,70,,26505,11,0,9 3 10 16,1,30,,26508,11,0,9 3 10 16,1,70,,26475,11,0,9 3 10 16,1,30,,26471,11,0,9 3 10 16,1,70,,26476,11,0,9 3 10 16,1,30,,26490,11,0,9 3 10 16,1,70,,26502,11,0,9 3 10 16,1,30,,26464,11,0,9 3 10 16,1,70,,26501,11,0,9 3 10 16,1,30,,26511,11,0,9 3 10 16,1,70,,26484,11,0,9 3 10 16,1,30,,26472,11,0,9 3 10 16,1,70,,26470,11,0,9 3 10 16,1,30,,26465,11,0,9 3 10 16,1
21601,'1',1813,,29753,11,0,9 3 10 16,1,30,,29769,11,0,9 3 10 16,1,70,,29764,11,0,9 3 10 16,1,30,,29759,11,0,9 3 10 16,1,70,,29762,11,0,9 3 10 16,1,30,,29765,11,0,9 3 10 16,1,70,,29760,11,0,9 3 10 16,1,30,,18110,11,0,9 3 10 16,1,70,,29756,11,0,9 3 10 16,1,30,,29751,11,0,9 3 10 16,1,70,,29755,11,0,9 3 10 16,1
21601,'10',643,,29788,11,0,9 3 10 16,1,70,,29802,11,0,9 3 10 16,1,30,,29774,11,0,9 3 10 16,1,70,,29812,11,0,9 3 10 16,1,30,,29825,11,0,9 3 10 16,1,70,,29796,11,0,9 3 10 16,1,30,,29775,11,0,9 3 10 16,1,70,,29797,11,0,9 3 10 16,1,30,,29823,11,0,9 3 10 16,1,70,,29781,11,0,9 3 10 16,1,30,,29805,11,0,9 3 10 16,1,70,,29776,11,0,9 3 10 16,1,30,,29814,11,0,9 3 10 16,1,70,,29827,11,0,9 3 10 16,1,30,,29810,11,0,9 3 10 16,1,70,,29773,11,0,9 3 10 16,1,30,,29790,11,0,9 3 10 16,1,70,,29809,11,0,9 3 10 16,1,30,,29824,11,0,9 3 10 16,1,70,,29777,11,0,9 3 10 16,1,30,,29826,11,0,9 3 10 16,1,70,,29785,11,0,9 3 10 16,1,30,,29807,11,0,9 3 10 16,1,70,,29804,11,0,9 3 10 16,1,30,,18981,11,0,9 3 10 16,1,70,,29779,11,0,9 3 10 16,1,30,,29786,11,0,9 3 10 16,1,70,,29808,11,0,9 3 10 16,1,30,,29822,11,0,9 3 10 16,1
21601,'11',643,,29877,11,0,9 3 10 16,1,70,,29860,11,0,9 3 10 16,1,30,,29853,11,0,9 3 10 16,1,70,,29874,11,0,9 3 10 16,1,30,,29850,11,0,9 3 10 16,1,70,,29867,11,0,9 3 10 16,1,30,,29849,11,0,9 3 10 16,1,70,,29852,11,0,9 3 10 16,1,30,,29882,11,0,9 3 10 16,1,70,,29857,11,0,9 3 10 16,1,30,,29868,11,0,9 3 10 16,1,70,,29880,11,0,9 3 10 16,1,30,,29836,11,0,9 3 10 16,1,70,,29844,11,0,9 3 10 16,1,30,,29866,11,0,9 3 10 16,1,70,,29871,11,0,9 3 10 16,1,30,,29859,11,0,9 3 10 16,1,70,,29875,11,0,9 3 10 16,1,30,,29873,11,0,9 3 10 16,1,70,,29864,11,0,9 3 10 16,1,30,,29838,11,0,9 3 10 16,1,70,,29851,11,0,9 3 10 16,1,30,,29870,11,0,9 3 10 16,1,70,,29884,11,0,9 3 10 16,1,30,,29856,11,0,9 3 10 16,1,70,,29876,11,0,9 3 10 16,1,30,,29831,11,0,9 3 10 16,1,70,,29886,11,0,9 3 10 16,1,30,,29841,11,0,9 3 10 16,1
21601,'2',1813,,29904,11,0,9 3 10 16,1,30,,29892,11,0,9 3 10 16,1,70,,29893,11,0,9 3 10 16,1,30,,29899,11,0,9 3 10 16,1,70,,29903,11,0,9 3 10 16,1,30,,29888,11,0,9 3 10 16,1,70,,29906,11,0,9 3 10 16,1,30,,29889,11,0,9 3 10 16,1,70,,29905,11,0,9 3 10 16,1,30,,29897,11,0,9 3 10 16,1,70,,29898,11,0,9 3 10 16,1
21601,'3',1813,,29913,11,0,9 3 10 16,1,30,,29926,11,0,9 3 10 16,1,70,,29911,11,0,9 3 10 16,1,30,,29910,11,0,9 3 10 16,1,70,,29919,11,0,9 3 10 16,1,30,,29923,11,0,9 3 10 16,1,70,,29927,11,0,9 3 10 16,1,30,,29909,11,0,9 3 10 16,1,70,,29914,11,0,9 3 10 16,1,30,,29915,11,0,9 3 10 16,1,70,,29917,11,0,9 3 10 16,1
21601,'4',1813,,29950,11,0,9 3 10 16,1,30,,29936,11,0,9 3 10 16,1,70,,29941,11,0,9 3 10 16,1,30,,29934,11,0,9 3 10 16,1,70,,29943,11,0,9 3 10 16,1,30,,29938,11,0,9 3 10 16,1,70,,29949,11,0,9 3 10 16,1,30,,29946,11,0,9 3 10 16,1,70,,29948,11,0,9 3 10 16,1,30,,29931,11,0,9 3 10 16,1,70,,29939,11,0,9 3 10 16,1
21601,'5',1813,,29959,11,0,9 3 10 16,1,30,,29958,11,0,9 3 10 16,1,70,,29961,11,0,9 3 10 16,1,30,,29969,11,0,9 3 10 16,1,70,,29965,11,0,9 3 10 16,1,30,,29968,11,0,9 3 10 16,1,70,,29964,11,0,9 3 10 16,1,30,,29955,11,0,9 3 10 16,1,70,,29971,11,0,9 3 10 16,1,30,,29962,11,0,9 3 10 16,1,70,,29972,11,0,9 3 10 16,1
21601,'6',643,,29990,11,0,9 3 10 16,1,70,,29985,11,0,9 3 10 16,1,30,,30008,11,0,9 3 10 16,1,70,,30003,11,0,9 3 10 16,1,30,,30002,11,0,9 3 10 16,1,70,,30014,11,0,9 3 10 16,1,30,,30028,11,0,9 3 10 16,1,70,,29986,11,0,9 3 10 16,1,30,,29994,11,0,9 3 10 16,1,70,,30024,11,0,9 3 10 16,1,30,,30029,11,0,9 3 10 16,1,70,,29981,11,0,9 3 10 16,1,30,,29979,11,0,9 3 10 16,1,70,,30025,11,0,9 3 10 16,1,30,,29980,11,0,9 3 10 16,1,70,,29988,11,0,9 3 10 16,1,30,,29992,11,0,9 3 10 16,1,70,,30021,11,0,9 3 10 16,1,30,,29975,11,0,9 3 10 16,1,70,,30004,11,0,9 3 10 16,1,30,,29983,11,0,9 3 10 16,1,70,,29987,11,0,9 3 10 16,1,30,,30000,11,0,9 3 10 16,1,70,,30019,11,0,9 3 10 16,1,30,,30009,11,0,9 3 10 16,1,70,,30007,11,0,9 3 10 16,1,30,,30011,11,0,9 3 10 16,1,70,,30030,11,0,9 3 10 16,1,30,,29995,11,0,9 3 10 16,1
21601,'7',1813,,30052,11,0,9 3 10 16,1,30,,30053,11,0,9 3 10 16,1,70,,30043,11,0,9 3 10 16,1,30,,30035,11,0,9 3 10 16,1,70,,30033,11,0,9 3 10 16,1,30,,30047,11,0,9 3 10 16,1,70,,30045,11,0,9 3 10 16,1,30,,30041,11,0,9 3 10 16,1,70,,30050,11,0,9 3 10 16,1,30,,30036,11,0,9 3 10 16,1,70,,30038,11,0,9 3 10 16,1
21601,'8',1813,,30072,11,0,9 3 10 16,1,30,,30066,11,0,9 3 10 16,1,70,,30062,11,0,9 3 10 16,1,30,,30055,11,0,9 3 10 16,1,70,,30063,11,0,9 3 10 16,1,30,,30061,11,0,9 3 10 16,1,70,,30067,11,0,9 3 10 16,1,30,,30054,11,0,9 3 10 16,1,70,,30057,11,0,9 3 10 16,1,30,,30073,11,0,9 3 10 16,1,70,,30075,11,0,9 3 10 16,1
21601,'9',1813,,30076,11,0,9 3 10 16,1,30,,30097,11,0,9 3 10 16,1,70,,30092,11,0,9 3 10 16,1,30,,30079,11,0,9 3 10 16,1,70,,30077,11,0,9 3 10 16,1,30,,30083,11,0,9 3 10 16,1,70,,30087,11,0,9 3 10 16,1,30,,30091,11,0,9 3 10 16,1,70,,30090,11,0,9 3 10 16,1,30,,30094,11,0,9 3 10 16,1,70,,30081,11,0,9 3 10 16,1
