10700,'1',630,,21914,2,0,5 6,1,100,,21915,2,0,5 6,1,70,,21920,2,0,5 6,1,30,,21926,2,0,5 6,1,70,,21913,2,0,5 6,1,30,,21912,2,0,5 6,1,100,,21917,2,0,5 6,1,100,,21923,2,0,5 6,1,100,,21924,2,0,5 6,1,100,,17265,2,0,5 6,1,100,,21925,2,0,5 6,1,70,,21922,2,0,5 6,1,30,,21919,2,0,5 6,1,70,,18192,2,0,5 6,1,30,,21911,2,0,5 6,1,70,,21921,2,0,5 6,1,30,,18668,2,0,5 6,1,70,,21916,2,0,5 6,1,30,,21918,2,0,5 6,1
10700,'2',630,,21936,2,0,5 6,1,100,,21932,2,0,5 6,1,70,,21927,2,0,5 6,1,30,,21943,2,0,5 6,1,70,,21933,2,0,5 6,1,30,,21944,2,0,5 6,1,100,,21935,2,0,5 6,1,100,,21942,2,0,5 6,1,100,,21937,2,0,5 6,1,100,,21938,2,0,5 6,1,100,,15154,2,0,5 6,1,70,,21934,2,0,5 6,1,30,,21931,2,0,5 6,1,70,,21930,2,0,5 6,1,30,,21940,2,0,5 6,1,70,,21939,2,0,5 6,1,30,,21941,2,0,5 6,1,70,,21928,2,0,5 6,1,30,,21929,2,0,5 6,1
10700,'3',630,,21959,2,0,5 6,1,100,,21954,2,0,5 6,1,70,,21956,2,0,5 6,1,30,,21948,2,0,5 6,1,70,,21962,2,0,5 6,1,30,,21957,2,0,5 6,1,100,,21963,2,0,5 6,1,100,,21961,2,0,5 6,1,100,,21950,2,0,5 6,1,100,,21945,2,0,5 6,1,100,,21947,2,0,5 6,1,70,,21949,2,0,5 6,1,30,,21953,2,0,5 6,1,70,,21955,2,0,5 6,1,30,,21951,2,0,5 6,1,70,,21952,2,0,5 6,1,30,,21958,2,0,5 6,1,70,,21960,2,0,5 6,1,30,,21946,2,0,5 6,1
10700,'4',630,,21981,2,0,5 6,1,100,,21977,2,0,5 6,1,70,,21968,2,0,5 6,1,30,,21966,2,0,5 6,1,70,,21979,2,0,5 6,1,30,,21980,2,0,5 6,1,100,,21976,2,0,5 6,1,100,,21973,2,0,5 6,1,100,,21969,2,0,5 6,1,100,,21971,2,0,5 6,1,100,,21974,2,0,5 6,1,70,,21970,2,0,5 6,1,30,,21972,2,0,5 6,1,70,,21978,2,0,5 6,1,30,,21964,2,0,5 6,1,70,,21982,2,0,5 6,1,30,,21967,2,0,5 6,1,70,,21965,2,0,5 6,1,30,,21975,2,0,5 6,1
10700,'5',630,,22000,2,0,5 6,1,100,,22001,2,0,5 6,1,70,,21994,2,0,5 6,1,30,,21992,2,0,5 6,1,70,,21999,2,0,5 6,1,30,,21993,2,0,5 6,1,100,,21998,2,0,5 6,1,100,,21986,2,0,5 6,1,100,,21991,2,0,5 6,1,100,,21995,2,0,5 6,1,100,,21983,2,0,5 6,1,70,,21989,2,0,5 6,1,30,,21990,2,0,5 6,1,70,,21984,2,0,5 6,1,30,,21996,2,0,5 6,1,70,,21997,2,0,5 6,1,30,,21987,2,0,5 6,1,70,,21985,2,0,5 6,1,30,,21988,2,0,5 6,1
10700,'7',630,,22012,2,0,5 6,1,100,,22007,2,0,5 6,1,70,,22008,2,0,5 6,1,30,,22017,2,0,5 6,1,70,,22018,2,0,5 6,1,30,,22004,2,0,5 6,1,100,,22009,2,0,5 6,1,100,,22019,2,0,5 6,1,100,,22015,2,0,5 6,1,100,,22003,2,0,5 6,1,100,,22006,2,0,5 6,1,70,,22011,2,0,5 6,1,30,,22020,2,0,5 6,1,70,,22005,2,0,5 6,1,30,,22016,2,0,5 6,1,70,,22013,2,0,5 6,1,30,,22002,2,0,5 6,1,70,,22014,2,0,5 6,1,30,,22010,2,0,5 6,1
10700,'8',630,,22029,2,0,5 6,1,100,,22031,2,0,5 6,1,70,,22026,2,0,5 6,1,30,,22030,2,0,5 6,1,70,,22027,2,0,5 6,1,30,,22035,2,0,5 6,1,100,,22034,2,0,5 6,1,100,,22024,2,0,5 6,1,100,,22025,2,0,5 6,1,100,,22032,2,0,5 6,1,100,,22033,2,0,5 6,1,70,,22022,2,0,5 6,1,30,,22038,2,0,5 6,1,70,,22021,2,0,5 6,1,30,,22023,2,0,5 6,1,70,,22039,2,0,5 6,1,30,,22037,2,0,5 6,1,70,,22036,2,0,5 6,1,30,,22028,2,0,5 6,1
10700,'9',630,,22044,2,0,5 6,1,100,,22057,2,0,5 6,1,70,,22058,2,0,5 6,1,30,,22048,2,0,5 6,1,70,,22043,2,0,5 6,1,30,,22045,2,0,5 6,1,100,,22055,2,0,5 6,1,100,,22051,2,0,5 6,1,100,,22054,2,0,5 6,1,100,,22052,2,0,5 6,1,100,,22046,2,0,5 6,1,70,,22047,2,0,5 6,1,30,,22042,2,0,5 6,1,70,,22049,2,0,5 6,1,30,,22053,2,0,5 6,1,70,,22050,2,0,5 6,1,30,,22041,2,0,5 6,1,70,,22056,2,0,5 6,1,30,,22040,2,0,5 6,1
11500,'1',700,,25320,2,0,7 1 8,1,30,,25326,2,0,7 1 8,1,70,,25315,2,0,7 1 8,1,30,,25316,2,0,7 1 8,1,70,,25325,2,0,7 1 8,1,30,,25332,2,0,7 1 8,1,70,,25328,2,0,7 1 8,1,100,,25327,2,0,7 1 8,1,100,,25319,2,0,7 1 8,1,100,,25323,2,0,7 1 8,1,100,,25322,2,0,7 1 8,1,100,,25330,2,0,7 1 8,1,30,,25331,2,0,7 1 8,1,70,,25318,2,0,7 1 8,1,30,,25321,2,0,7 1 8,1,70,,25324,2,0,7 1 8,1,30,,25317,2,0,7 1 8,1,70,,25329,2,0,7 1 8,1
11500,'2',700,,25349,2,0,7 1 8,1,30,,25334,2,0,7 1 8,1,70,,25338,2,0,7 1 8,1,30,,25347,2,0,7 1 8,1,70,,25335,2,0,7 1 8,1,30,,25336,2,0,7 1 8,1,70,,25339,2,0,7 1 8,1,100,,25333,2,0,7 1 8,1,100,,25343,2,0,7 1 8,1,100,,25341,2,0,7 1 8,1,100,,25337,2,0,7 1 8,1,100,,25344,2,0,7 1 8,1,30,,25346,2,0,7 1 8,1,70,,25348,2,0,7 1 8,1,30,,25340,2,0,7 1 8,1,70,,25342,2,0,7 1 8,1,30,,25345,2,0,7 1 8,1,70,,25350,2,0,7 1 8,1
11500,'3',700,,25367,2,0,7 1 8,1,30,,25365,2,0,7 1 8,1,70,,25357,2,0,7 1 8,1,30,,25362,2,0,7 1 8,1,70,,25352,2,0,7 1 8,1,30,,25354,2,0,7 1 8,1,70,,25366,2,0,7 1 8,1,100,,25359,2,0,7 1 8,1,100,,25368,2,0,7 1 8,1,100,,25360,2,0,7 1 8,1,100,,25364,2,0,7 1 8,1,100,,25358,2,0,7 1 8,1,30,,25363,2,0,7 1 8,1,70,,25355,2,0,7 1 8,1,30,,25353,2,0,7 1 8,1,70,,25351,2,0,7 1 8,1,30,,25361,2,0,7 1 8,1,70,,25356,2,0,7 1 8,1
11500,'4',700,,25373,2,0,7 1 8,1,30,,25369,2,0,7 1 8,1,70,,25384,2,0,7 1 8,1,30,,25383,2,0,7 1 8,1,70,,25374,2,0,7 1 8,1,30,,25380,2,0,7 1 8,1,70,,25386,2,0,7 1 8,1,100,,25376,2,0,7 1 8,1,100,,25372,2,0,7 1 8,1,100,,25378,2,0,7 1 8,1,100,,25385,2,0,7 1 8,1,100,,25375,2,0,7 1 8,1,30,,25371,2,0,7 1 8,1,70,,25379,2,0,7 1 8,1,30,,25370,2,0,7 1 8,1,70,,25381,2,0,7 1 8,1,30,,25382,2,0,7 1 8,1,70,,25377,2,0,7 1 8,1
11500,'5',700,,25393,2,0,7 1 8,1,30,,25402,2,0,7 1 8,1,70,,25394,2,0,7 1 8,1,30,,25392,2,0,7 1 8,1,70,,25400,2,0,7 1 8,1,30,,25390,2,0,7 1 8,1,70,,25391,2,0,7 1 8,1,100,,25389,2,0,7 1 8,1,100,,25404,2,0,7 1 8,1,100,,25395,2,0,7 1 8,1,100,,25397,2,0,7 1 8,1,100,,25387,2,0,7 1 8,1,30,,25399,2,0,7 1 8,1,70,,25403,2,0,7 1 8,1,30,,25401,2,0,7 1 8,1,70,,25396,2,0,7 1 8,1,30,,25388,2,0,7 1 8,1,70,,25398,2,0,7 1 8,1
11500,'7',700,,25418,2,0,7 1 8,1,30,,25420,2,0,7 1 8,1,70,,25408,2,0,7 1 8,1,30,,25419,2,0,7 1 8,1,70,,25421,2,0,7 1 8,1,30,,25412,2,0,7 1 8,1,70,,25422,2,0,7 1 8,1,100,,25414,2,0,7 1 8,1,100,,25405,2,0,7 1 8,1,100,,25411,2,0,7 1 8,1,100,,25410,2,0,7 1 8,1,100,,25406,2,0,7 1 8,1,30,,25413,2,0,7 1 8,1,70,,25415,2,0,7 1 8,1,30,,25416,2,0,7 1 8,1,70,,25417,2,0,7 1 8,1,30,,25409,2,0,7 1 8,1,70,,25407,2,0,7 1 8,1
11500,'8',700,,25427,2,0,7 1 8,1,30,,25438,2,0,7 1 8,1,70,,25425,2,0,7 1 8,1,30,,25434,2,0,7 1 8,1,70,,25429,2,0,7 1 8,1,30,,25433,2,0,7 1 8,1,70,,25440,2,0,7 1 8,1,100,,25435,2,0,7 1 8,1,100,,25437,2,0,7 1 8,1,100,,25432,2,0,7 1 8,1,100,,25436,2,0,7 1 8,1,100,,25424,2,0,7 1 8,1,30,,25426,2,0,7 1 8,1,70,,25431,2,0,7 1 8,1,30,,25428,2,0,7 1 8,1,70,,25430,2,0,7 1 8,1,30,,25439,2,0,7 1 8,1,70,,25423,2,0,7 1 8,1
11500,'9',700,,25456,2,0,7 1 8,1,30,,25454,2,0,7 1 8,1,70,,25441,2,0,7 1 8,1,30,,25445,2,0,7 1 8,1,70,,25458,2,0,7 1 8,1,30,,25449,2,0,7 1 8,1,70,,25446,2,0,7 1 8,1,100,,25452,2,0,7 1 8,1,100,,25443,2,0,7 1 8,1,100,,25447,2,0,7 1 8,1,100,,25451,2,0,7 1 8,1,100,,25450,2,0,7 1 8,1,30,,25444,2,0,7 1 8,1,70,,25457,2,0,7 1 8,1,30,,25453,2,0,7 1 8,1,70,,25455,2,0,7 1 8,1,30,,25442,2,0,7 1 8,1,70,,25448,2,0,7 1 8,1
21000,'1',1900,,28340,2,,,1,30,,28339,2,,,1,70,,28344,2,,,1,30,,28341,2,,,1,70,,28342,2,,,1,30,,28343,2,,,1,70,,28338,2,,,1,30,,28337,2,,,1,70,,18348,2,,,1
21000,'10',730,,28364,2,,,1,70,,28349,2,,,1,30,,28351,2,,,1,70,,28370,2,,,1,30,,28354,2,,,1,70,,28353,2,,,1,30,,28371,2,,,1,70,,28368,2,,,1,30,,28360,2,,,1,70,,28365,2,,,1,30,,28347,2,,,1,70,,28352,2,,,1,30,,28345,2,,,1,70,,28361,2,,,1,30,,28362,2,,,1,70,,28357,2,,,1,30,,28359,2,,,1,70,,28356,2,,,1,30,,28350,2,,,1,70,,28346,2,,,1,30,,28358,2,,,1,70,,28367,2,,,1,30,,28369,2,,,1,70,,28366,2,,,1,30,,28363,2,,,1,70,,28355,2,,,1,30,,28348,2,,,1
21000,'11',730,,28374,2,,,1,70,,28395,2,,,1,30,,28397,2,,,1,70,,28388,2,,,1,30,,28389,2,,,1,70,,28372,2,,,1,30,,28387,2,,,1,70,,28396,2,,,1,30,,28375,2,,,1,70,,28392,2,,,1,30,,28391,2,,,1,70,,28385,2,,,1,30,,28398,2,,,1,70,,28384,2,,,1,30,,28394,2,,,1,70,,28383,2,,,1,30,,28377,2,,,1,70,,28380,2,,,1,30,,28373,2,,,1,70,,28376,2,,,1,30,,28386,2,,,1,70,,28379,2,,,1,30,,28378,2,,,1,70,,28382,2,,,1,30,,28381,2,,,1,70,,28393,2,,,1,30,,28390,2,,,1
21000,'2',1900,,18174,2,,,1,30,,28401,2,,,1,70,,28399,2,,,1,30,,28402,2,,,1,70,,28405,2,,,1,30,,28400,2,,,1,70,,28403,2,,,1,30,,28404,2,,,1,70,,28406,2,,,1
21000,'3',1900,,28411,2,,,1,30,,28408,2,,,1,70,,28410,2,,,1,30,,28412,2,,,1,70,,28414,2,,,1,30,,28415,2,,,1,70,,28407,2,,,1,30,,28413,2,,,1,70,,28409,2,,,1
21000,'4',1900,,28422,2,,,1,30,,28420,2,,,1,70,,28421,2,,,1,30,,28416,2,,,1,70,,28417,2,,,1,30,,28424,2,,,1,70,,28418,2,,,1,30,,28419,2,,,1,70,,28423,2,,,1
21000,'5',1900,,28431,2,,,1,30,,28433,2,,,1,70,,28428,2,,,1,30,,28427,2,,,1,70,,28425,2,,,1,30,,28430,2,,,1,70,,28426,2,,,1,30,,28429,2,,,1,70,,28432,2,,,1
21000,'6',730,,28446,2,,,1,70,,28437,2,,,1,30,,28458,2,,,1,70,,28443,2,,,1,30,,28457,2,,,1,70,,28435,2,,,1,30,,28434,2,,,1,70,,28440,2,,,1,30,,28444,2,,,1,70,,28438,2,,,1,30,,28455,2,,,1,70,,28436,2,,,1,30,,28450,2,,,1,70,,28453,2,,,1,30,,28451,2,,,1,70,,28456,2,,,1,30,,28448,2,,,1,70,,28447,2,,,1,30,,28441,2,,,1,70,,28454,2,,,1,30,,28449,2,,,1,70,,28445,2,,,1,30,,28442,2,,,1,70,,28439,2,,,1,30,,28460,2,,,1,70,,28452,2,,,1,30,,28459,2,,,1
21000,'7',1900,,28462,2,,,1,30,,28463,2,,,1,70,,28467,2,,,1,30,,28465,2,,,1,70,,28461,2,,,1,30,,28468,2,,,1,70,,28464,2,,,1,30,,28469,2,,,1,70,,28466,2,,,1
21000,'8',1900,,28478,2,,,1,30,,28470,2,,,1,70,,28476,2,,,1,30,,28471,2,,,1,70,,28475,2,,,1,30,,28477,2,,,1,70,,28473,2,,,1,30,,28472,2,,,1,70,,28474,2,,,1
21000,'9',1900,,28486,2,,,1,30,,28483,2,,,1,70,,28479,2,,,1,30,,28485,2,,,1,70,,28484,2,,,1,30,,28480,2,,,1,70,,28481,2,,,1,30,,28482,2,,,1,70,,28487,2,,,1
