11300,'1',636,,24507,25,,,1,100,,24518,25,,,1,100,,24513,25,,,1,100,,24510,25,,,1,100,,24522,25,,,1,100,,19261,25,,,1,100,,24521,25,,,1,100,,24506,25,,,1,100,,24525,25,,,1,100,,24532,25,,,1,100,,24523,25,,,1,100,,24528,25,,,1,100,,24527,25,,,1
11300,'2',636,,24538,25,,,1,100,,24542,25,,,1,100,,24556,25,,,1,100,,24552,25,,,1,100,,24548,25,,,1,100,,24534,25,,,1,100,,24546,25,,,1,100,,24533,25,,,1,100,,24563,25,,,1,100,,24570,25,,,1,100,,24541,25,,,1,100,,24566,25,,,1,100,,24557,25,,,1
11300,'3',636,,24609,25,,,1,100,,24582,25,,,1,100,,24573,25,,,1,100,,24586,25,,,1,100,,24575,25,,,1,100,,24606,25,,,1,100,,24580,25,,,1,100,,24594,25,,,1,100,,24592,25,,,1,100,,24591,25,,,1,100,,24576,25,,,1,100,,24598,25,,,1,100,,24574,25,,,1
11300,'4',636,,24637,25,,,1,100,,24647,25,,,1,100,,24642,25,,,1,100,,24634,25,,,1,100,,24619,25,,,1,100,,24628,25,,,1,100,,24630,25,,,1,100,,24618,25,,,1,100,,24617,25,,,1,100,,24629,25,,,1,100,,24633,25,,,1,100,,24632,25,,,1,100,,24643,25,,,1
11300,'5',636,,24671,25,,,1,100,,24668,25,,,1,100,,24653,25,,,1,100,,24652,25,,,1,100,,24674,25,,,1,100,,24667,25,,,1,100,,24686,25,,,1,100,,24658,25,,,1,100,,24650,25,,,1,100,,24682,25,,,1,100,,24679,25,,,1,100,,24675,25,,,1,100,,24677,25,,,1
11300,'7',636,,24711,25,,,1,100,,24719,25,,,1,100,,24724,25,,,1,100,,24700,25,,,1,100,,24716,25,,,1,100,,24718,25,,,1,100,,24726,25,,,1,100,,24720,25,,,1,100,,24709,25,,,1,100,,24703,25,,,1,100,,24696,25,,,1,100,,24704,25,,,1,100,,24722,25,,,1
11300,'8',636,,24759,25,,,1,100,,24727,25,,,1,100,,24758,25,,,1,100,,24755,25,,,1,100,,24764,25,,,1,100,,24730,25,,,1,100,,24751,25,,,1,100,,24754,25,,,1,100,,24752,25,,,1,100,,24765,25,,,1,100,,24729,25,,,1,100,,24756,25,,,1,100,,24744,25,,,1
11300,'9',636,,24778,25,,,1,100,,24797,25,,,1,100,,24795,25,,,1,100,,24766,25,,,1,100,,24772,25,,,1,100,,24801,25,,,1,100,,24803,25,,,1,100,,24773,25,,,1,100,,24770,25,,,1,100,,24787,25,,,1,100,,24798,25,,,1,100,,24768,25,,,1,100,,24780,25,,,1
21300,'1',1935,,28956,25,,,1,100,,28955,25,,,1,100,,28957,25,,,1,100,,28954,25,,,1
21300,'10',735,,28959,25,,,1,100,,28970,25,,,1,100,,28966,25,,,1,100,,28964,25,,,1,100,,28962,25,,,1,100,,28961,25,,,1,100,,28969,25,,,1,100,,28960,25,,,1,100,,28965,25,,,1,100,,28958,25,,,1,100,,28963,25,,,1,100,,28968,25,,,1,100,,28967,25,,,1
21300,'11',735,,28980,25,,,1,100,,28978,25,,,1,100,,28974,25,,,1,100,,28983,25,,,1,100,,28982,25,,,1,100,,28972,25,,,1,100,,28981,25,,,1,100,,28973,25,,,1,100,,28979,25,,,1,100,,28977,25,,,1,100,,28971,25,,,1,100,,28976,25,,,1,100,,28975,25,,,1
21300,'2',1935,,28985,25,,,1,100,,28987,25,,,1,100,,28986,25,,,1,100,,28984,25,,,1
21300,'3',1935,,28989,25,,,1,100,,28988,25,,,1,100,,28990,25,,,1,100,,28991,25,,,1
21300,'4',1935,,28992,25,,,1,100,,28993,25,,,1,100,,28994,25,,,1,100,,28995,25,,,1
21300,'5',1935,,28998,25,,,1,100,,28996,25,,,1,100,,28999,25,,,1,100,,28997,25,,,1
21300,'6',735,,29009,25,,,1,100,,29010,25,,,1,100,,29003,25,,,1,100,,29002,25,,,1,100,,29000,25,,,1,100,,29005,25,,,1,100,,29001,25,,,1,100,,29008,25,,,1,100,,29006,25,,,1,100,,29011,25,,,1,100,,29004,25,,,1,100,,29007,25,,,1,100,,29012,25,,,1
21300,'7',1935,,29015,25,,,1,100,,29016,25,,,1,100,,29014,25,,,1,100,,29013,25,,,1
21300,'8',1935,,29018,25,,,1,100,,29020,25,,,1,100,,29019,25,,,1,100,,29017,25,,,1
21300,'9',1935,,29023,25,,,1,100,,29021,25,,,1,100,,29024,25,,,1,100,,29022,25,,,1
