11201,'1',723,,24323,17,,,1,100,,24322,17,,,1,100,,24337,17,,,1,100,,24324,17,,,1,100,,24333,17,,,1,100,,24334,17,,,1,100,,24336,17,,,1,100,,24339,17,,,1,100,,24331,17,,,1,100,,24330,17,,,1,100,,24341,17,,,1
11201,'2',723,,24359,17,,,1,100,,24348,17,,,1,100,,24356,17,,,1,100,,24347,17,,,1,100,,19525,17,,,1,100,,24352,17,,,1,100,,24360,17,,,1,100,,24346,17,,,1,100,,24353,17,,,1,100,,24345,17,,,1,100,,24354,17,,,1
11201,'3',723,,24385,17,,,1,100,,24367,17,,,1,100,,24365,17,,,1,100,,24383,17,,,1,100,,24380,17,,,1,100,,24374,17,,,1,100,,24382,17,,,1,100,,24366,17,,,1,100,,24371,17,,,1,100,,24378,17,,,1,100,,24364,17,,,1
11201,'4',723,,24394,17,,,1,100,,24387,17,,,1,100,,24406,17,,,1,100,,24393,17,,,1,100,,24404,17,,,1,100,,24403,17,,,1,100,,24401,17,,,1,100,,24405,17,,,1,100,,24391,17,,,1,100,,24407,17,,,1,100,,24392,17,,,1
11201,'5',723,,24413,17,,,1,100,,24408,17,,,1,100,,24426,17,,,1,100,,24429,17,,,1,100,,24412,17,,,1,100,,24417,17,,,1,100,,24419,17,,,1,100,,24423,17,,,1,100,,24427,17,,,1,100,,24428,17,,,1,100,,24418,17,,,1
11201,'7',723,,24440,17,,,1,100,,24438,17,,,1,100,,24451,17,,,1,100,,24431,17,,,1,100,,24448,17,,,1,100,,24435,17,,,1,100,,24447,17,,,1,100,,24442,17,,,1,100,,24441,17,,,1,100,,24449,17,,,1,100,,24432,17,,,1
11201,'8',723,,24473,17,,,1,100,,24467,17,,,1,100,,24459,17,,,1,100,,24472,17,,,1,100,,24456,17,,,1,100,,24469,17,,,1,100,,24468,17,,,1,100,,24454,17,,,1,100,,24466,17,,,1,100,,24461,17,,,1,100,,24452,17,,,1
11201,'9',723,,24484,17,,,1,100,,24485,17,,,1,100,,24479,17,,,1,100,,24474,17,,,1,100,,24481,17,,,1,100,,24478,17,,,1,100,,24487,17,,,1,100,,24494,17,,,1,100,,24482,17,,,1,100,,24488,17,,,1,100,,24477,17,,,1
20600,'1',1817,,27467,11,,,1,30,,27459,11,,,1,70,,27463,11,,,1,30,,27464,11,,,1,70,,27458,11,,,1,30,,27460,11,,,1,70,,27466,11,,,1,30,,27462,11,,,1,70,,27465,11,,,1,30,,27461,11,,,1
20600,'10',740,,18923,11,,,1,70,,27477,11,,,1,30,,27486,11,,,1,70,,27470,11,,,1,30,,27482,11,,,1,70,,27488,11,,,1,30,,27491,11,,,1,70,,27492,11,,,1,30,,27474,11,,,1,70,,27473,11,,,1,30,,27484,11,,,1,70,,27479,11,,,1,30,,27472,11,,,1,70,,27468,11,,,1,30,,27480,11,,,1,70,,27489,11,,,1,30,,27485,11,,,1,70,,27476,11,,,1,30,,27475,11,,,1,70,,27481,11,,,1,30,,27478,11,,,1,70,,27487,11,,,1,30,,27471,11,,,1,70,,27483,11,,,1,30,,27490,11,,,1,70,,27469,11,,,1
20600,'11',740,,27493,11,,,1,70,,27515,11,,,1,30,,27512,11,,,1,70,,27506,11,,,1,30,,27495,11,,,1,70,,27504,11,,,1,30,,27507,11,,,1,70,,27518,11,,,1,30,,27496,11,,,1,70,,27498,11,,,1,30,,27508,11,,,1,70,,27509,11,,,1,30,,27502,11,,,1,70,,27511,11,,,1,30,,27510,11,,,1,70,,27497,11,,,1,30,,27494,11,,,1,70,,27513,11,,,1,30,,27500,11,,,1,70,,27516,11,,,1,30,,27503,11,,,1,70,,27514,11,,,1,30,,27505,11,,,1,70,,27501,11,,,1,30,,27499,11,,,1,70,,27517,11,,,1
20600,'2',1817,,27521,11,,,1,30,,27528,11,,,1,70,,27526,11,,,1,30,,27522,11,,,1,70,,27519,11,,,1,30,,27525,11,,,1,70,,27520,11,,,1,30,,27527,11,,,1,70,,27524,11,,,1,30,,27523,11,,,1
20600,'3',1817,,27532,11,,,1,30,,27530,11,,,1,70,,27533,11,,,1,30,,27535,11,,,1,70,,27531,11,,,1,30,,27537,11,,,1,70,,27536,11,,,1,30,,27529,11,,,1,70,,27534,11,,,1,30,,27538,11,,,1
20600,'4',1817,,27539,11,,,1,30,,27547,11,,,1,70,,27541,11,,,1,30,,27544,11,,,1,70,,27543,11,,,1,30,,27546,11,,,1,70,,27545,11,,,1,30,,27548,11,,,1,70,,27540,11,,,1,30,,27542,11,,,1
20600,'5',1817,,27550,11,,,1,30,,27555,11,,,1,70,,27558,11,,,1,30,,27549,11,,,1,70,,27551,11,,,1,30,,27556,11,,,1,70,,27554,11,,,1,30,,27552,11,,,1,70,,27557,11,,,1,30,,27553,11,,,1
20600,'6',740,,27575,11,,,1,70,,27571,11,,,1,30,,27579,11,,,1,70,,27584,11,,,1,30,,27562,11,,,1,70,,27578,11,,,1,30,,27566,11,,,1,70,,27570,11,,,1,30,,27563,11,,,1,70,,27559,11,,,1,30,,27582,11,,,1,70,,27560,11,,,1,30,,27567,11,,,1,70,,27577,11,,,1,30,,27561,11,,,1,70,,27583,11,,,1,30,,27574,11,,,1,70,,27573,11,,,1,30,,27564,11,,,1,70,,27581,11,,,1,30,,27572,11,,,1,70,,27565,11,,,1,30,,27569,11,,,1,70,,27568,11,,,1,30,,27580,11,,,1,70,,27576,11,,,1
20600,'7',1817,,27586,11,,,1,30,,27589,11,,,1,70,,27591,11,,,1,30,,27593,11,,,1,70,,27592,11,,,1,30,,27588,11,,,1,70,,27585,11,,,1,30,,27590,11,,,1,70,,27594,11,,,1,30,,27587,11,,,1
20600,'8',1817,,27601,11,,,1,30,,27596,11,,,1,70,,27600,11,,,1,30,,27595,11,,,1,70,,27604,11,,,1,30,,27598,11,,,1,70,,27603,11,,,1,30,,27599,11,,,1,70,,27602,11,,,1,30,,27597,11,,,1
20600,'9',1817,,27608,11,,,1,30,,27611,11,,,1,70,,27614,11,,,1,30,,27607,11,,,1,70,,27609,11,,,1,30,,27613,11,,,1,70,,27610,11,,,1,30,,27605,11,,,1,70,,27612,11,,,1,30,,27606,11,,,1
