10600,'1',646,,21619,16,,,1,100,,21625,16,,,1,70,,21632,16,,,1,30,,21627,16,,,1,70,,21621,16,,,1,30,,21626,16,,,1,100,,21629,16,,,1,100,,21631,16,,,1,100,,21618,16,,,1,100,,16062,16,,,1,100,,21633,16,,,1,70,,21620,16,,,1,30,,21623,16,,,1,70,,21622,16,,,1,23,,21630,16,,,1,77,,21628,16,,,1,23,,21624,16,,,1
10600,'2',646,,21646,16,,,1,100,,21649,16,,,1,70,,17440,16,,,1,30,,21643,16,,,1,70,,21645,16,,,1,30,,21634,16,,,1,100,,21638,16,,,1,100,,21647,16,,,1,100,,21636,16,,,1,100,,21642,16,,,1,100,,21637,16,,,1,70,,21641,16,,,1,30,,21635,16,,,1,70,,21644,16,,,1,23,,21648,16,,,1,77,,21639,16,,,1,23,,21640,16,,,1
10600,'3',646,,21666,16,,,1,100,,21664,16,,,1,70,,21655,16,,,1,30,,21661,16,,,1,70,,21656,16,,,1,30,,21653,16,,,1,100,,21651,16,,,1,100,,21665,16,,,1,100,,21663,16,,,1,100,,21657,16,,,1,100,,21654,16,,,1,70,,21662,16,,,1,30,,21650,16,,,1,70,,21658,16,,,1,23,,21659,16,,,1,77,,21660,16,,,1,23,,21652,16,,,1
10600,'4',646,,21682,16,,,1,100,,21676,16,,,1,70,,21674,16,,,1,30,,21681,16,,,1,70,,21675,16,,,1,30,,21680,16,,,1,100,,21671,16,,,1,100,,21678,16,,,1,100,,21673,16,,,1,100,,21668,16,,,1,100,,21667,16,,,1,70,,21683,16,,,1,30,,21670,16,,,1,70,,21679,16,,,1,23,,21669,16,,,1,77,,21677,16,,,1,23,,21672,16,,,1
10600,'5',646,,21697,16,,,1,100,,21693,16,,,1,70,,21684,16,,,1,30,,21696,16,,,1,70,,21686,16,,,1,30,,21690,16,,,1,100,,21692,16,,,1,100,,21685,16,,,1,100,,21691,16,,,1,100,,21699,16,,,1,100,,21694,16,,,1,70,,21698,16,,,1,30,,21695,16,,,1,70,,21700,16,,,1,23,,21688,16,,,1,77,,21689,16,,,1,23,,21687,16,,,1
10600,'7',646,,21713,16,,,1,100,,21716,16,,,1,70,,21703,16,,,1,30,,21705,16,,,1,70,,21702,16,,,1,30,,21701,16,,,1,100,,21708,16,,,1,100,,21710,16,,,1,100,,21706,16,,,1,100,,21717,16,,,1,100,,21712,16,,,1,70,,21704,16,,,1,30,,21715,16,,,1,70,,21714,16,,,1,23,,21707,16,,,1,77,,21711,16,,,1,23,,21709,16,,,1
10600,'8',646,,21727,16,,,1,100,,21721,16,,,1,70,,21723,16,,,1,30,,21730,16,,,1,70,,21734,16,,,1,30,,21729,16,,,1,100,,21726,16,,,1,100,,21718,16,,,1,100,,21732,16,,,1,100,,21720,16,,,1,100,,21725,16,,,1,70,,21731,16,,,1,30,,21722,16,,,1,70,,21724,16,,,1,23,,21728,16,,,1,77,,21719,16,,,1,23,,21733,16,,,1
10600,'9',646,,21739,16,,,1,100,,21749,16,,,1,70,,21746,16,,,1,30,,21751,16,,,1,70,,21743,16,,,1,30,,21737,16,,,1,100,,21750,16,,,1,100,,21744,16,,,1,100,,21745,16,,,1,100,,21740,16,,,1,100,,21742,16,,,1,70,,21736,16,,,1,30,,21748,16,,,1,70,,21747,16,,,1,23,,21738,16,,,1,77,,21741,16,,,1,23,,21735,16,,,1
10601,'1',610,,21756,22,,,1,100,,21766,22,,,1,30,,21752,22,,,1,70,,21767,22,,,1,30,,21760,22,,,1,70,,21758,22,,,1,100,,21755,22,,,1,100,,21757,22,,,1,100,,21764,22,,,1,100,,18489,22,,,1,100,,21759,22,,,1,30,,21765,22,,,1,70,,21763,22,,,1,30,,21753,22,,,1,70,,21770,22,,,1,30,,21769,22,,,1,70,,21761,22,,,1,30,,21762,22,,,1,70,,21768,22,,,1
10601,'2',610,,21775,22,,,1,100,,21776,22,,,1,30,,21790,22,,,1,70,,21780,22,,,1,30,,21788,22,,,1,70,,21784,22,,,1,100,,21782,22,,,1,100,,21787,22,,,1,100,,21786,22,,,1,100,,21771,22,,,1,100,,21779,22,,,1,30,,21773,22,,,1,70,,21772,22,,,1,30,,21785,22,,,1,70,,21777,22,,,1,30,,21781,22,,,1,70,,21783,22,,,1,30,,21789,22,,,1,70,,21774,22,,,1
10601,'3',610,,21802,22,,,1,100,,21803,22,,,1,30,,21799,22,,,1,70,,21797,22,,,1,30,,21795,22,,,1,70,,21798,22,,,1,100,,21793,22,,,1,100,,21808,22,,,1,100,,21805,22,,,1,100,,21810,22,,,1,100,,21792,22,,,1,30,,21807,22,,,1,70,,21800,22,,,1,30,,21791,22,,,1,70,,21794,22,,,1,30,,21806,22,,,1,70,,21796,22,,,1,30,,21809,22,,,1,70,,21801,22,,,1
10601,'4',610,,21812,22,,,1,100,,21818,22,,,1,30,,21822,22,,,1,70,,21820,22,,,1,30,,21828,22,,,1,70,,21830,22,,,1,100,,21815,22,,,1,100,,21821,22,,,1,100,,21814,22,,,1,100,,21816,22,,,1,100,,21826,22,,,1,30,,21825,22,,,1,70,,21823,22,,,1,30,,21813,22,,,1,70,,21829,22,,,1,30,,21824,22,,,1,70,,21811,22,,,1,30,,21817,22,,,1,70,,21827,22,,,1
10601,'5',610,,21840,22,,,1,100,,21834,22,,,1,30,,21835,22,,,1,70,,21833,22,,,1,30,,21838,22,,,1,70,,21843,22,,,1,100,,21845,22,,,1,100,,21839,22,,,1,100,,21848,22,,,1,100,,21842,22,,,1,100,,21832,22,,,1,30,,21846,22,,,1,70,,21844,22,,,1,30,,21837,22,,,1,70,,21841,22,,,1,30,,21850,22,,,1,70,,21831,22,,,1,30,,21836,22,,,1,70,,21847,22,,,1
10601,'7',610,,21851,22,,,1,100,,21868,22,,,1,30,,21853,22,,,1,70,,21865,22,,,1,30,,21863,22,,,1,70,,21857,22,,,1,100,,21867,22,,,1,100,,21861,22,,,1,100,,21866,22,,,1,100,,21860,22,,,1,100,,21856,22,,,1,30,,21854,22,,,1,70,,21859,22,,,1,30,,21862,22,,,1,70,,21855,22,,,1,30,,21870,22,,,1,70,,21858,22,,,1,30,,21869,22,,,1,70,,21852,22,,,1
10601,'8',610,,21882,22,,,1,100,,21875,22,,,1,30,,21888,22,,,1,70,,21877,22,,,1,30,,21879,22,,,1,70,,21881,22,,,1,100,,21886,22,,,1,100,,21885,22,,,1,100,,21874,22,,,1,100,,21889,22,,,1,100,,21880,22,,,1,30,,21872,22,,,1,70,,21883,22,,,1,30,,21878,22,,,1,70,,21884,22,,,1,30,,21887,22,,,1,70,,21876,22,,,1,30,,21873,22,,,1,70,,21871,22,,,1
10601,'9',610,,21902,22,,,1,100,,21895,22,,,1,30,,21903,22,,,1,70,,21893,22,,,1,30,,21904,22,,,1,70,,21910,22,,,1,100,,21900,22,,,1,100,,21897,22,,,1,100,,21898,22,,,1,100,,21909,22,,,1,100,,21896,22,,,1,30,,21899,22,,,1,70,,21907,22,,,1,30,,21908,22,,,1,70,,21905,22,,,1,30,,21894,22,,,1,70,,21891,22,,,1,30,,21892,22,,,1,70,,21906,22,,,1
20600,'1',1822,,27467,21,,,1,30,,27459,21,,,1,70,,27463,21,,,1,30,,27464,21,,,1,70,,27458,21,,,1,30,,27460,21,,,1,70,,27466,21,,,1,30,,27462,21,,,1,70,,27465,21,,,1,30,,27461,21,,,1
20600,'10',745,,18923,21,,,1,70,,27477,21,,,1,30,,27486,21,,,1,70,,27470,21,,,1,30,,27482,21,,,1,70,,27488,21,,,1,30,,27491,21,,,1,70,,27492,21,,,1,30,,27474,21,,,1,70,,27473,21,,,1,30,,27484,21,,,1,70,,27479,21,,,1,30,,27472,21,,,1,70,,27468,21,,,1,30,,27480,21,,,1,70,,27489,21,,,1,30,,27485,21,,,1,70,,27476,21,,,1,30,,27475,21,,,1,70,,27481,21,,,1,30,,27478,21,,,1,70,,27487,21,,,1,30,,27471,21,,,1,70,,27483,21,,,1,30,,27490,21,,,1,70,,27469,21,,,1
20600,'11',745,,27493,21,,,1,70,,27515,21,,,1,30,,27512,21,,,1,70,,27506,21,,,1,30,,27495,21,,,1,70,,27504,21,,,1,30,,27507,21,,,1,70,,27518,21,,,1,30,,27496,21,,,1,70,,27498,21,,,1,30,,27508,21,,,1,70,,27509,21,,,1,30,,27502,21,,,1,70,,27511,21,,,1,30,,27510,21,,,1,70,,27497,21,,,1,30,,27494,21,,,1,70,,27513,21,,,1,30,,27500,21,,,1,70,,27516,21,,,1,30,,27503,21,,,1,70,,27514,21,,,1,30,,27505,21,,,1,70,,27501,21,,,1,30,,27499,21,,,1,70,,27517,21,,,1
20600,'2',1822,,27521,21,,,1,30,,27528,21,,,1,70,,27526,21,,,1,30,,27522,21,,,1,70,,27519,21,,,1,30,,27525,21,,,1,70,,27520,21,,,1,30,,27527,21,,,1,70,,27524,21,,,1,30,,27523,21,,,1
20600,'3',1822,,27532,21,,,1,30,,27530,21,,,1,70,,27533,21,,,1,30,,27535,21,,,1,70,,27531,21,,,1,30,,27537,21,,,1,70,,27536,21,,,1,30,,27529,21,,,1,70,,27534,21,,,1,30,,27538,21,,,1
20600,'4',1822,,27539,21,,,1,30,,27547,21,,,1,70,,27541,21,,,1,30,,27544,21,,,1,70,,27543,21,,,1,30,,27546,21,,,1,70,,27545,21,,,1,30,,27548,21,,,1,70,,27540,21,,,1,30,,27542,21,,,1
20600,'5',1822,,27550,21,,,1,30,,27555,21,,,1,70,,27558,21,,,1,30,,27549,21,,,1,70,,27551,21,,,1,30,,27556,21,,,1,70,,27554,21,,,1,30,,27552,21,,,1,70,,27557,21,,,1,30,,27553,21,,,1
20600,'6',745,,27575,21,,,1,70,,27571,21,,,1,30,,27579,21,,,1,70,,27584,21,,,1,30,,27562,21,,,1,70,,27578,21,,,1,30,,27566,21,,,1,70,,27570,21,,,1,30,,27563,21,,,1,70,,27559,21,,,1,30,,27582,21,,,1,70,,27560,21,,,1,30,,27567,21,,,1,70,,27577,21,,,1,30,,27561,21,,,1,70,,27583,21,,,1,30,,27574,21,,,1,70,,27573,21,,,1,30,,27564,21,,,1,70,,27581,21,,,1,30,,27572,21,,,1,70,,27565,21,,,1,30,,27569,21,,,1,70,,27568,21,,,1,30,,27580,21,,,1,70,,27576,21,,,1
20600,'7',1822,,27586,21,,,1,30,,27589,21,,,1,70,,27591,21,,,1,30,,27593,21,,,1,70,,27592,21,,,1,30,,27588,21,,,1,70,,27585,21,,,1,30,,27590,21,,,1,70,,27594,21,,,1,30,,27587,21,,,1
20600,'8',1822,,27601,21,,,1,30,,27596,21,,,1,70,,27600,21,,,1,30,,27595,21,,,1,70,,27604,21,,,1,30,,27598,21,,,1,70,,27603,21,,,1,30,,27599,21,,,1,70,,27602,21,,,1,30,,27597,21,,,1
20600,'9',1822,,27608,21,,,1,30,,27611,21,,,1,70,,27614,21,,,1,30,,27607,21,,,1,70,,27609,21,,,1,30,,27613,21,,,1,70,,27610,21,,,1,30,,27605,21,,,1,70,,27612,21,,,1,30,,27606,21,,,1
20601,'1',1845,,27627,12,,,1,70,,27616,12,,,1,30,,27620,12,,,1,70,,27617,12,,,1,30,,27619,12,,,1,70,,27618,12,,,1,30,,27632,12,,,1,70,,27634,12,,,1,30,,27621,12,,,1,70,,27622,12,,,1
20601,'10',712,,27674,12,,,1,30,,16663,12,,,1,70,,27664,12,,,1,30,,27670,12,,,1,70,,27659,12,,,1,30,,27678,12,,,1,70,,27666,12,,,1,30,,27667,12,,,1,70,,27683,12,,,1,30,,27648,12,,,1,70,,27655,12,,,1,30,,27677,12,,,1,70,,27662,12,,,1,30,,27658,12,,,1,70,,27669,12,,,1,30,,27637,12,,,1,70,,27685,12,,,1,30,,27660,12,,,1,70,,27649,12,,,1,30,,27641,12,,,1,70,,27686,12,,,1,30,,27676,12,,,1,70,,27645,12,,,1,30,,27663,12,,,1,72,,27643,12,,,1,28,,27654,12,,,1,70,,27687,12,,,1,30,,27652,12,,,1
20601,'11',712,,27696,12,,,1,30,,27718,12,,,1,70,,27710,12,,,1,30,,27720,12,,,1,70,,27716,12,,,1,30,,27693,12,,,1,70,,27730,12,,,1,30,,27731,12,,,1,70,,27715,12,,,1,30,,27721,12,,,1,70,,27708,12,,,1,30,,27728,12,,,1,70,,27738,12,,,1,30,,27691,12,,,1,70,,27722,12,,,1,30,,27697,12,,,1,70,,27689,12,,,1,30,,27732,12,,,1,70,,27706,12,,,1,30,,27740,12,,,1,70,,27734,12,,,1,30,,27703,12,,,1,70,,27714,12,,,1,30,,27700,12,,,1,72,,27724,12,,,1,28,,27726,12,,,1,70,,27702,12,,,1,30,,27733,12,,,1
20601,'2',1845,,27746,12,,,1,70,,27750,12,,,1,30,,27752,12,,,1,70,,27753,12,,,1,30,,27763,12,,,1,70,,27755,12,,,1,30,,27761,12,,,1,70,,27758,12,,,1,30,,27745,12,,,1,70,,27748,12,,,1
20601,'3',1845,,27766,12,,,1,70,,27783,12,,,1,30,,27776,12,,,1,70,,27779,12,,,1,30,,27765,12,,,1,70,,27768,12,,,1,30,,27771,12,,,1,70,,27778,12,,,1,30,,27773,12,,,1,70,,27770,12,,,1
20601,'4',1845,,27791,12,,,1,70,,27795,12,,,1,30,,27789,12,,,1,70,,27793,12,,,1,30,,27796,12,,,1,70,,27803,12,,,1,30,,27785,12,,,1,70,,27799,12,,,1,30,,27794,12,,,1,70,,27788,12,,,1
20601,'5',1845,,27808,12,,,1,70,,27820,12,,,1,30,,27816,12,,,1,70,,27804,12,,,1,30,,27822,12,,,1,70,,27815,12,,,1,30,,27810,12,,,1,70,,27812,12,,,1,30,,27819,12,,,1,70,,27814,12,,,1
20601,'6',712,,27854,12,,,1,30,,27858,12,,,1,70,,27855,12,,,1,30,,27838,12,,,1,70,,27824,12,,,1,30,,27843,12,,,1,70,,27875,12,,,1,30,,27850,12,,,1,70,,27851,12,,,1,30,,27833,12,,,1,70,,27866,12,,,1,30,,27841,12,,,1,70,,27870,12,,,1,30,,27849,12,,,1,70,,27846,12,,,1,30,,27836,12,,,1,70,,27852,12,,,1,30,,27848,12,,,1,70,,27845,12,,,1,30,,27859,12,,,1,70,,27830,12,,,1,30,,27840,12,,,1,70,,27861,12,,,1,30,,27832,12,,,1,72,,27877,12,,,1,28,,27826,12,,,1,70,,27864,12,,,1,30,,27853,12,,,1
20601,'7',1845,,27881,12,,,1,70,,27884,12,,,1,30,,27889,12,,,1,70,,27892,12,,,1,30,,27894,12,,,1,70,,27883,12,,,1,30,,27880,12,,,1,70,,27891,12,,,1,30,,27887,12,,,1,70,,27899,12,,,1
20601,'8',1845,,27912,12,,,1,70,,27916,12,,,1,30,,27910,12,,,1,70,,27904,12,,,1,30,,27914,12,,,1,70,,27919,12,,,1,30,,27908,12,,,1,70,,27911,12,,,1,30,,27915,12,,,1,70,,27903,12,,,1
20601,'9',1845,,27929,12,,,1,70,,27932,12,,,1,30,,27922,12,,,1,70,,27938,12,,,1,30,,27927,12,,,1,70,,27924,12,,,1,30,,27926,12,,,1,70,,27933,12,,,1,30,,27934,12,,,1,70,,27921,12,,,1
