10100,'1',708,,19742,16,,,1,30,,19743,16,,,1,70,,19746,16,,,1,30,,19744,16,,,1,70,,19757,16,,,1,30,,19748,16,,,1,70,,19756,16,,,1,100,,19758,16,,,1,100,,19751,16,,,1,100,,19749,16,,,1,100,,19750,16,,,1,100,,19745,16,,,1,30,,19755,16,,,1,70,,19753,16,,,1,30,,19759,16,,,1,70,,19747,16,,,1,30,,19754,16,,,1,70,,19752,16,,,1
10100,'2',708,,19776,16,,,1,30,,19773,16,,,1,70,,19772,16,,,1,30,,19767,16,,,1,70,,19766,16,,,1,30,,19760,16,,,1,70,,19768,16,,,1,100,,19761,16,,,1,100,,19774,16,,,1,100,,19762,16,,,1,100,,19763,16,,,1,100,,19777,16,,,1,30,,19765,16,,,1,70,,19771,16,,,1,30,,19769,16,,,1,70,,19764,16,,,1,30,,19775,16,,,1,70,,19770,16,,,1
10100,'3',708,,19793,16,,,1,30,,19780,16,,,1,70,,19785,16,,,1,30,,19783,16,,,1,70,,19789,16,,,1,30,,19788,16,,,1,70,,19795,16,,,1,100,,19792,16,,,1,100,,19778,16,,,1,100,,19781,16,,,1,100,,19784,16,,,1,100,,19787,16,,,1,30,,19794,16,,,1,70,,19779,16,,,1,30,,19791,16,,,1,70,,19782,16,,,1,30,,19790,16,,,1,70,,19786,16,,,1
10100,'4',708,,19808,16,,,1,30,,19807,16,,,1,70,,19812,16,,,1,30,,19799,16,,,1,70,,19805,16,,,1,30,,19797,16,,,1,70,,19803,16,,,1,100,,19800,16,,,1,100,,19810,16,,,1,100,,19806,16,,,1,100,,19798,16,,,1,100,,19813,16,,,1,30,,19802,16,,,1,70,,19796,16,,,1,30,,19809,16,,,1,70,,19801,16,,,1,30,,19804,16,,,1,70,,19811,16,,,1
10100,'5',708,,19815,16,,,1,30,,19831,16,,,1,70,,19816,16,,,1,30,,19825,16,,,1,70,,19827,16,,,1,30,,19828,16,,,1,70,,19824,16,,,1,100,,19818,16,,,1,100,,19826,16,,,1,100,,19817,16,,,1,100,,19820,16,,,1,100,,19822,16,,,1,30,,19830,16,,,1,70,,19819,16,,,1,30,,19823,16,,,1,70,,19814,16,,,1,30,,19829,16,,,1,70,,19821,16,,,1
10100,'7',708,,19832,16,,,1,30,,19845,16,,,1,70,,19843,16,,,1,30,,19839,16,,,1,70,,19841,16,,,1,30,,19836,16,,,1,70,,19833,16,,,1,100,,19847,16,,,1,100,,19834,16,,,1,100,,19849,16,,,1,100,,19842,16,,,1,100,,19844,16,,,1,30,,19848,16,,,1,70,,19837,16,,,1,30,,19835,16,,,1,70,,19840,16,,,1,30,,19838,16,,,1,70,,19846,16,,,1
10100,'8',708,,19862,16,,,1,30,,19851,16,,,1,70,,19852,16,,,1,30,,19866,16,,,1,70,,19864,16,,,1,30,,19860,16,,,1,70,,19850,16,,,1,100,,19867,16,,,1,100,,19856,16,,,1,100,,19858,16,,,1,100,,19859,16,,,1,100,,19853,16,,,1,30,,19855,16,,,1,70,,19863,16,,,1,30,,19854,16,,,1,70,,19861,16,,,1,30,,19865,16,,,1,70,,19857,16,,,1
10100,'9',708,,19875,16,,,1,30,,19870,16,,,1,70,,19878,16,,,1,30,,19877,16,,,1,70,,19868,16,,,1,30,,19876,16,,,1,70,,19884,16,,,1,100,,19881,16,,,1,100,,19883,16,,,1,100,,19879,16,,,1,100,,19871,16,,,1,100,,19872,16,,,1,30,,19882,16,,,1,70,,19880,16,,,1,30,,19873,16,,,1,70,,19874,16,,,1,30,,19885,16,,,1,70,,19869,16,,,1
11100,'1',606,,23841,11,,,1,30,,23848,11,,,1,70,,23853,11,,,1,30,,23835,11,,,1,70,,23840,11,,,1,30,,23845,11,,,1,70,,23843,11,,,1,30,,23838,11,,,1,70,,23831,11,,,1,30,,23839,11,,,1,70,,23850,11,,,1,30,,23851,11,,,1,70,,23844,11,,,1,30,,23834,11,,,1,70,,23847,11,,,1,30,,23832,11,,,1,70,,23836,11,,,1,30,,18733,11,,,1,70,,23852,11,,,1,30,,23837,11,,,1,70,,18504,11,,,1,30,,23849,11,,,1,70,,23842,11,,,1,30,,23833,11,,,1,70,,23830,11,,,1,30,,23846,11,,,1
11100,'2',606,,16031,11,,,1,30,,23858,11,,,1,70,,23873,11,,,1,30,,23856,11,,,1,70,,23862,11,,,1,30,,23877,11,,,1,70,,23874,11,,,1,30,,23864,11,,,1,70,,23875,11,,,1,30,,23870,11,,,1,70,,23868,11,,,1,30,,23865,11,,,1,70,,23869,11,,,1,30,,23857,11,,,1,70,,23860,11,,,1,30,,23855,11,,,1,70,,23872,11,,,1,30,,23867,11,,,1,70,,23854,11,,,1,30,,23859,11,,,1,70,,23863,11,,,1,30,,23876,11,,,1,70,,18688,11,,,1,30,,23866,11,,,1,70,,23871,11,,,1,30,,23861,11,,,1
11100,'3',606,,23903,11,,,1,30,,23881,11,,,1,70,,23899,11,,,1,30,,23879,11,,,1,70,,23900,11,,,1,30,,23902,11,,,1,70,,23901,11,,,1,30,,23896,11,,,1,70,,23887,11,,,1,30,,23897,11,,,1,70,,23891,11,,,1,30,,23885,11,,,1,70,,23878,11,,,1,30,,23888,11,,,1,70,,23893,11,,,1,30,,23882,11,,,1,70,,23892,11,,,1,30,,23889,11,,,1,70,,23880,11,,,1,30,,23884,11,,,1,70,,23883,11,,,1,30,,23895,11,,,1,70,,23890,11,,,1,30,,23894,11,,,1,70,,23898,11,,,1,30,,23886,11,,,1
11100,'4',606,,23918,11,,,1,30,,23911,11,,,1,70,,23915,11,,,1,30,,23906,11,,,1,70,,23929,11,,,1,30,,23919,11,,,1,70,,23912,11,,,1,30,,23917,11,,,1,70,,23910,11,,,1,30,,23925,11,,,1,70,,23907,11,,,1,30,,23924,11,,,1,70,,23909,11,,,1,30,,23927,11,,,1,70,,23926,11,,,1,30,,23908,11,,,1,70,,23905,11,,,1,30,,23904,11,,,1,70,,23913,11,,,1,30,,23916,11,,,1,70,,23923,11,,,1,30,,23920,11,,,1,70,,23921,11,,,1,30,,23914,11,,,1,70,,23928,11,,,1,30,,23922,11,,,1
11100,'5',606,,23945,11,,,1,30,,23950,11,,,1,70,,23931,11,,,1,30,,23938,11,,,1,70,,23939,11,,,1,30,,23953,11,,,1,70,,23951,11,,,1,30,,23946,11,,,1,70,,23948,11,,,1,30,,23935,11,,,1,70,,23942,11,,,1,30,,23940,11,,,1,70,,23954,11,,,1,30,,23944,11,,,1,70,,23934,11,,,1,30,,23947,11,,,1,70,,23943,11,,,1,30,,23952,11,,,1,70,,23949,11,,,1,30,,23955,11,,,1,70,,23930,11,,,1,30,,23932,11,,,1,70,,23936,11,,,1,30,,23941,11,,,1,70,,23937,11,,,1,30,,23933,11,,,1
11100,'7',606,,23964,11,,,1,30,,23981,11,,,1,70,,23965,11,,,1,30,,23971,11,,,1,70,,23960,11,,,1,30,,23967,11,,,1,70,,23961,11,,,1,30,,23958,11,,,1,70,,23956,11,,,1,30,,23969,11,,,1,70,,23962,11,,,1,30,,23980,11,,,1,70,,23977,11,,,1,30,,23959,11,,,1,70,,23974,11,,,1,30,,23973,11,,,1,70,,23979,11,,,1,30,,23978,11,,,1,70,,23966,11,,,1,30,,23970,11,,,1,70,,23972,11,,,1,30,,23975,11,,,1,70,,23968,11,,,1,30,,23976,11,,,1,70,,23963,11,,,1,30,,23957,11,,,1
11100,'8',606,,23997,11,,,1,30,,23996,11,,,1,70,,23995,11,,,1,30,,23988,11,,,1,70,,23993,11,,,1,30,,23983,11,,,1,70,,23992,11,,,1,30,,24004,11,,,1,70,,24003,11,,,1,30,,23984,11,,,1,70,,24006,11,,,1,30,,23994,11,,,1,70,,24007,11,,,1,30,,24002,11,,,1,70,,24005,11,,,1,30,,23998,11,,,1,70,,23985,11,,,1,30,,24001,11,,,1,70,,23990,11,,,1,30,,23987,11,,,1,70,,23999,11,,,1,30,,24000,11,,,1,70,,23982,11,,,1,30,,23989,11,,,1,70,,23991,11,,,1,30,,23986,11,,,1
11100,'9',606,,24019,11,,,1,30,,24018,11,,,1,70,,24014,11,,,1,30,,24022,11,,,1,70,,24027,11,,,1,30,,24033,11,,,1,70,,24016,11,,,1,30,,24020,11,,,1,70,,24015,11,,,1,30,,24017,11,,,1,70,,24013,11,,,1,30,,24026,11,,,1,70,,24023,11,,,1,30,,24011,11,,,1,70,,24021,11,,,1,30,,24012,11,,,1,70,,24030,11,,,1,30,,24008,11,,,1,70,,24009,11,,,1,30,,24024,11,,,1,70,,24032,11,,,1,30,,24029,11,,,1,70,,24031,11,,,1,30,,24010,11,,,1,70,,24028,11,,,1,30,,24025,11,,,1
20300,'1',1906,,26519,12,,,1,30,,26514,12,,,1,70,,26516,12,,,1,30,,19313,12,,,1,70,,26513,12,,,1,30,,26517,12,,,1,70,,26515,12,,,1,30,,26512,12,,,1,70,,26518,12,,,1
20300,'10',736,,26525,12,,,1,70,,26536,12,,,1,30,,26521,12,,,1,70,,26546,12,,,1,30,,26545,12,,,1,70,,26529,12,,,1,30,,26544,12,,,1,70,,26526,12,,,1,30,,26530,12,,,1,70,,26531,12,,,1,30,,26528,12,,,1,70,,26537,12,,,1,30,,26523,12,,,1,70,,26527,12,,,1,30,,26520,12,,,1,70,,26542,12,,,1,30,,26524,12,,,1,70,,26533,12,,,1,30,,26540,12,,,1,70,,26522,12,,,1,30,,26538,12,,,1,70,,26532,12,,,1,30,,26543,12,,,1,70,,26534,12,,,1,30,,26535,12,,,1,70,,26541,12,,,1,30,,26539,12,,,1
20300,'11',736,,26571,12,,,1,70,,26558,12,,,1,30,,26572,12,,,1,70,,26553,12,,,1,30,,26573,12,,,1,70,,26547,12,,,1,30,,26561,12,,,1,70,,26560,12,,,1,30,,26569,12,,,1,70,,26549,12,,,1,30,,26566,12,,,1,70,,26554,12,,,1,30,,26550,12,,,1,70,,26551,12,,,1,30,,26556,12,,,1,70,,26548,12,,,1,30,,26564,12,,,1,70,,26563,12,,,1,30,,26559,12,,,1,70,,26555,12,,,1,30,,26562,12,,,1,70,,26552,12,,,1,30,,26557,12,,,1,70,,26567,12,,,1,30,,26565,12,,,1,70,,26570,12,,,1,30,,26568,12,,,1
20300,'2',1906,,26581,12,,,1,30,,26575,12,,,1,70,,26580,12,,,1,30,,26578,12,,,1,70,,26582,12,,,1,30,,26579,12,,,1,70,,26576,12,,,1,30,,26574,12,,,1,70,,26577,12,,,1
20300,'3',1906,,26585,12,,,1,30,,26589,12,,,1,70,,26586,12,,,1,30,,26590,12,,,1,70,,26583,12,,,1,30,,26591,12,,,1,70,,26584,12,,,1,30,,26587,12,,,1,70,,26588,12,,,1
20300,'4',1906,,26598,12,,,1,30,,26592,12,,,1,70,,26594,12,,,1,30,,26595,12,,,1,70,,26599,12,,,1,30,,26597,12,,,1,70,,26600,12,,,1,30,,26596,12,,,1,70,,26593,12,,,1
20300,'5',1906,,26607,12,,,1,30,,26601,12,,,1,70,,26606,12,,,1,30,,26604,12,,,1,70,,26609,12,,,1,30,,26605,12,,,1,70,,26602,12,,,1,30,,26603,12,,,1,70,,26608,12,,,1
20300,'6',736,,26622,12,,,1,70,,26636,12,,,1,30,,26628,12,,,1,70,,26621,12,,,1,30,,26616,12,,,1,70,,26618,12,,,1,30,,26619,12,,,1,70,,26624,12,,,1,30,,26611,12,,,1,70,,26625,12,,,1,30,,26617,12,,,1,70,,26633,12,,,1,30,,26614,12,,,1,70,,26610,12,,,1,30,,26630,12,,,1,70,,26612,12,,,1,30,,26634,12,,,1,70,,26623,12,,,1,30,,26627,12,,,1,70,,26615,12,,,1,30,,26631,12,,,1,70,,26635,12,,,1,30,,26620,12,,,1,70,,26626,12,,,1,30,,26632,12,,,1,70,,26629,12,,,1,30,,26613,12,,,1
20300,'7',1906,,26637,12,,,1,30,,26643,12,,,1,70,,26638,12,,,1,30,,26644,12,,,1,70,,26640,12,,,1,30,,26641,12,,,1,70,,26645,12,,,1,30,,26642,12,,,1,70,,26639,12,,,1
20300,'8',1906,,26650,12,,,1,30,,26652,12,,,1,70,,26649,12,,,1,30,,26654,12,,,1,70,,26646,12,,,1,30,,26648,12,,,1,70,,26651,12,,,1,30,,26647,12,,,1,70,,26653,12,,,1
20300,'9',1906,,26656,12,,,1,30,,26657,12,,,1,70,,26658,12,,,1,30,,26663,12,,,1,70,,26661,12,,,1,30,,26655,12,,,1,70,,26659,12,,,1,30,,26662,12,,,1,70,,26660,12,,,1
21100,'1',1906,,28653,11,,,1,30,,28657,11,,,1,70,,28658,11,,,1,30,,18236,11,,,1,70,,28652,11,,,1,30,,28651,11,,,1,70,,28656,11,,,1,30,,28655,11,,,1,70,,28654,11,,,1
21100,'10',736,,28668,11,,,1,70,,28660,11,,,1,30,,28665,11,,,1,70,,28680,11,,,1,30,,28671,11,,,1,70,,28669,11,,,1,30,,28672,11,,,1,70,,19674,11,,,1,30,,28679,11,,,1,70,,28682,11,,,1,30,,28664,11,,,1,70,,28674,11,,,1,30,,28661,11,,,1,70,,28662,11,,,1,30,,28676,11,,,1,70,,28675,11,,,1,30,,28681,11,,,1,70,,28673,11,,,1,30,,28670,11,,,1,70,,28667,11,,,1,30,,28677,11,,,1,70,,28683,11,,,1,30,,19537,11,,,1,70,,28659,11,,,1,30,,28663,11,,,1,70,,28666,11,,,1,30,,28678,11,,,1
21100,'11',736,,28685,11,,,1,70,,28698,11,,,1,30,,28696,11,,,1,70,,28703,11,,,1,30,,28707,11,,,1,70,,28693,11,,,1,30,,28697,11,,,1,70,,28686,11,,,1,30,,28691,11,,,1,70,,28709,11,,,1,30,,28702,11,,,1,70,,28689,11,,,1,30,,28694,11,,,1,70,,28688,11,,,1,30,,28700,11,,,1,70,,28684,11,,,1,30,,28687,11,,,1,70,,28701,11,,,1,30,,28695,11,,,1,70,,28690,11,,,1,30,,28710,11,,,1,70,,28699,11,,,1,30,,28706,11,,,1,70,,28704,11,,,1,30,,28705,11,,,1,70,,28708,11,,,1,30,,28692,11,,,1
21100,'2',1906,,28716,11,,,1,30,,28718,11,,,1,70,,28719,11,,,1,30,,28711,11,,,1,70,,28712,11,,,1,30,,28715,11,,,1,70,,28717,11,,,1,30,,28714,11,,,1,70,,28713,11,,,1
21100,'3',1906,,28727,11,,,1,30,,28728,11,,,1,70,,28721,11,,,1,30,,28724,11,,,1,70,,28723,11,,,1,30,,28725,11,,,1,70,,28720,11,,,1,30,,28726,11,,,1,70,,28722,11,,,1
21100,'4',1906,,28729,11,,,1,30,,28731,11,,,1,70,,28732,11,,,1,30,,28734,11,,,1,70,,28730,11,,,1,30,,28733,11,,,1,70,,28736,11,,,1,30,,28735,11,,,1,70,,28737,11,,,1
21100,'5',1906,,28742,11,,,1,30,,28739,11,,,1,70,,28745,11,,,1,30,,28740,11,,,1,70,,28744,11,,,1,30,,28738,11,,,1,70,,28741,11,,,1,30,,28743,11,,,1,70,,28746,11,,,1
21100,'6',736,,28772,11,,,1,70,,28760,11,,,1,30,,28753,11,,,1,70,,28769,11,,,1,30,,28762,11,,,1,70,,28767,11,,,1,30,,28757,11,,,1,70,,28768,11,,,1,30,,28750,11,,,1,70,,28765,11,,,1,30,,28761,11,,,1,70,,28771,11,,,1,30,,28763,11,,,1,70,,28770,11,,,1,30,,28756,11,,,1,70,,28755,11,,,1,30,,28749,11,,,1,70,,28752,11,,,1,30,,28759,11,,,1,70,,28764,11,,,1,30,,28766,11,,,1,70,,28773,11,,,1,30,,28758,11,,,1,70,,28748,11,,,1,30,,28754,11,,,1,70,,28751,11,,,1,30,,28747,11,,,1
21100,'7',1906,,28777,11,,,1,30,,28782,11,,,1,70,,28780,11,,,1,30,,28779,11,,,1,70,,28775,11,,,1,30,,28774,11,,,1,70,,28778,11,,,1,30,,28776,11,,,1,70,,28781,11,,,1
21100,'8',1906,,28786,11,,,1,30,,28787,11,,,1,70,,28790,11,,,1,30,,28789,11,,,1,70,,28788,11,,,1,30,,28791,11,,,1,70,,28784,11,,,1,30,,28783,11,,,1,70,,28785,11,,,1
21100,'9',1906,,28792,11,,,1,30,,28796,11,,,1,70,,28795,11,,,1,30,,28798,11,,,1,70,,28799,11,,,1,30,,28794,11,,,1,70,,28800,11,,,1,30,,28797,11,,,1,70,,28793,11,,,1
