11400,'1',634,,25131,9,,,1,100,,25128,9,,,1,100,,25135,9,,,1,100,,25134,9,,,1,100,,25132,9,,,1,100,,25125,9,,,1,100,,25127,9,,,1,100,,25133,9,,,1,100,,25126,9,,,1,100,,25129,9,,,1,100,,25130,9,,,1,100,,17882,9,,,1
11400,'2',634,,25139,9,,,1,100,,25138,9,,,1,100,,25140,9,,,1,100,,25142,9,,,1,100,,18115,9,,,1,100,,25144,9,,,1,100,,25137,9,,,1,100,,25136,9,,,1,100,,25146,9,,,1,100,,25141,9,,,1,100,,25143,9,,,1,100,,25145,9,,,1
11400,'3',634,,25147,9,,,1,100,,25154,9,,,1,100,,25158,9,,,1,100,,25149,9,,,1,100,,25153,9,,,1,100,,25152,9,,,1,100,,25157,9,,,1,100,,25156,9,,,1,100,,25148,9,,,1,100,,25155,9,,,1,100,,25151,9,,,1,100,,25150,9,,,1
11400,'4',634,,25165,9,,,1,100,,25160,9,,,1,100,,25166,9,,,1,100,,25169,9,,,1,100,,25168,9,,,1,100,,25161,9,,,1,100,,25162,9,,,1,100,,25159,9,,,1,100,,25167,9,,,1,100,,25164,9,,,1,100,,25170,9,,,1,100,,25163,9,,,1
11400,'5',634,,25174,9,,,1,100,,25175,9,,,1,100,,25180,9,,,1,100,,25172,9,,,1,100,,25176,9,,,1,100,,25177,9,,,1,100,,25182,9,,,1,100,,25179,9,,,1,100,,25171,9,,,1,100,,25173,9,,,1,100,,25178,9,,,1,100,,25181,9,,,1
11400,'7',634,,25193,9,,,1,100,,25190,9,,,1,100,,25189,9,,,1,100,,25184,9,,,1,100,,25183,9,,,1,100,,25188,9,,,1,100,,25192,9,,,1,100,,25186,9,,,1,100,,25185,9,,,1,100,,25194,9,,,1,100,,25187,9,,,1,100,,25191,9,,,1
11400,'8',634,,25202,9,,,1,100,,25201,9,,,1,100,,25199,9,,,1,100,,25206,9,,,1,100,,25197,9,,,1,100,,25196,9,,,1,100,,25205,9,,,1,100,,25203,9,,,1,100,,25195,9,,,1,100,,25198,9,,,1,100,,25200,9,,,1,100,,25204,9,,,1
11400,'9',634,,25213,9,,,1,100,,25218,9,,,1,100,,25208,9,,,1,100,,25217,9,,,1,100,,25211,9,,,1,100,,25214,9,,,1,100,,25215,9,,,1,100,,25212,9,,,1,100,,25207,9,,,1,100,,25216,9,,,1,100,,25210,9,,,1,100,,25209,9,,,1
21400,'1',1834,,29235,9,,,1,100,,29236,9,,,1,100,,29234,9,,,1,100,,29232,9,,,1,100,,29233,9,,,1
21400,'10',734,,29238,9,,,1,100,,29244,9,,,1,100,,29245,9,,,1,100,,29240,9,,,1,100,,29246,9,,,1,100,,29243,9,,,1,100,,29241,9,,,1,100,,29249,9,,,1,100,,29237,9,,,1,100,,29239,9,,,1,100,,29242,9,,,1,100,,29248,9,,,1,100,,29247,9,,,1
21400,'11',734,,29262,9,,,1,100,,29251,9,,,1,100,,29259,9,,,1,100,,29252,9,,,1,100,,29256,9,,,1,100,,29254,9,,,1,100,,29260,9,,,1,100,,29253,9,,,1,100,,29261,9,,,1,100,,29255,9,,,1,100,,29258,9,,,1,100,,29257,9,,,1,100,,29250,9,,,1
21400,'2',1834,,29263,9,,,1,100,,29264,9,,,1,100,,29266,9,,,1,100,,29267,9,,,1,100,,29265,9,,,1
21400,'3',1834,,29268,9,,,1,100,,29272,9,,,1,100,,29269,9,,,1,100,,29271,9,,,1,100,,29270,9,,,1
21400,'4',1834,,29277,9,,,1,100,,29273,9,,,1,100,,29276,9,,,1,100,,29274,9,,,1,100,,29275,9,,,1
21400,'5',1834,,29280,9,,,1,100,,29282,9,,,1,100,,29278,9,,,1,100,,29279,9,,,1,100,,29281,9,,,1
21400,'6',734,,29294,9,,,1,100,,29288,9,,,1,100,,29292,9,,,1,100,,29287,9,,,1,100,,29295,9,,,1,100,,29283,9,,,1,100,,29293,9,,,1,100,,29289,9,,,1,100,,29285,9,,,1,100,,29291,9,,,1,100,,29284,9,,,1,100,,29286,9,,,1,100,,29290,9,,,1
21400,'7',1834,,29296,9,,,1,100,,29297,9,,,1,100,,29300,9,,,1,100,,29298,9,,,1,100,,29299,9,,,1
21400,'8',1834,,29305,9,,,1,100,,29304,9,,,1,100,,29301,9,,,1,100,,29302,9,,,1,100,,29303,9,,,1
21400,'9',1834,,29308,9,,,1,100,,29309,9,,,1,100,,29310,9,,,1,100,,29307,9,,,1,100,,29306,9,,,1
