11401,'1',638,,25223,5,,,1,100,,25228,5,,,1,100,,25220,5,,,1,100,,25219,5,,,1,100,,25230,5,,,1,100,,25227,5,,,1,100,,25226,5,,,1,100,,25225,5,,,1,100,,25229,5,,,1,100,,25222,5,,,1,100,,25224,5,,,1,100,,25221,5,,,1
11401,'2',638,,25242,5,,,1,100,,25234,5,,,1,100,,25240,5,,,1,100,,25232,5,,,1,100,,25238,5,,,1,100,,25239,5,,,1,100,,25233,5,,,1,100,,25236,5,,,1,100,,25231,5,,,1,100,,25235,5,,,1,100,,25237,5,,,1,100,,25241,5,,,1
11401,'3',638,,25245,5,,,1,100,,25247,5,,,1,100,,25243,5,,,1,100,,25248,5,,,1,100,,25251,5,,,1,100,,25254,5,,,1,100,,25250,5,,,1,100,,25252,5,,,1,100,,25253,5,,,1,100,,25244,5,,,1,100,,25246,5,,,1,100,,25249,5,,,1
11401,'4',638,,25256,5,,,1,100,,25257,5,,,1,100,,25261,5,,,1,100,,25258,5,,,1,100,,25255,5,,,1,100,,25263,5,,,1,100,,25264,5,,,1,100,,25262,5,,,1,100,,25260,5,,,1,100,,25265,5,,,1,100,,25259,5,,,1,100,,25266,5,,,1
11401,'5',638,,25270,5,,,1,100,,25273,5,,,1,100,,25271,5,,,1,100,,25275,5,,,1,100,,25277,5,,,1,100,,25272,5,,,1,100,,25274,5,,,1,100,,25268,5,,,1,100,,25278,5,,,1,100,,25267,5,,,1,100,,25276,5,,,1,100,,25269,5,,,1
11401,'7',638,,25280,5,,,1,100,,25283,5,,,1,100,,25286,5,,,1,100,,25290,5,,,1,100,,25289,5,,,1,100,,25287,5,,,1,100,,25282,5,,,1,100,,25285,5,,,1,100,,25281,5,,,1,100,,25279,5,,,1,100,,25288,5,,,1,100,,25284,5,,,1
11401,'8',638,,25299,5,,,1,100,,25298,5,,,1,100,,25301,5,,,1,100,,25292,5,,,1,100,,25295,5,,,1,100,,25294,5,,,1,100,,25302,5,,,1,100,,25300,5,,,1,100,,25291,5,,,1,100,,25296,5,,,1,100,,25297,5,,,1,100,,25293,5,,,1
11401,'9',638,,25312,5,,,1,100,,25308,5,,,1,100,,25305,5,,,1,100,,25314,5,,,1,100,,25310,5,,,1,100,,25307,5,,,1,100,,25304,5,,,1,100,,25306,5,,,1,100,,25309,5,,,1,100,,25311,5,,,1,100,,25303,5,,,1,100,,25313,5,,,1
21401,'1',1842,,29314,16,,,1,100,,29315,16,,,1,100,,29313,16,,,1,100,,29312,16,,,1,100,,29311,16,,,1
21401,'10',742,,29324,16,,,1,100,,29323,16,,,1,100,,29327,16,,,1,100,,29322,16,,,1,100,,29325,16,,,1,100,,29316,16,,,1,100,,29326,16,,,1,100,,29319,16,,,1,100,,29320,16,,,1,100,,17231,16,,,1,100,,29317,16,,,1,100,,29318,16,,,1,100,,29321,16,,,1
21401,'11',742,,29335,16,,,1,100,,29331,16,,,1,100,,29334,16,,,1,100,,29328,16,,,1,100,,29329,16,,,1,100,,29336,16,,,1,100,,29330,16,,,1,100,,29338,16,,,1,100,,29339,16,,,1,100,,29332,16,,,1,100,,29337,16,,,1,100,,29340,16,,,1,100,,29333,16,,,1
21401,'2',1842,,29344,16,,,1,100,,29343,16,,,1,100,,29342,16,,,1,100,,29341,16,,,1,100,,29345,16,,,1
21401,'3',1842,,29347,16,,,1,100,,29350,16,,,1,100,,29348,16,,,1,100,,29346,16,,,1,100,,29349,16,,,1
21401,'4',1842,,29354,16,,,1,100,,29352,16,,,1,100,,29355,16,,,1,100,,29353,16,,,1,100,,29351,16,,,1
21401,'5',1842,,29360,16,,,1,100,,29358,16,,,1,100,,29357,16,,,1,100,,29356,16,,,1,100,,29359,16,,,1
21401,'6',742,,29373,16,,,1,100,,29365,16,,,1,100,,29368,16,,,1,100,,29367,16,,,1,100,,29370,16,,,1,100,,29366,16,,,1,100,,29361,16,,,1,100,,29364,16,,,1,100,,29372,16,,,1,100,,29369,16,,,1,100,,29363,16,,,1,100,,29371,16,,,1,100,,29362,16,,,1
21401,'7',1842,,29377,16,,,1,100,,29374,16,,,1,100,,29375,16,,,1,100,,29378,16,,,1,100,,29376,16,,,1
21401,'8',1842,,29382,16,,,1,100,,29379,16,,,1,100,,29380,16,,,1,100,,29381,16,,,1,100,,29383,16,,,1
21401,'9',1842,,29388,16,,,1,100,,29386,16,,,1,100,,29387,16,,,1,100,,29385,16,,,1,100,,29384,16,,,1
