11301,'1',653,,24838,15,,,1,100,,24841,15,,,1,100,,18571,15,,,1,100,,24833,15,,,1,100,,24815,15,,,1,100,,24822,15,,,1,100,,24837,15,,,1,100,,17395,15,,,1,100,,24817,15,,,1,100,,24832,15,,,1,100,,24834,15,,,1,100,,24806,15,,,1,100,,24827,15,,,1
11301,'2',653,,24868,15,,,1,100,,24856,15,,,1,100,,24864,15,,,1,100,,24869,15,,,1,100,,14749,15,,,1,100,,24854,15,,,1,100,,24852,15,,,1,100,,24857,15,,,1,100,,24858,15,,,1,100,,24855,15,,,1,100,,24845,15,,,1,100,,24860,15,,,1,100,,24875,15,,,1
11301,'3',653,,24903,15,,,1,100,,24895,15,,,1,100,,24896,15,,,1,100,,24894,15,,,1,100,,24890,15,,,1,100,,24905,15,,,1,100,,24904,15,,,1,100,,24886,15,,,1,100,,24916,15,,,1,100,,24907,15,,,1,100,,24882,15,,,1,100,,24901,15,,,1,100,,24887,15,,,1
11301,'4',653,,24926,15,,,1,100,,24921,15,,,1,100,,24951,15,,,1,100,,24932,15,,,1,100,,24939,15,,,1,100,,24928,15,,,1,100,,24956,15,,,1,100,,24954,15,,,1,100,,24955,15,,,1,100,,24959,15,,,1,100,,24933,15,,,1,100,,24937,15,,,1,100,,24938,15,,,1
11301,'5',653,,24978,15,,,1,100,,24996,15,,,1,100,,24972,15,,,1,100,,24990,15,,,1,100,,24964,15,,,1,100,,24992,15,,,1,100,,24999,15,,,1,100,,24976,15,,,1,100,,24981,15,,,1,100,,24984,15,,,1,100,,24987,15,,,1,100,,24985,15,,,1,100,,24986,15,,,1
11301,'7',653,,25037,15,,,1,100,,25015,15,,,1,100,,25024,15,,,1,100,,25031,15,,,1,100,,25028,15,,,1,100,,25006,15,,,1,100,,25020,15,,,1,100,,25021,15,,,1,100,,25038,15,,,1,100,,25016,15,,,1,100,,25030,15,,,1,100,,25036,15,,,1,100,,25005,15,,,1
11301,'8',653,,25051,15,,,1,100,,25043,15,,,1,100,,25062,15,,,1,100,,25064,15,,,1,100,,25075,15,,,1,100,,25082,15,,,1,100,,25083,15,,,1,100,,25081,15,,,1,100,,25057,15,,,1,100,,25060,15,,,1,100,,25070,15,,,1,100,,25048,15,,,1,100,,25066,15,,,1
11301,'9',653,,25101,15,,,1,100,,25095,15,,,1,100,,25117,15,,,1,100,,25114,15,,,1,100,,25122,15,,,1,100,,25105,15,,,1,100,,25115,15,,,1,100,,25094,15,,,1,100,,25085,15,,,1,100,,25090,15,,,1,100,,25087,15,,,1,100,,25119,15,,,1,100,,25084,15,,,1
21301,'1',1953,,29030,15,,,1,100,,29026,15,,,1,100,,29027,15,,,1,100,,29032,15,,,1
21301,'10',753,,29048,15,,,1,100,,29059,15,,,1,100,,29056,15,,,1,100,,29053,15,,,1,100,,29044,15,,,1,100,,29072,15,,,1,100,,29052,15,,,1,100,,29065,15,,,1,100,,29067,15,,,1,100,,29042,15,,,1,100,,29071,15,,,1,100,,29074,15,,,1,100,,29046,15,,,1
21301,'11',753,,29100,15,,,1,100,,29081,15,,,1,100,,29085,15,,,1,100,,29109,15,,,1,100,,29083,15,,,1,100,,29098,15,,,1,100,,29094,15,,,1,100,,29115,15,,,1,100,,29105,15,,,1,100,,29112,15,,,1,100,,29092,15,,,1,100,,29084,15,,,1,100,,29088,15,,,1
21301,'2',1953,,29119,15,,,1,100,,29117,15,,,1,100,,29120,15,,,1,100,,29122,15,,,1
21301,'3',1953,,29132,15,,,1,100,,29129,15,,,1,100,,29133,15,,,1,100,,29135,15,,,1
21301,'4',1953,,29138,15,,,1,100,,29141,15,,,1,100,,29137,15,,,1,100,,29145,15,,,1
21301,'5',1953,,29158,15,,,1,100,,29157,15,,,1,100,,29155,15,,,1,100,,29150,15,,,1
21301,'6',753,,29177,15,,,1,100,,29162,15,,,1,100,,29195,15,,,1,100,,29178,15,,,1,100,,29161,15,,,1,100,,29171,15,,,1,100,,29159,15,,,1,100,,29185,15,,,1,100,,29180,15,,,1,100,,29167,15,,,1,100,,29189,15,,,1,100,,29176,15,,,1,100,,29182,15,,,1
21301,'7',1953,,29208,15,,,1,100,,29202,15,,,1,100,,29203,15,,,1,100,,29207,15,,,1
21301,'8',1953,,29218,15,,,1,100,,29212,15,,,1,100,,29213,15,,,1,100,,29215,15,,,1
21301,'9',1953,,29231,15,,,1,100,,29230,15,,,1,100,,29222,15,,,1,100,,29224,15,,,1
