10300,'1',633,,20317,6,,,1,100,,20326,6,,,1,70,,20325,6,,,1,30,,20323,6,,,1,70,,20320,6,,,1,30,,20330,6,,,1,70,,20334,6,,,1,30,,20329,6,,,1,100,,20327,6,,,1,100,,20318,6,,,1,100,,20324,6,,,1,100,,20322,6,,,1,100,,20319,6,,,1,70,,20316,6,,,1,30,,20321,6,,,1,70,,20332,6,,,1,30,,20328,6,,,1,70,,20333,6,,,1,30,,20331,6,,,1
10300,'2',633,,20347,6,,,1,100,,20349,6,,,1,70,,20345,6,,,1,30,,20338,6,,,1,70,,20351,6,,,1,30,,20335,6,,,1,70,,20340,6,,,1,30,,20339,6,,,1,100,,18114,6,,,1,100,,20336,6,,,1,100,,20342,6,,,1,100,,20337,6,,,1,100,,20343,6,,,1,70,,20346,6,,,1,30,,20350,6,,,1,70,,20348,6,,,1,30,,20352,6,,,1,70,,20344,6,,,1,30,,20341,6,,,1
10300,'3',633,,20353,6,,,1,100,,20362,6,,,1,70,,20369,6,,,1,30,,20358,6,,,1,70,,20363,6,,,1,30,,20354,6,,,1,70,,20364,6,,,1,30,,20367,6,,,1,100,,20370,6,,,1,100,,20371,6,,,1,100,,20355,6,,,1,100,,20356,6,,,1,100,,20359,6,,,1,70,,20365,6,,,1,30,,20361,6,,,1,70,,20357,6,,,1,30,,20366,6,,,1,70,,20360,6,,,1,30,,20368,6,,,1
10300,'4',633,,20390,6,,,1,100,,20388,6,,,1,70,,20376,6,,,1,30,,20377,6,,,1,70,,20389,6,,,1,30,,20387,6,,,1,70,,20382,6,,,1,30,,20378,6,,,1,100,,20374,6,,,1,100,,20372,6,,,1,100,,20375,6,,,1,100,,20383,6,,,1,100,,20381,6,,,1,70,,20373,6,,,1,30,,20386,6,,,1,70,,20385,6,,,1,30,,20380,6,,,1,70,,20379,6,,,1,30,,20384,6,,,1
10300,'5',633,,20400,6,,,1,100,,20403,6,,,1,70,,20395,6,,,1,30,,20397,6,,,1,70,,20405,6,,,1,30,,20407,6,,,1,70,,20409,6,,,1,30,,20394,6,,,1,100,,20404,6,,,1,100,,20401,6,,,1,100,,20396,6,,,1,100,,20398,6,,,1,100,,20406,6,,,1,70,,20399,6,,,1,30,,20393,6,,,1,70,,20402,6,,,1,30,,20392,6,,,1,70,,20408,6,,,1,30,,20391,6,,,1
10300,'7',633,,20423,6,,,1,100,,20419,6,,,1,70,,20417,6,,,1,30,,20428,6,,,1,70,,20427,6,,,1,30,,20421,6,,,1,70,,20422,6,,,1,30,,20413,6,,,1,100,,20411,6,,,1,100,,20414,6,,,1,100,,20426,6,,,1,100,,20412,6,,,1,100,,20420,6,,,1,70,,20415,6,,,1,30,,20424,6,,,1,70,,20425,6,,,1,30,,20418,6,,,1,70,,20410,6,,,1,30,,20416,6,,,1
10300,'8',633,,20442,6,,,1,100,,20439,6,,,1,70,,20432,6,,,1,30,,20444,6,,,1,70,,20433,6,,,1,30,,20435,6,,,1,70,,20441,6,,,1,30,,20434,6,,,1,100,,20429,6,,,1,100,,20436,6,,,1,100,,20447,6,,,1,100,,20438,6,,,1,100,,20445,6,,,1,70,,20437,6,,,1,30,,20443,6,,,1,70,,20446,6,,,1,30,,20430,6,,,1,70,,20431,6,,,1,30,,20440,6,,,1
10300,'9',633,,20448,6,,,1,100,,20458,6,,,1,70,,20457,6,,,1,30,,20464,6,,,1,70,,20452,6,,,1,30,,20462,6,,,1,70,,20453,6,,,1,30,,20461,6,,,1,100,,20460,6,,,1,100,,20449,6,,,1,100,,20450,6,,,1,100,,20459,6,,,1,100,,20465,6,,,1,70,,20463,6,,,1,30,,20454,6,,,1,70,,20455,6,,,1,30,,20451,6,,,1,70,,20466,6,,,1,30,,20456,6,,,1
20300,'1',1903,,26519,5,,,1,30,,26514,5,,,1,70,,26516,5,,,1,30,,19313,5,,,1,70,,26513,5,,,1,30,,26517,5,,,1,70,,26515,5,,,1,30,,26512,5,,,1,70,,26518,5,,,1
20300,'10',733,,26525,5,,,1,70,,26536,5,,,1,30,,26521,5,,,1,70,,26546,5,,,1,30,,26545,5,,,1,70,,26529,5,,,1,30,,26544,5,,,1,70,,26526,5,,,1,30,,26530,5,,,1,70,,26531,5,,,1,30,,26528,5,,,1,70,,26537,5,,,1,30,,26523,5,,,1,70,,26527,5,,,1,30,,26520,5,,,1,70,,26542,5,,,1,30,,26524,5,,,1,70,,26533,5,,,1,30,,26540,5,,,1,70,,26522,5,,,1,30,,26538,5,,,1,70,,26532,5,,,1,30,,26543,5,,,1,70,,26534,5,,,1,30,,26535,5,,,1,70,,26541,5,,,1,30,,26539,5,,,1
20300,'11',733,,26571,5,,,1,70,,26558,5,,,1,30,,26572,5,,,1,70,,26553,5,,,1,30,,26573,5,,,1,70,,26547,5,,,1,30,,26561,5,,,1,70,,26560,5,,,1,30,,26569,5,,,1,70,,26549,5,,,1,30,,26566,5,,,1,70,,26554,5,,,1,30,,26550,5,,,1,70,,26551,5,,,1,30,,26556,5,,,1,70,,26548,5,,,1,30,,26564,5,,,1,70,,26563,5,,,1,30,,26559,5,,,1,70,,26555,5,,,1,30,,26562,5,,,1,70,,26552,5,,,1,30,,26557,5,,,1,70,,26567,5,,,1,30,,26565,5,,,1,70,,26570,5,,,1,30,,26568,5,,,1
20300,'2',1903,,26581,5,,,1,30,,26575,5,,,1,70,,26580,5,,,1,30,,26578,5,,,1,70,,26582,5,,,1,30,,26579,5,,,1,70,,26576,5,,,1,30,,26574,5,,,1,70,,26577,5,,,1
20300,'3',1903,,26585,5,,,1,30,,26589,5,,,1,70,,26586,5,,,1,30,,26590,5,,,1,70,,26583,5,,,1,30,,26591,5,,,1,70,,26584,5,,,1,30,,26587,5,,,1,70,,26588,5,,,1
20300,'4',1903,,26598,5,,,1,30,,26592,5,,,1,70,,26594,5,,,1,30,,26595,5,,,1,70,,26599,5,,,1,30,,26597,5,,,1,70,,26600,5,,,1,30,,26596,5,,,1,70,,26593,5,,,1
20300,'5',1903,,26607,5,,,1,30,,26601,5,,,1,70,,26606,5,,,1,30,,26604,5,,,1,70,,26609,5,,,1,30,,26605,5,,,1,70,,26602,5,,,1,30,,26603,5,,,1,70,,26608,5,,,1
20300,'6',733,,26622,5,,,1,70,,26636,5,,,1,30,,26628,5,,,1,70,,26621,5,,,1,30,,26616,5,,,1,70,,26618,5,,,1,30,,26619,5,,,1,70,,26624,5,,,1,30,,26611,5,,,1,70,,26625,5,,,1,30,,26617,5,,,1,70,,26633,5,,,1,30,,26614,5,,,1,70,,26610,5,,,1,30,,26630,5,,,1,70,,26612,5,,,1,30,,26634,5,,,1,70,,26623,5,,,1,30,,26627,5,,,1,70,,26615,5,,,1,30,,26631,5,,,1,70,,26635,5,,,1,30,,26620,5,,,1,70,,26626,5,,,1,30,,26632,5,,,1,70,,26629,5,,,1,30,,26613,5,,,1
20300,'7',1903,,26637,5,,,1,30,,26643,5,,,1,70,,26638,5,,,1,30,,26644,5,,,1,70,,26640,5,,,1,30,,26641,5,,,1,70,,26645,5,,,1,30,,26642,5,,,1,70,,26639,5,,,1
20300,'8',1903,,26650,5,,,1,30,,26652,5,,,1,70,,26649,5,,,1,30,,26654,5,,,1,70,,26646,5,,,1,30,,26648,5,,,1,70,,26651,5,,,1,30,,26647,5,,,1,70,,26653,5,,,1
20300,'9',1903,,26656,5,,,1,30,,26657,5,,,1,70,,26658,5,,,1,30,,26663,5,,,1,70,,26661,5,,,1,30,,26655,5,,,1,70,,26659,5,,,1,30,,26662,5,,,1,70,,26660,5,,,1
