10700,'1',639,,21914,14,0,5 6,1,100,,21915,14,0,5 6,1,70,,21920,14,0,5 6,1,30,,21926,14,0,5 6,1,70,,21913,14,0,5 6,1,30,,21912,14,0,5 6,1,100,,21917,14,0,5 6,1,100,,21923,14,0,5 6,1,100,,21924,14,0,5 6,1,100,,17265,14,0,5 6,1,100,,21925,14,0,5 6,1,70,,21922,14,0,5 6,1,30,,21919,14,0,5 6,1,70,,18192,14,0,5 6,1,30,,21911,14,0,5 6,1,70,,21921,14,0,5 6,1,30,,18668,14,0,5 6,1,70,,21916,14,0,5 6,1,30,,21918,14,0,5 6,1
10700,'2',639,,21936,14,0,5 6,1,100,,21932,14,0,5 6,1,70,,21927,14,0,5 6,1,30,,21943,14,0,5 6,1,70,,21933,14,0,5 6,1,30,,21944,14,0,5 6,1,100,,21935,14,0,5 6,1,100,,21942,14,0,5 6,1,100,,21937,14,0,5 6,1,100,,21938,14,0,5 6,1,100,,15154,14,0,5 6,1,70,,21934,14,0,5 6,1,30,,21931,14,0,5 6,1,70,,21930,14,0,5 6,1,30,,21940,14,0,5 6,1,70,,21939,14,0,5 6,1,30,,21941,14,0,5 6,1,70,,21928,14,0,5 6,1,30,,21929,14,0,5 6,1
10700,'3',639,,21959,14,0,5 6,1,100,,21954,14,0,5 6,1,70,,21956,14,0,5 6,1,30,,21948,14,0,5 6,1,70,,21962,14,0,5 6,1,30,,21957,14,0,5 6,1,100,,21963,14,0,5 6,1,100,,21961,14,0,5 6,1,100,,21950,14,0,5 6,1,100,,21945,14,0,5 6,1,100,,21947,14,0,5 6,1,70,,21949,14,0,5 6,1,30,,21953,14,0,5 6,1,70,,21955,14,0,5 6,1,30,,21951,14,0,5 6,1,70,,21952,14,0,5 6,1,30,,21958,14,0,5 6,1,70,,21960,14,0,5 6,1,30,,21946,14,0,5 6,1
10700,'4',639,,21981,14,0,5 6,1,100,,21977,14,0,5 6,1,70,,21968,14,0,5 6,1,30,,21966,14,0,5 6,1,70,,21979,14,0,5 6,1,30,,21980,14,0,5 6,1,100,,21976,14,0,5 6,1,100,,21973,14,0,5 6,1,100,,21969,14,0,5 6,1,100,,21971,14,0,5 6,1,100,,21974,14,0,5 6,1,70,,21970,14,0,5 6,1,30,,21972,14,0,5 6,1,70,,21978,14,0,5 6,1,30,,21964,14,0,5 6,1,70,,21982,14,0,5 6,1,30,,21967,14,0,5 6,1,70,,21965,14,0,5 6,1,30,,21975,14,0,5 6,1
10700,'5',639,,22000,14,0,5 6,1,100,,22001,14,0,5 6,1,70,,21994,14,0,5 6,1,30,,21992,14,0,5 6,1,70,,21999,14,0,5 6,1,30,,21993,14,0,5 6,1,100,,21998,14,0,5 6,1,100,,21986,14,0,5 6,1,100,,21991,14,0,5 6,1,100,,21995,14,0,5 6,1,100,,21983,14,0,5 6,1,70,,21989,14,0,5 6,1,30,,21990,14,0,5 6,1,70,,21984,14,0,5 6,1,30,,21996,14,0,5 6,1,70,,21997,14,0,5 6,1,30,,21987,14,0,5 6,1,70,,21985,14,0,5 6,1,30,,21988,14,0,5 6,1
10700,'7',639,,22012,14,0,5 6,1,100,,22007,14,0,5 6,1,70,,22008,14,0,5 6,1,30,,22017,14,0,5 6,1,70,,22018,14,0,5 6,1,30,,22004,14,0,5 6,1,100,,22009,14,0,5 6,1,100,,22019,14,0,5 6,1,100,,22015,14,0,5 6,1,100,,22003,14,0,5 6,1,100,,22006,14,0,5 6,1,70,,22011,14,0,5 6,1,30,,22020,14,0,5 6,1,70,,22005,14,0,5 6,1,30,,22016,14,0,5 6,1,70,,22013,14,0,5 6,1,30,,22002,14,0,5 6,1,70,,22014,14,0,5 6,1,30,,22010,14,0,5 6,1
10700,'8',639,,22029,14,0,5 6,1,100,,22031,14,0,5 6,1,70,,22026,14,0,5 6,1,30,,22030,14,0,5 6,1,70,,22027,14,0,5 6,1,30,,22035,14,0,5 6,1,100,,22034,14,0,5 6,1,100,,22024,14,0,5 6,1,100,,22025,14,0,5 6,1,100,,22032,14,0,5 6,1,100,,22033,14,0,5 6,1,70,,22022,14,0,5 6,1,30,,22038,14,0,5 6,1,70,,22021,14,0,5 6,1,30,,22023,14,0,5 6,1,70,,22039,14,0,5 6,1,30,,22037,14,0,5 6,1,70,,22036,14,0,5 6,1,30,,22028,14,0,5 6,1
10700,'9',639,,22044,14,0,5 6,1,100,,22057,14,0,5 6,1,70,,22058,14,0,5 6,1,30,,22048,14,0,5 6,1,70,,22043,14,0,5 6,1,30,,22045,14,0,5 6,1,100,,22055,14,0,5 6,1,100,,22051,14,0,5 6,1,100,,22054,14,0,5 6,1,100,,22052,14,0,5 6,1,100,,22046,14,0,5 6,1,70,,22047,14,0,5 6,1,30,,22042,14,0,5 6,1,70,,22049,14,0,5 6,1,30,,22053,14,0,5 6,1,70,,22050,14,0,5 6,1,30,,22041,14,0,5 6,1,70,,22056,14,0,5 6,1,30,,22040,14,0,5 6,1
10801,'1',643,,22808,20,,,1,70,,22821,20,,,1,30,,22819,20,,,1,70,,22814,20,,,1,30,,22823,20,,,1,70,,22809,20,,,1,100,,22820,20,,,1,100,,22811,20,,,1,100,,22815,20,,,1,100,,22825,20,,,1,100,,22817,20,,,1,30,,22807,20,,,1,70,,22810,20,,,1,30,,22822,20,,,1,70,,22813,20,,,1,30,,22816,20,,,1,70,,22812,20,,,1
10801,'2',643,,22837,20,,,1,70,,22840,20,,,1,30,,22831,20,,,1,70,,22835,20,,,1,30,,22843,20,,,1,70,,22838,20,,,1,100,,22833,20,,,1,100,,22842,20,,,1,100,,22836,20,,,1,100,,22839,20,,,1,100,,22844,20,,,1,30,,22834,20,,,1,70,,22826,20,,,1,30,,22830,20,,,1,70,,22841,20,,,1,30,,22827,20,,,1,70,,22829,20,,,1
10801,'3',643,,22854,20,,,1,70,,22851,20,,,1,30,,22849,20,,,1,70,,22848,20,,,1,30,,22852,20,,,1,70,,22861,20,,,1,100,,22859,20,,,1,100,,22858,20,,,1,100,,22846,20,,,1,100,,22863,20,,,1,100,,22853,20,,,1,30,,22845,20,,,1,70,,22857,20,,,1,30,,22850,20,,,1,70,,22860,20,,,1,30,,22856,20,,,1,70,,22862,20,,,1
10801,'4',643,,22869,20,,,1,70,,22879,20,,,1,30,,22864,20,,,1,70,,22866,20,,,1,30,,22877,20,,,1,70,,22871,20,,,1,100,,22881,20,,,1,100,,22867,20,,,1,100,,22865,20,,,1,100,,22876,20,,,1,100,,22875,20,,,1,30,,22868,20,,,1,70,,22873,20,,,1,30,,22882,20,,,1,70,,22874,20,,,1,30,,22880,20,,,1,70,,22878,20,,,1
10801,'5',643,,22891,20,,,1,70,,22899,20,,,1,30,,22892,20,,,1,70,,22896,20,,,1,30,,22884,20,,,1,70,,22901,20,,,1,100,,22886,20,,,1,100,,22897,20,,,1,100,,22887,20,,,1,100,,22894,20,,,1,100,,22885,20,,,1,30,,22890,20,,,1,70,,22898,20,,,1,30,,22900,20,,,1,70,,22893,20,,,1,30,,22888,20,,,1,70,,22883,20,,,1
10801,'7',643,,22919,20,,,1,70,,22909,20,,,1,30,,22903,20,,,1,70,,22918,20,,,1,30,,22904,20,,,1,70,,22915,20,,,1,100,,22902,20,,,1,100,,22920,20,,,1,100,,22905,20,,,1,100,,22916,20,,,1,100,,22906,20,,,1,30,,22917,20,,,1,70,,22914,20,,,1,30,,22910,20,,,1,70,,22907,20,,,1,30,,22911,20,,,1,70,,22912,20,,,1
10801,'8',643,,22938,20,,,1,70,,22927,20,,,1,30,,22924,20,,,1,70,,22939,20,,,1,30,,22930,20,,,1,70,,22935,20,,,1,100,,22931,20,,,1,100,,22934,20,,,1,100,,22933,20,,,1,100,,22923,20,,,1,100,,22932,20,,,1,30,,22922,20,,,1,70,,22936,20,,,1,30,,22921,20,,,1,70,,22928,20,,,1,30,,22937,20,,,1,70,,22929,20,,,1
10801,'9',643,,22952,20,,,1,70,,22946,20,,,1,30,,22958,20,,,1,70,,22957,20,,,1,30,,22951,20,,,1,70,,22953,20,,,1,100,,22944,20,,,1,100,,22955,20,,,1,100,,22943,20,,,1,100,,22954,20,,,1,100,,22956,20,,,1,30,,22949,20,,,1,70,,22940,20,,,1,30,,22947,20,,,1,70,,22945,20,,,1,30,,22941,20,,,1,70,,22942,20,,,1
11400,'1',635,,25131,11,,,1,100,,25128,11,,,1,100,,25135,11,,,1,100,,25134,11,,,1,100,,25132,11,,,1,100,,25125,11,,,1,100,,25127,11,,,1,100,,25133,11,,,1,100,,25126,11,,,1,100,,25129,11,,,1,100,,25130,11,,,1,100,,17882,11,,,1
11400,'2',635,,25139,11,,,1,100,,25138,11,,,1,100,,25140,11,,,1,100,,25142,11,,,1,100,,18115,11,,,1,100,,25144,11,,,1,100,,25137,11,,,1,100,,25136,11,,,1,100,,25146,11,,,1,100,,25141,11,,,1,100,,25143,11,,,1,100,,25145,11,,,1
11400,'3',635,,25147,11,,,1,100,,25154,11,,,1,100,,25158,11,,,1,100,,25149,11,,,1,100,,25153,11,,,1,100,,25152,11,,,1,100,,25157,11,,,1,100,,25156,11,,,1,100,,25148,11,,,1,100,,25155,11,,,1,100,,25151,11,,,1,100,,25150,11,,,1
11400,'4',635,,25165,11,,,1,100,,25160,11,,,1,100,,25166,11,,,1,100,,25169,11,,,1,100,,25168,11,,,1,100,,25161,11,,,1,100,,25162,11,,,1,100,,25159,11,,,1,100,,25167,11,,,1,100,,25164,11,,,1,100,,25170,11,,,1,100,,25163,11,,,1
11400,'5',635,,25174,11,,,1,100,,25175,11,,,1,100,,25180,11,,,1,100,,25172,11,,,1,100,,25176,11,,,1,100,,25177,11,,,1,100,,25182,11,,,1,100,,25179,11,,,1,100,,25171,11,,,1,100,,25173,11,,,1,100,,25178,11,,,1,100,,25181,11,,,1
11400,'7',635,,25193,11,,,1,100,,25190,11,,,1,100,,25189,11,,,1,100,,25184,11,,,1,100,,25183,11,,,1,100,,25188,11,,,1,100,,25192,11,,,1,100,,25186,11,,,1,100,,25185,11,,,1,100,,25194,11,,,1,100,,25187,11,,,1,100,,25191,11,,,1
11400,'8',635,,25202,11,,,1,100,,25201,11,,,1,100,,25199,11,,,1,100,,25206,11,,,1,100,,25197,11,,,1,100,,25196,11,,,1,100,,25205,11,,,1,100,,25203,11,,,1,100,,25195,11,,,1,100,,25198,11,,,1,100,,25200,11,,,1,100,,25204,11,,,1
11400,'9',635,,25213,11,,,1,100,,25218,11,,,1,100,,25208,11,,,1,100,,25217,11,,,1,100,,25211,11,,,1,100,,25214,11,,,1,100,,25215,11,,,1,100,,25212,11,,,1,100,,25207,11,,,1,100,,25216,11,,,1,100,,25210,11,,,1,100,,25209,11,,,1
21400,'1',1835,,29235,11,,,1,100,,29236,11,,,1,100,,29234,11,,,1,100,,29232,11,,,1,100,,29233,11,,,1
21400,'10',735,,29238,11,,,1,100,,29244,11,,,1,100,,29245,11,,,1,100,,29240,11,,,1,100,,29246,11,,,1,100,,29243,11,,,1,100,,29241,11,,,1,100,,29249,11,,,1,100,,29237,11,,,1,100,,29239,11,,,1,100,,29242,11,,,1,100,,29248,11,,,1,100,,29247,11,,,1
21400,'11',735,,29262,11,,,1,100,,29251,11,,,1,100,,29259,11,,,1,100,,29252,11,,,1,100,,29256,11,,,1,100,,29254,11,,,1,100,,29260,11,,,1,100,,29253,11,,,1,100,,29261,11,,,1,100,,29255,11,,,1,100,,29258,11,,,1,100,,29257,11,,,1,100,,29250,11,,,1
21400,'2',1835,,29263,11,,,1,100,,29264,11,,,1,100,,29266,11,,,1,100,,29267,11,,,1,100,,29265,11,,,1
21400,'3',1835,,29268,11,,,1,100,,29272,11,,,1,100,,29269,11,,,1,100,,29271,11,,,1,100,,29270,11,,,1
21400,'4',1835,,29277,11,,,1,100,,29273,11,,,1,100,,29276,11,,,1,100,,29274,11,,,1,100,,29275,11,,,1
21400,'5',1835,,29280,11,,,1,100,,29282,11,,,1,100,,29278,11,,,1,100,,29279,11,,,1,100,,29281,11,,,1
21400,'6',735,,29294,11,,,1,100,,29288,11,,,1,100,,29292,11,,,1,100,,29287,11,,,1,100,,29295,11,,,1,100,,29283,11,,,1,100,,29293,11,,,1,100,,29289,11,,,1,100,,29285,11,,,1,100,,29291,11,,,1,100,,29284,11,,,1,100,,29286,11,,,1,100,,29290,11,,,1
21400,'7',1835,,29296,11,,,1,100,,29297,11,,,1,100,,29300,11,,,1,100,,29298,11,,,1,100,,29299,11,,,1
21400,'8',1835,,29305,11,,,1,100,,29304,11,,,1,100,,29301,11,,,1,100,,29302,11,,,1,100,,29303,11,,,1
21400,'9',1835,,29308,11,,,1,100,,29309,11,,,1,100,,29310,11,,,1,100,,29307,11,,,1,100,,29306,11,,,1
