11100,'1',601,,23841,2,,,1,30,,23848,2,,,1,70,,23853,2,,,1,30,,23835,2,,,1,70,,23840,2,,,1,30,,23845,2,,,1,70,,23843,2,,,1,30,,23838,2,,,1,70,,23831,2,,,1,30,,23839,2,,,1,70,,23850,2,,,1,30,,23851,2,,,1,70,,23844,2,,,1,30,,23834,2,,,1,70,,23847,2,,,1,30,,23832,2,,,1,70,,23836,2,,,1,30,,18733,2,,,1,70,,23852,2,,,1,30,,23837,2,,,1,70,,18504,2,,,1,30,,23849,2,,,1,70,,23842,2,,,1,30,,23833,2,,,1,70,,23830,2,,,1,30,,23846,2,,,1
11100,'2',601,,16031,2,,,1,30,,23858,2,,,1,70,,23873,2,,,1,30,,23856,2,,,1,70,,23862,2,,,1,30,,23877,2,,,1,70,,23874,2,,,1,30,,23864,2,,,1,70,,23875,2,,,1,30,,23870,2,,,1,70,,23868,2,,,1,30,,23865,2,,,1,70,,23869,2,,,1,30,,23857,2,,,1,70,,23860,2,,,1,30,,23855,2,,,1,70,,23872,2,,,1,30,,23867,2,,,1,70,,23854,2,,,1,30,,23859,2,,,1,70,,23863,2,,,1,30,,23876,2,,,1,70,,18688,2,,,1,30,,23866,2,,,1,70,,23871,2,,,1,30,,23861,2,,,1
11100,'3',601,,23903,2,,,1,30,,23881,2,,,1,70,,23899,2,,,1,30,,23879,2,,,1,70,,23900,2,,,1,30,,23902,2,,,1,70,,23901,2,,,1,30,,23896,2,,,1,70,,23887,2,,,1,30,,23897,2,,,1,70,,23891,2,,,1,30,,23885,2,,,1,70,,23878,2,,,1,30,,23888,2,,,1,70,,23893,2,,,1,30,,23882,2,,,1,70,,23892,2,,,1,30,,23889,2,,,1,70,,23880,2,,,1,30,,23884,2,,,1,70,,23883,2,,,1,30,,23895,2,,,1,70,,23890,2,,,1,30,,23894,2,,,1,70,,23898,2,,,1,30,,23886,2,,,1
11100,'4',601,,23918,2,,,1,30,,23911,2,,,1,70,,23915,2,,,1,30,,23906,2,,,1,70,,23929,2,,,1,30,,23919,2,,,1,70,,23912,2,,,1,30,,23917,2,,,1,70,,23910,2,,,1,30,,23925,2,,,1,70,,23907,2,,,1,30,,23924,2,,,1,70,,23909,2,,,1,30,,23927,2,,,1,70,,23926,2,,,1,30,,23908,2,,,1,70,,23905,2,,,1,30,,23904,2,,,1,70,,23913,2,,,1,30,,23916,2,,,1,70,,23923,2,,,1,30,,23920,2,,,1,70,,23921,2,,,1,30,,23914,2,,,1,70,,23928,2,,,1,30,,23922,2,,,1
11100,'5',601,,23945,2,,,1,30,,23950,2,,,1,70,,23931,2,,,1,30,,23938,2,,,1,70,,23939,2,,,1,30,,23953,2,,,1,70,,23951,2,,,1,30,,23946,2,,,1,70,,23948,2,,,1,30,,23935,2,,,1,70,,23942,2,,,1,30,,23940,2,,,1,70,,23954,2,,,1,30,,23944,2,,,1,70,,23934,2,,,1,30,,23947,2,,,1,70,,23943,2,,,1,30,,23952,2,,,1,70,,23949,2,,,1,30,,23955,2,,,1,70,,23930,2,,,1,30,,23932,2,,,1,70,,23936,2,,,1,30,,23941,2,,,1,70,,23937,2,,,1,30,,23933,2,,,1
11100,'7',601,,23964,2,,,1,30,,23981,2,,,1,70,,23965,2,,,1,30,,23971,2,,,1,70,,23960,2,,,1,30,,23967,2,,,1,70,,23961,2,,,1,30,,23958,2,,,1,70,,23956,2,,,1,30,,23969,2,,,1,70,,23962,2,,,1,30,,23980,2,,,1,70,,23977,2,,,1,30,,23959,2,,,1,70,,23974,2,,,1,30,,23973,2,,,1,70,,23979,2,,,1,30,,23978,2,,,1,70,,23966,2,,,1,30,,23970,2,,,1,70,,23972,2,,,1,30,,23975,2,,,1,70,,23968,2,,,1,30,,23976,2,,,1,70,,23963,2,,,1,30,,23957,2,,,1
11100,'8',601,,23997,2,,,1,30,,23996,2,,,1,70,,23995,2,,,1,30,,23988,2,,,1,70,,23993,2,,,1,30,,23983,2,,,1,70,,23992,2,,,1,30,,24004,2,,,1,70,,24003,2,,,1,30,,23984,2,,,1,70,,24006,2,,,1,30,,23994,2,,,1,70,,24007,2,,,1,30,,24002,2,,,1,70,,24005,2,,,1,30,,23998,2,,,1,70,,23985,2,,,1,30,,24001,2,,,1,70,,23990,2,,,1,30,,23987,2,,,1,70,,23999,2,,,1,30,,24000,2,,,1,70,,23982,2,,,1,30,,23989,2,,,1,70,,23991,2,,,1,30,,23986,2,,,1
11100,'9',601,,24019,2,,,1,30,,24018,2,,,1,70,,24014,2,,,1,30,,24022,2,,,1,70,,24027,2,,,1,30,,24033,2,,,1,70,,24016,2,,,1,30,,24020,2,,,1,70,,24015,2,,,1,30,,24017,2,,,1,70,,24013,2,,,1,30,,24026,2,,,1,70,,24023,2,,,1,30,,24011,2,,,1,70,,24021,2,,,1,30,,24012,2,,,1,70,,24030,2,,,1,30,,24008,2,,,1,70,,24009,2,,,1,30,,24024,2,,,1,70,,24032,2,,,1,30,,24029,2,,,1,70,,24031,2,,,1,30,,24010,2,,,1,70,,24028,2,,,1,30,,24025,2,,,1
21100,'1',1901,,28653,2,,,1,30,,28657,2,,,1,70,,28658,2,,,1,30,,18236,2,,,1,70,,28652,2,,,1,30,,28651,2,,,1,70,,28656,2,,,1,30,,28655,2,,,1,70,,28654,2,,,1
21100,'10',731,,28668,2,,,1,70,,28660,2,,,1,30,,28665,2,,,1,70,,28680,2,,,1,30,,28671,2,,,1,70,,28669,2,,,1,30,,28672,2,,,1,70,,19674,2,,,1,30,,28679,2,,,1,70,,28682,2,,,1,30,,28664,2,,,1,70,,28674,2,,,1,30,,28661,2,,,1,70,,28662,2,,,1,30,,28676,2,,,1,70,,28675,2,,,1,30,,28681,2,,,1,70,,28673,2,,,1,30,,28670,2,,,1,70,,28667,2,,,1,30,,28677,2,,,1,70,,28683,2,,,1,30,,19537,2,,,1,70,,28659,2,,,1,30,,28663,2,,,1,70,,28666,2,,,1,30,,28678,2,,,1
21100,'11',731,,28685,2,,,1,70,,28698,2,,,1,30,,28696,2,,,1,70,,28703,2,,,1,30,,28707,2,,,1,70,,28693,2,,,1,30,,28697,2,,,1,70,,28686,2,,,1,30,,28691,2,,,1,70,,28709,2,,,1,30,,28702,2,,,1,70,,28689,2,,,1,30,,28694,2,,,1,70,,28688,2,,,1,30,,28700,2,,,1,70,,28684,2,,,1,30,,28687,2,,,1,70,,28701,2,,,1,30,,28695,2,,,1,70,,28690,2,,,1,30,,28710,2,,,1,70,,28699,2,,,1,30,,28706,2,,,1,70,,28704,2,,,1,30,,28705,2,,,1,70,,28708,2,,,1,30,,28692,2,,,1
21100,'2',1901,,28716,2,,,1,30,,28718,2,,,1,70,,28719,2,,,1,30,,28711,2,,,1,70,,28712,2,,,1,30,,28715,2,,,1,70,,28717,2,,,1,30,,28714,2,,,1,70,,28713,2,,,1
21100,'3',1901,,28727,2,,,1,30,,28728,2,,,1,70,,28721,2,,,1,30,,28724,2,,,1,70,,28723,2,,,1,30,,28725,2,,,1,70,,28720,2,,,1,30,,28726,2,,,1,70,,28722,2,,,1
21100,'4',1901,,28729,2,,,1,30,,28731,2,,,1,70,,28732,2,,,1,30,,28734,2,,,1,70,,28730,2,,,1,30,,28733,2,,,1,70,,28736,2,,,1,30,,28735,2,,,1,70,,28737,2,,,1
21100,'5',1901,,28742,2,,,1,30,,28739,2,,,1,70,,28745,2,,,1,30,,28740,2,,,1,70,,28744,2,,,1,30,,28738,2,,,1,70,,28741,2,,,1,30,,28743,2,,,1,70,,28746,2,,,1
21100,'6',731,,28772,2,,,1,70,,28760,2,,,1,30,,28753,2,,,1,70,,28769,2,,,1,30,,28762,2,,,1,70,,28767,2,,,1,30,,28757,2,,,1,70,,28768,2,,,1,30,,28750,2,,,1,70,,28765,2,,,1,30,,28761,2,,,1,70,,28771,2,,,1,30,,28763,2,,,1,70,,28770,2,,,1,30,,28756,2,,,1,70,,28755,2,,,1,30,,28749,2,,,1,70,,28752,2,,,1,30,,28759,2,,,1,70,,28764,2,,,1,30,,28766,2,,,1,70,,28773,2,,,1,30,,28758,2,,,1,70,,28748,2,,,1,30,,28754,2,,,1,70,,28751,2,,,1,30,,28747,2,,,1
21100,'7',1901,,28777,2,,,1,30,,28782,2,,,1,70,,28780,2,,,1,30,,28779,2,,,1,70,,28775,2,,,1,30,,28774,2,,,1,70,,28778,2,,,1,30,,28776,2,,,1,70,,28781,2,,,1
21100,'8',1901,,28786,2,,,1,30,,28787,2,,,1,70,,28790,2,,,1,30,,28789,2,,,1,70,,28788,2,,,1,30,,28791,2,,,1,70,,28784,2,,,1,30,,28783,2,,,1,70,,28785,2,,,1
21100,'9',1901,,28792,2,,,1,30,,28796,2,,,1,70,,28795,2,,,1,30,,28798,2,,,1,70,,28799,2,,,1,30,,28794,2,,,1,70,,28800,2,,,1,30,,28797,2,,,1,70,,28793,2,,,1
