11001,'1',622,,23642,9,,,1,30,,23654,9,,,1,70,,23643,9,,,1,30,,23650,9,,,1,70,,23633,9,,,1,30,,23638,9,,,1,70,,23640,9,,,1,30,,23632,9,,,1,70,,23637,9,,,1,30,,23653,9,,,1,70,,23652,9,,,1,30,,23645,9,,,1,70,,23656,9,,,1,30,,23647,9,,,1,70,,23646,9,,,1,30,,23634,9,,,1,70,,23636,9,,,1,30,,23639,9,,,1,70,,23648,9,,,1,30,,23644,9,,,1,70,,23649,9,,,1,30,,23641,9,,,1,70,,23655,9,,,1,30,,23651,9,,,1,70,,23635,9,,,1
11001,'2',622,,23671,9,,,1,30,,23670,9,,,1,70,,23673,9,,,1,30,,23667,9,,,1,70,,23675,9,,,1,30,,23665,9,,,1,70,,23678,9,,,1,30,,23657,9,,,1,70,,23674,9,,,1,30,,23669,9,,,1,70,,23659,9,,,1,30,,23661,9,,,1,70,,23672,9,,,1,30,,18124,9,,,1,70,,23664,9,,,1,30,,23660,9,,,1,70,,23666,9,,,1,30,,18251,9,,,1,70,,23677,9,,,1,30,,23676,9,,,1,70,,23679,9,,,1,30,,23668,9,,,1,70,,23662,9,,,1,30,,23663,9,,,1,70,,23658,9,,,1
11001,'3',622,,23696,9,,,1,30,,23701,9,,,1,70,,23693,9,,,1,30,,23702,9,,,1,70,,23681,9,,,1,30,,23695,9,,,1,70,,23704,9,,,1,30,,23682,9,,,1,70,,23698,9,,,1,30,,23692,9,,,1,70,,23688,9,,,1,30,,23689,9,,,1,70,,23683,9,,,1,30,,23687,9,,,1,70,,23691,9,,,1,30,,23680,9,,,1,70,,23699,9,,,1,30,,23690,9,,,1,70,,23694,9,,,1,30,,23700,9,,,1,70,,23685,9,,,1,30,,23686,9,,,1,70,,23703,9,,,1,30,,23684,9,,,1,70,,23697,9,,,1
11001,'4',622,,23708,9,,,1,30,,23706,9,,,1,70,,23712,9,,,1,30,,23724,9,,,1,70,,23718,9,,,1,30,,23728,9,,,1,70,,23719,9,,,1,30,,23723,9,,,1,70,,23729,9,,,1,30,,23725,9,,,1,70,,23705,9,,,1,30,,23720,9,,,1,70,,23709,9,,,1,30,,23714,9,,,1,70,,23711,9,,,1,30,,23727,9,,,1,70,,23721,9,,,1,30,,23722,9,,,1,70,,23707,9,,,1,30,,23713,9,,,1,70,,23726,9,,,1,30,,23716,9,,,1,70,,23715,9,,,1,30,,23710,9,,,1,70,,23717,9,,,1
11001,'5',622,,23730,9,,,1,30,,23748,9,,,1,70,,23741,9,,,1,30,,23740,9,,,1,70,,23745,9,,,1,30,,23750,9,,,1,70,,23737,9,,,1,30,,23731,9,,,1,70,,23752,9,,,1,30,,23746,9,,,1,70,,23744,9,,,1,30,,23742,9,,,1,70,,23738,9,,,1,30,,23732,9,,,1,70,,23747,9,,,1,30,,23743,9,,,1,70,,23739,9,,,1,30,,23733,9,,,1,70,,23736,9,,,1,30,,23749,9,,,1,70,,23753,9,,,1,30,,23735,9,,,1,70,,23734,9,,,1,30,,23751,9,,,1,70,,23754,9,,,1
11001,'7',622,,23763,9,,,1,30,,23777,9,,,1,70,,23776,9,,,1,30,,23768,9,,,1,70,,23767,9,,,1,30,,23769,9,,,1,70,,23775,9,,,1,30,,23766,9,,,1,70,,23765,9,,,1,30,,23774,9,,,1,70,,23779,9,,,1,30,,23773,9,,,1,70,,23764,9,,,1,30,,23761,9,,,1,70,,23771,9,,,1,30,,23758,9,,,1,70,,23770,9,,,1,30,,23755,9,,,1,70,,23772,9,,,1,30,,23757,9,,,1,70,,23778,9,,,1,30,,23759,9,,,1,70,,23756,9,,,1,30,,23762,9,,,1,70,,23760,9,,,1
11001,'8',622,,23789,9,,,1,30,,23790,9,,,1,70,,23792,9,,,1,30,,23794,9,,,1,70,,23801,9,,,1,30,,23788,9,,,1,70,,23781,9,,,1,30,,23797,9,,,1,70,,23795,9,,,1,30,,23787,9,,,1,70,,23804,9,,,1,30,,23784,9,,,1,70,,23800,9,,,1,30,,23783,9,,,1,70,,23786,9,,,1,30,,23803,9,,,1,70,,23799,9,,,1,30,,23796,9,,,1,70,,23802,9,,,1,30,,23793,9,,,1,70,,23782,9,,,1,30,,23798,9,,,1,70,,23780,9,,,1,30,,23791,9,,,1,70,,23785,9,,,1
11001,'9',622,,23827,9,,,1,30,,23829,9,,,1,70,,23808,9,,,1,30,,23819,9,,,1,70,,23811,9,,,1,30,,23813,9,,,1,70,,23805,9,,,1,30,,23814,9,,,1,70,,23826,9,,,1,30,,23820,9,,,1,70,,23817,9,,,1,30,,23810,9,,,1,70,,23828,9,,,1,30,,23807,9,,,1,70,,23825,9,,,1,30,,23809,9,,,1,70,,23812,9,,,1,30,,23815,9,,,1,70,,23816,9,,,1,30,,23821,9,,,1,70,,23806,9,,,1,30,,23818,9,,,1,70,,23822,9,,,1,30,,23823,9,,,1,70,,23824,9,,,1
20300,'1',1902,,26519,2,,,1,30,,26514,2,,,1,70,,26516,2,,,1,30,,19313,2,,,1,70,,26513,2,,,1,30,,26517,2,,,1,70,,26515,2,,,1,30,,26512,2,,,1,70,,26518,2,,,1
20300,'10',732,,26525,2,,,1,70,,26536,2,,,1,30,,26521,2,,,1,70,,26546,2,,,1,30,,26545,2,,,1,70,,26529,2,,,1,30,,26544,2,,,1,70,,26526,2,,,1,30,,26530,2,,,1,70,,26531,2,,,1,30,,26528,2,,,1,70,,26537,2,,,1,30,,26523,2,,,1,70,,26527,2,,,1,30,,26520,2,,,1,70,,26542,2,,,1,30,,26524,2,,,1,70,,26533,2,,,1,30,,26540,2,,,1,70,,26522,2,,,1,30,,26538,2,,,1,70,,26532,2,,,1,30,,26543,2,,,1,70,,26534,2,,,1,30,,26535,2,,,1,70,,26541,2,,,1,30,,26539,2,,,1
20300,'11',732,,26571,2,,,1,70,,26558,2,,,1,30,,26572,2,,,1,70,,26553,2,,,1,30,,26573,2,,,1,70,,26547,2,,,1,30,,26561,2,,,1,70,,26560,2,,,1,30,,26569,2,,,1,70,,26549,2,,,1,30,,26566,2,,,1,70,,26554,2,,,1,30,,26550,2,,,1,70,,26551,2,,,1,30,,26556,2,,,1,70,,26548,2,,,1,30,,26564,2,,,1,70,,26563,2,,,1,30,,26559,2,,,1,70,,26555,2,,,1,30,,26562,2,,,1,70,,26552,2,,,1,30,,26557,2,,,1,70,,26567,2,,,1,30,,26565,2,,,1,70,,26570,2,,,1,30,,26568,2,,,1
20300,'2',1902,,26581,2,,,1,30,,26575,2,,,1,70,,26580,2,,,1,30,,26578,2,,,1,70,,26582,2,,,1,30,,26579,2,,,1,70,,26576,2,,,1,30,,26574,2,,,1,70,,26577,2,,,1
20300,'3',1902,,26585,2,,,1,30,,26589,2,,,1,70,,26586,2,,,1,30,,26590,2,,,1,70,,26583,2,,,1,30,,26591,2,,,1,70,,26584,2,,,1,30,,26587,2,,,1,70,,26588,2,,,1
20300,'4',1902,,26598,2,,,1,30,,26592,2,,,1,70,,26594,2,,,1,30,,26595,2,,,1,70,,26599,2,,,1,30,,26597,2,,,1,70,,26600,2,,,1,30,,26596,2,,,1,70,,26593,2,,,1
20300,'5',1902,,26607,2,,,1,30,,26601,2,,,1,70,,26606,2,,,1,30,,26604,2,,,1,70,,26609,2,,,1,30,,26605,2,,,1,70,,26602,2,,,1,30,,26603,2,,,1,70,,26608,2,,,1
20300,'6',732,,26622,2,,,1,70,,26636,2,,,1,30,,26628,2,,,1,70,,26621,2,,,1,30,,26616,2,,,1,70,,26618,2,,,1,30,,26619,2,,,1,70,,26624,2,,,1,30,,26611,2,,,1,70,,26625,2,,,1,30,,26617,2,,,1,70,,26633,2,,,1,30,,26614,2,,,1,70,,26610,2,,,1,30,,26630,2,,,1,70,,26612,2,,,1,30,,26634,2,,,1,70,,26623,2,,,1,30,,26627,2,,,1,70,,26615,2,,,1,30,,26631,2,,,1,70,,26635,2,,,1,30,,26620,2,,,1,70,,26626,2,,,1,30,,26632,2,,,1,70,,26629,2,,,1,30,,26613,2,,,1
20300,'7',1902,,26637,2,,,1,30,,26643,2,,,1,70,,26638,2,,,1,30,,26644,2,,,1,70,,26640,2,,,1,30,,26641,2,,,1,70,,26645,2,,,1,30,,26642,2,,,1,70,,26639,2,,,1
20300,'8',1902,,26650,2,,,1,30,,26652,2,,,1,70,,26649,2,,,1,30,,26654,2,,,1,70,,26646,2,,,1,30,,26648,2,,,1,70,,26651,2,,,1,30,,26647,2,,,1,70,,26653,2,,,1
20300,'9',1902,,26656,2,,,1,30,,26657,2,,,1,70,,26658,2,,,1,30,,26663,2,,,1,70,,26661,2,,,1,30,,26655,2,,,1,70,,26659,2,,,1,30,,26662,2,,,1,70,,26660,2,,,1
