10701,'1',555,,22097,2,0,5 6,1,100,,22072,2,0,5 6,1,70,,22075,2,0,5 6,1,30,,22066,2,0,5 6,1,70,,22117,2,0,5 6,1,30,,22073,2,0,5 6,1,100,,22070,2,0,5 6,1,100,,22071,2,0,5 6,1,100,,22103,2,0,5 6,1,100,,22084,2,0,5 6,1,100,,22061,2,0,5 6,1,70,,22090,2,0,5 6,1,30,,22104,2,0,5 6,1,70,,22079,2,0,5 6,1,30,,22082,2,0,5 6,1,70,,22099,2,0,5 6,1,30,,22116,2,0,5 6,1,70,,22086,2,0,5 6,1,30,,22067,2,0,5 6,1,100,,22091,2,0,5 6,1
10701,'2',555,,18058,2,0,5 6,1,100,,22172,2,0,5 6,1,70,,22168,2,0,5 6,1,30,,22158,2,0,5 6,1,70,,22173,2,0,5 6,1,30,,22121,2,0,5 6,1,100,,22136,2,0,5 6,1,100,,22141,2,0,5 6,1,100,,22165,2,0,5 6,1,100,,22118,2,0,5 6,1,100,,22171,2,0,5 6,1,70,,22124,2,0,5 6,1,30,,22167,2,0,5 6,1,70,,22139,2,0,5 6,1,30,,22126,2,0,5 6,1,70,,22162,2,0,5 6,1,30,,22152,2,0,5 6,1,70,,22155,2,0,5 6,1,30,,22170,2,0,5 6,1,100,,22135,2,0,5 6,1
10701,'3',555,,22227,2,0,5 6,1,100,,22229,2,0,5 6,1,70,,22218,2,0,5 6,1,30,,22183,2,0,5 6,1,70,,22219,2,0,5 6,1,30,,22233,2,0,5 6,1,100,,22181,2,0,5 6,1,100,,22225,2,0,5 6,1,100,,22191,2,0,5 6,1,100,,22194,2,0,5 6,1,100,,22201,2,0,5 6,1,70,,22185,2,0,5 6,1,30,,22187,2,0,5 6,1,70,,22182,2,0,5 6,1,30,,22234,2,0,5 6,1,70,,22205,2,0,5 6,1,30,,22186,2,0,5 6,1,70,,22184,2,0,5 6,1,30,,22221,2,0,5 6,1,100,,22197,2,0,5 6,1
10701,'4',555,,22256,2,0,5 6,1,100,,22292,2,0,5 6,1,70,,22246,2,0,5 6,1,30,,22263,2,0,5 6,1,70,,22259,2,0,5 6,1,30,,22267,2,0,5 6,1,100,,22239,2,0,5 6,1,100,,22278,2,0,5 6,1,100,,22241,2,0,5 6,1,100,,22238,2,0,5 6,1,100,,22255,2,0,5 6,1,70,,22281,2,0,5 6,1,30,,22254,2,0,5 6,1,70,,22274,2,0,5 6,1,30,,22266,2,0,5 6,1,70,,22268,2,0,5 6,1,30,,22271,2,0,5 6,1,70,,22248,2,0,5 6,1,30,,22240,2,0,5 6,1,100,,22250,2,0,5 6,1
10701,'5',555,,22308,2,0,5 6,1,100,,22339,2,0,5 6,1,70,,22314,2,0,5 6,1,30,,22317,2,0,5 6,1,70,,22329,2,0,5 6,1,30,,22300,2,0,5 6,1,100,,22353,2,0,5 6,1,100,,22324,2,0,5 6,1,100,,22345,2,0,5 6,1,100,,22351,2,0,5 6,1,100,,22326,2,0,5 6,1,70,,22305,2,0,5 6,1,30,,22323,2,0,5 6,1,70,,22341,2,0,5 6,1,30,,22297,2,0,5 6,1,70,,22342,2,0,5 6,1,30,,22303,2,0,5 6,1,70,,22319,2,0,5 6,1,30,,22302,2,0,5 6,1,100,,22335,2,0,5 6,1
10701,'7',555,,22383,2,0,5 6,1,100,,22385,2,0,5 6,1,70,,22397,2,0,5 6,1,30,,22376,2,0,5 6,1,70,,22390,2,0,5 6,1,30,,22401,2,0,5 6,1,100,,22367,2,0,5 6,1,100,,22410,2,0,5 6,1,100,,22394,2,0,5 6,1,100,,22409,2,0,5 6,1,100,,22392,2,0,5 6,1,70,,22388,2,0,5 6,1,30,,22414,2,0,5 6,1,70,,22361,2,0,5 6,1,30,,22386,2,0,5 6,1,70,,22381,2,0,5 6,1,30,,22415,2,0,5 6,1,70,,22395,2,0,5 6,1,30,,22398,2,0,5 6,1,100,,22391,2,0,5 6,1
10701,'8',555,,22440,2,0,5 6,1,100,,22452,2,0,5 6,1,70,,22459,2,0,5 6,1,30,,22456,2,0,5 6,1,70,,22470,2,0,5 6,1,30,,22471,2,0,5 6,1,100,,22438,2,0,5 6,1,100,,22418,2,0,5 6,1,100,,22420,2,0,5 6,1,100,,22448,2,0,5 6,1,100,,22460,2,0,5 6,1,70,,22441,2,0,5 6,1,30,,22427,2,0,5 6,1,70,,22445,2,0,5 6,1,30,,22450,2,0,5 6,1,70,,22431,2,0,5 6,1,30,,22416,2,0,5 6,1,70,,22451,2,0,5 6,1,30,,22449,2,0,5 6,1,100,,22464,2,0,5 6,1
10701,'9',555,,22530,2,0,5 6,1,100,,22490,2,0,5 6,1,70,,22481,2,0,5 6,1,30,,22515,2,0,5 6,1,70,,22517,2,0,5 6,1,30,,22494,2,0,5 6,1,100,,22486,2,0,5 6,1,100,,22482,2,0,5 6,1,100,,22534,2,0,5 6,1,100,,22524,2,0,5 6,1,100,,22506,2,0,5 6,1,70,,22518,2,0,5 6,1,30,,22514,2,0,5 6,1,70,,22476,2,0,5 6,1,30,,22519,2,0,5 6,1,70,,22478,2,0,5 6,1,30,,22489,2,0,5 6,1,70,,22523,2,0,5 6,1,30,,22480,2,0,5 6,1,100,,22535,2,0,5 6,1
21401,'1',1836,,29314,2,,,1,100,,29315,2,,,1,100,,29313,2,,,1,100,,29312,2,,,1,100,,29311,2,,,1
21401,'10',736,,29324,2,,,1,100,,29323,2,,,1,100,,29327,2,,,1,100,,29322,2,,,1,100,,29325,2,,,1,100,,29316,2,,,1,100,,29326,2,,,1,100,,29319,2,,,1,100,,29320,2,,,1,100,,17231,2,,,1,100,,29317,2,,,1,100,,29318,2,,,1,100,,29321,2,,,1
21401,'11',736,,29335,2,,,1,100,,29331,2,,,1,100,,29334,2,,,1,100,,29328,2,,,1,100,,29329,2,,,1,100,,29336,2,,,1,100,,29330,2,,,1,100,,29338,2,,,1,100,,29339,2,,,1,100,,29332,2,,,1,100,,29337,2,,,1,100,,29340,2,,,1,100,,29333,2,,,1
21401,'2',1836,,29344,2,,,1,100,,29343,2,,,1,100,,29342,2,,,1,100,,29341,2,,,1,100,,29345,2,,,1
21401,'3',1836,,29347,2,,,1,100,,29350,2,,,1,100,,29348,2,,,1,100,,29346,2,,,1,100,,29349,2,,,1
21401,'4',1836,,29354,2,,,1,100,,29352,2,,,1,100,,29355,2,,,1,100,,29353,2,,,1,100,,29351,2,,,1
21401,'5',1836,,29360,2,,,1,100,,29358,2,,,1,100,,29357,2,,,1,100,,29356,2,,,1,100,,29359,2,,,1
21401,'6',736,,29373,2,,,1,100,,29365,2,,,1,100,,29368,2,,,1,100,,29367,2,,,1,100,,29370,2,,,1,100,,29366,2,,,1,100,,29361,2,,,1,100,,29364,2,,,1,100,,29372,2,,,1,100,,29369,2,,,1,100,,29363,2,,,1,100,,29371,2,,,1,100,,29362,2,,,1
21401,'7',1836,,29377,2,,,1,100,,29374,2,,,1,100,,29375,2,,,1,100,,29378,2,,,1,100,,29376,2,,,1
21401,'8',1836,,29382,2,,,1,100,,29379,2,,,1,100,,29380,2,,,1,100,,29381,2,,,1,100,,29383,2,,,1
21401,'9',1836,,29388,2,,,1,100,,29386,2,,,1,100,,29387,2,,,1,100,,29385,2,,,1,100,,29384,2,,,1
