10700,'1',631,,21914,3,0,5 6,1,100,,21915,3,0,5 6,1,70,,21920,3,0,5 6,1,30,,21926,3,0,5 6,1,70,,21913,3,0,5 6,1,30,,21912,3,0,5 6,1,100,,21917,3,0,5 6,1,100,,21923,3,0,5 6,1,100,,21924,3,0,5 6,1,100,,17265,3,0,5 6,1,100,,21925,3,0,5 6,1,70,,21922,3,0,5 6,1,30,,21919,3,0,5 6,1,70,,18192,3,0,5 6,1,30,,21911,3,0,5 6,1,70,,21921,3,0,5 6,1,30,,18668,3,0,5 6,1,70,,21916,3,0,5 6,1,30,,21918,3,0,5 6,1
10700,'2',631,,21936,3,0,5 6,1,100,,21932,3,0,5 6,1,70,,21927,3,0,5 6,1,30,,21943,3,0,5 6,1,70,,21933,3,0,5 6,1,30,,21944,3,0,5 6,1,100,,21935,3,0,5 6,1,100,,21942,3,0,5 6,1,100,,21937,3,0,5 6,1,100,,21938,3,0,5 6,1,100,,15154,3,0,5 6,1,70,,21934,3,0,5 6,1,30,,21931,3,0,5 6,1,70,,21930,3,0,5 6,1,30,,21940,3,0,5 6,1,70,,21939,3,0,5 6,1,30,,21941,3,0,5 6,1,70,,21928,3,0,5 6,1,30,,21929,3,0,5 6,1
10700,'3',631,,21959,3,0,5 6,1,100,,21954,3,0,5 6,1,70,,21956,3,0,5 6,1,30,,21948,3,0,5 6,1,70,,21962,3,0,5 6,1,30,,21957,3,0,5 6,1,100,,21963,3,0,5 6,1,100,,21961,3,0,5 6,1,100,,21950,3,0,5 6,1,100,,21945,3,0,5 6,1,100,,21947,3,0,5 6,1,70,,21949,3,0,5 6,1,30,,21953,3,0,5 6,1,70,,21955,3,0,5 6,1,30,,21951,3,0,5 6,1,70,,21952,3,0,5 6,1,30,,21958,3,0,5 6,1,70,,21960,3,0,5 6,1,30,,21946,3,0,5 6,1
10700,'4',631,,21981,3,0,5 6,1,100,,21977,3,0,5 6,1,70,,21968,3,0,5 6,1,30,,21966,3,0,5 6,1,70,,21979,3,0,5 6,1,30,,21980,3,0,5 6,1,100,,21976,3,0,5 6,1,100,,21973,3,0,5 6,1,100,,21969,3,0,5 6,1,100,,21971,3,0,5 6,1,100,,21974,3,0,5 6,1,70,,21970,3,0,5 6,1,30,,21972,3,0,5 6,1,70,,21978,3,0,5 6,1,30,,21964,3,0,5 6,1,70,,21982,3,0,5 6,1,30,,21967,3,0,5 6,1,70,,21965,3,0,5 6,1,30,,21975,3,0,5 6,1
10700,'5',631,,22000,3,0,5 6,1,100,,22001,3,0,5 6,1,70,,21994,3,0,5 6,1,30,,21992,3,0,5 6,1,70,,21999,3,0,5 6,1,30,,21993,3,0,5 6,1,100,,21998,3,0,5 6,1,100,,21986,3,0,5 6,1,100,,21991,3,0,5 6,1,100,,21995,3,0,5 6,1,100,,21983,3,0,5 6,1,70,,21989,3,0,5 6,1,30,,21990,3,0,5 6,1,70,,21984,3,0,5 6,1,30,,21996,3,0,5 6,1,70,,21997,3,0,5 6,1,30,,21987,3,0,5 6,1,70,,21985,3,0,5 6,1,30,,21988,3,0,5 6,1
10700,'7',631,,22012,3,0,5 6,1,100,,22007,3,0,5 6,1,70,,22008,3,0,5 6,1,30,,22017,3,0,5 6,1,70,,22018,3,0,5 6,1,30,,22004,3,0,5 6,1,100,,22009,3,0,5 6,1,100,,22019,3,0,5 6,1,100,,22015,3,0,5 6,1,100,,22003,3,0,5 6,1,100,,22006,3,0,5 6,1,70,,22011,3,0,5 6,1,30,,22020,3,0,5 6,1,70,,22005,3,0,5 6,1,30,,22016,3,0,5 6,1,70,,22013,3,0,5 6,1,30,,22002,3,0,5 6,1,70,,22014,3,0,5 6,1,30,,22010,3,0,5 6,1
10700,'8',631,,22029,3,0,5 6,1,100,,22031,3,0,5 6,1,70,,22026,3,0,5 6,1,30,,22030,3,0,5 6,1,70,,22027,3,0,5 6,1,30,,22035,3,0,5 6,1,100,,22034,3,0,5 6,1,100,,22024,3,0,5 6,1,100,,22025,3,0,5 6,1,100,,22032,3,0,5 6,1,100,,22033,3,0,5 6,1,70,,22022,3,0,5 6,1,30,,22038,3,0,5 6,1,70,,22021,3,0,5 6,1,30,,22023,3,0,5 6,1,70,,22039,3,0,5 6,1,30,,22037,3,0,5 6,1,70,,22036,3,0,5 6,1,30,,22028,3,0,5 6,1
10700,'9',631,,22044,3,0,5 6,1,100,,22057,3,0,5 6,1,70,,22058,3,0,5 6,1,30,,22048,3,0,5 6,1,70,,22043,3,0,5 6,1,30,,22045,3,0,5 6,1,100,,22055,3,0,5 6,1,100,,22051,3,0,5 6,1,100,,22054,3,0,5 6,1,100,,22052,3,0,5 6,1,100,,22046,3,0,5 6,1,70,,22047,3,0,5 6,1,30,,22042,3,0,5 6,1,70,,22049,3,0,5 6,1,30,,22053,3,0,5 6,1,70,,22050,3,0,5 6,1,30,,22041,3,0,5 6,1,70,,22056,3,0,5 6,1,30,,22040,3,0,5 6,1
11500,'1',701,,25320,3,0,7 1 8,1,30,,25326,3,0,7 1 8,1,70,,25315,3,0,7 1 8,1,30,,25316,3,0,7 1 8,1,70,,25325,3,0,7 1 8,1,30,,25332,3,0,7 1 8,1,70,,25328,3,0,7 1 8,1,100,,25327,3,0,7 1 8,1,100,,25319,3,0,7 1 8,1,100,,25323,3,0,7 1 8,1,100,,25322,3,0,7 1 8,1,100,,25330,3,0,7 1 8,1,30,,25331,3,0,7 1 8,1,70,,25318,3,0,7 1 8,1,30,,25321,3,0,7 1 8,1,70,,25324,3,0,7 1 8,1,30,,25317,3,0,7 1 8,1,70,,25329,3,0,7 1 8,1
11500,'2',701,,25349,3,0,7 1 8,1,30,,25334,3,0,7 1 8,1,70,,25338,3,0,7 1 8,1,30,,25347,3,0,7 1 8,1,70,,25335,3,0,7 1 8,1,30,,25336,3,0,7 1 8,1,70,,25339,3,0,7 1 8,1,100,,25333,3,0,7 1 8,1,100,,25343,3,0,7 1 8,1,100,,25341,3,0,7 1 8,1,100,,25337,3,0,7 1 8,1,100,,25344,3,0,7 1 8,1,30,,25346,3,0,7 1 8,1,70,,25348,3,0,7 1 8,1,30,,25340,3,0,7 1 8,1,70,,25342,3,0,7 1 8,1,30,,25345,3,0,7 1 8,1,70,,25350,3,0,7 1 8,1
11500,'3',701,,25367,3,0,7 1 8,1,30,,25365,3,0,7 1 8,1,70,,25357,3,0,7 1 8,1,30,,25362,3,0,7 1 8,1,70,,25352,3,0,7 1 8,1,30,,25354,3,0,7 1 8,1,70,,25366,3,0,7 1 8,1,100,,25359,3,0,7 1 8,1,100,,25368,3,0,7 1 8,1,100,,25360,3,0,7 1 8,1,100,,25364,3,0,7 1 8,1,100,,25358,3,0,7 1 8,1,30,,25363,3,0,7 1 8,1,70,,25355,3,0,7 1 8,1,30,,25353,3,0,7 1 8,1,70,,25351,3,0,7 1 8,1,30,,25361,3,0,7 1 8,1,70,,25356,3,0,7 1 8,1
11500,'4',701,,25373,3,0,7 1 8,1,30,,25369,3,0,7 1 8,1,70,,25384,3,0,7 1 8,1,30,,25383,3,0,7 1 8,1,70,,25374,3,0,7 1 8,1,30,,25380,3,0,7 1 8,1,70,,25386,3,0,7 1 8,1,100,,25376,3,0,7 1 8,1,100,,25372,3,0,7 1 8,1,100,,25378,3,0,7 1 8,1,100,,25385,3,0,7 1 8,1,100,,25375,3,0,7 1 8,1,30,,25371,3,0,7 1 8,1,70,,25379,3,0,7 1 8,1,30,,25370,3,0,7 1 8,1,70,,25381,3,0,7 1 8,1,30,,25382,3,0,7 1 8,1,70,,25377,3,0,7 1 8,1
11500,'5',701,,25393,3,0,7 1 8,1,30,,25402,3,0,7 1 8,1,70,,25394,3,0,7 1 8,1,30,,25392,3,0,7 1 8,1,70,,25400,3,0,7 1 8,1,30,,25390,3,0,7 1 8,1,70,,25391,3,0,7 1 8,1,100,,25389,3,0,7 1 8,1,100,,25404,3,0,7 1 8,1,100,,25395,3,0,7 1 8,1,100,,25397,3,0,7 1 8,1,100,,25387,3,0,7 1 8,1,30,,25399,3,0,7 1 8,1,70,,25403,3,0,7 1 8,1,30,,25401,3,0,7 1 8,1,70,,25396,3,0,7 1 8,1,30,,25388,3,0,7 1 8,1,70,,25398,3,0,7 1 8,1
11500,'7',701,,25418,3,0,7 1 8,1,30,,25420,3,0,7 1 8,1,70,,25408,3,0,7 1 8,1,30,,25419,3,0,7 1 8,1,70,,25421,3,0,7 1 8,1,30,,25412,3,0,7 1 8,1,70,,25422,3,0,7 1 8,1,100,,25414,3,0,7 1 8,1,100,,25405,3,0,7 1 8,1,100,,25411,3,0,7 1 8,1,100,,25410,3,0,7 1 8,1,100,,25406,3,0,7 1 8,1,30,,25413,3,0,7 1 8,1,70,,25415,3,0,7 1 8,1,30,,25416,3,0,7 1 8,1,70,,25417,3,0,7 1 8,1,30,,25409,3,0,7 1 8,1,70,,25407,3,0,7 1 8,1
11500,'8',701,,25427,3,0,7 1 8,1,30,,25438,3,0,7 1 8,1,70,,25425,3,0,7 1 8,1,30,,25434,3,0,7 1 8,1,70,,25429,3,0,7 1 8,1,30,,25433,3,0,7 1 8,1,70,,25440,3,0,7 1 8,1,100,,25435,3,0,7 1 8,1,100,,25437,3,0,7 1 8,1,100,,25432,3,0,7 1 8,1,100,,25436,3,0,7 1 8,1,100,,25424,3,0,7 1 8,1,30,,25426,3,0,7 1 8,1,70,,25431,3,0,7 1 8,1,30,,25428,3,0,7 1 8,1,70,,25430,3,0,7 1 8,1,30,,25439,3,0,7 1 8,1,70,,25423,3,0,7 1 8,1
11500,'9',701,,25456,3,0,7 1 8,1,30,,25454,3,0,7 1 8,1,70,,25441,3,0,7 1 8,1,30,,25445,3,0,7 1 8,1,70,,25458,3,0,7 1 8,1,30,,25449,3,0,7 1 8,1,70,,25446,3,0,7 1 8,1,100,,25452,3,0,7 1 8,1,100,,25443,3,0,7 1 8,1,100,,25447,3,0,7 1 8,1,100,,25451,3,0,7 1 8,1,100,,25450,3,0,7 1 8,1,30,,25444,3,0,7 1 8,1,70,,25457,3,0,7 1 8,1,30,,25453,3,0,7 1 8,1,70,,25455,3,0,7 1 8,1,30,,25442,3,0,7 1 8,1,70,,25448,3,0,7 1 8,1
21000,'1',1901,,28340,3,,,1,30,,28339,3,,,1,70,,28344,3,,,1,30,,28341,3,,,1,70,,28342,3,,,1,30,,28343,3,,,1,70,,28338,3,,,1,30,,28337,3,,,1,70,,18348,3,,,1
21000,'10',731,,28364,3,,,1,70,,28349,3,,,1,30,,28351,3,,,1,70,,28370,3,,,1,30,,28354,3,,,1,70,,28353,3,,,1,30,,28371,3,,,1,70,,28368,3,,,1,30,,28360,3,,,1,70,,28365,3,,,1,30,,28347,3,,,1,70,,28352,3,,,1,30,,28345,3,,,1,70,,28361,3,,,1,30,,28362,3,,,1,70,,28357,3,,,1,30,,28359,3,,,1,70,,28356,3,,,1,30,,28350,3,,,1,70,,28346,3,,,1,30,,28358,3,,,1,70,,28367,3,,,1,30,,28369,3,,,1,70,,28366,3,,,1,30,,28363,3,,,1,70,,28355,3,,,1,30,,28348,3,,,1
21000,'11',731,,28374,3,,,1,70,,28395,3,,,1,30,,28397,3,,,1,70,,28388,3,,,1,30,,28389,3,,,1,70,,28372,3,,,1,30,,28387,3,,,1,70,,28396,3,,,1,30,,28375,3,,,1,70,,28392,3,,,1,30,,28391,3,,,1,70,,28385,3,,,1,30,,28398,3,,,1,70,,28384,3,,,1,30,,28394,3,,,1,70,,28383,3,,,1,30,,28377,3,,,1,70,,28380,3,,,1,30,,28373,3,,,1,70,,28376,3,,,1,30,,28386,3,,,1,70,,28379,3,,,1,30,,28378,3,,,1,70,,28382,3,,,1,30,,28381,3,,,1,70,,28393,3,,,1,30,,28390,3,,,1
21000,'2',1901,,18174,3,,,1,30,,28401,3,,,1,70,,28399,3,,,1,30,,28402,3,,,1,70,,28405,3,,,1,30,,28400,3,,,1,70,,28403,3,,,1,30,,28404,3,,,1,70,,28406,3,,,1
21000,'3',1901,,28411,3,,,1,30,,28408,3,,,1,70,,28410,3,,,1,30,,28412,3,,,1,70,,28414,3,,,1,30,,28415,3,,,1,70,,28407,3,,,1,30,,28413,3,,,1,70,,28409,3,,,1
21000,'4',1901,,28422,3,,,1,30,,28420,3,,,1,70,,28421,3,,,1,30,,28416,3,,,1,70,,28417,3,,,1,30,,28424,3,,,1,70,,28418,3,,,1,30,,28419,3,,,1,70,,28423,3,,,1
21000,'5',1901,,28431,3,,,1,30,,28433,3,,,1,70,,28428,3,,,1,30,,28427,3,,,1,70,,28425,3,,,1,30,,28430,3,,,1,70,,28426,3,,,1,30,,28429,3,,,1,70,,28432,3,,,1
21000,'6',731,,28446,3,,,1,70,,28437,3,,,1,30,,28458,3,,,1,70,,28443,3,,,1,30,,28457,3,,,1,70,,28435,3,,,1,30,,28434,3,,,1,70,,28440,3,,,1,30,,28444,3,,,1,70,,28438,3,,,1,30,,28455,3,,,1,70,,28436,3,,,1,30,,28450,3,,,1,70,,28453,3,,,1,30,,28451,3,,,1,70,,28456,3,,,1,30,,28448,3,,,1,70,,28447,3,,,1,30,,28441,3,,,1,70,,28454,3,,,1,30,,28449,3,,,1,70,,28445,3,,,1,30,,28442,3,,,1,70,,28439,3,,,1,30,,28460,3,,,1,70,,28452,3,,,1,30,,28459,3,,,1
21000,'7',1901,,28462,3,,,1,30,,28463,3,,,1,70,,28467,3,,,1,30,,28465,3,,,1,70,,28461,3,,,1,30,,28468,3,,,1,70,,28464,3,,,1,30,,28469,3,,,1,70,,28466,3,,,1
21000,'8',1901,,28478,3,,,1,30,,28470,3,,,1,70,,28476,3,,,1,30,,28471,3,,,1,70,,28475,3,,,1,30,,28477,3,,,1,70,,28473,3,,,1,30,,28472,3,,,1,70,,28474,3,,,1
21000,'9',1901,,28486,3,,,1,30,,28483,3,,,1,70,,28479,3,,,1,30,,28485,3,,,1,70,,28484,3,,,1,30,,28480,3,,,1,70,,28481,3,,,1,30,,28482,3,,,1,70,,28487,3,,,1
