10800,'1',706,,22568,12,,,1,30,,22559,12,,,1,70,,22555,12,,,1,30,,17782,12,,,1,70,,22563,12,,,1,30,,22545,12,,,1,100,,22540,12,,,1,100,,22561,12,,,1,100,,22566,12,,,1,100,,22565,12,,,1,100,,22552,12,,,1,70,,22549,12,,,1,30,,22550,12,,,1,70,,22562,12,,,1,30,,22542,12,,,1,70,,22564,12,,,1,30,,22557,12,,,1
10800,'2',706,,22587,12,,,1,30,,22583,12,,,1,70,,22579,12,,,1,30,,22573,12,,,1,70,,22572,12,,,1,30,,22584,12,,,1,100,,22570,12,,,1,100,,22601,12,,,1,100,,22590,12,,,1,100,,22586,12,,,1,100,,22588,12,,,1,70,,22598,12,,,1,30,,22571,12,,,1,70,,22578,12,,,1,30,,22575,12,,,1,70,,22574,12,,,1,30,,22589,12,,,1
10800,'3',706,,22630,12,,,1,30,,22629,12,,,1,70,,22608,12,,,1,30,,22612,12,,,1,70,,22623,12,,,1,30,,22634,12,,,1,100,,22624,12,,,1,100,,22633,12,,,1,100,,22606,12,,,1,100,,22609,12,,,1,100,,22621,12,,,1,70,,22619,12,,,1,30,,22631,12,,,1,70,,22615,12,,,1,30,,22617,12,,,1,70,,22622,12,,,1,30,,22610,12,,,1
10800,'4',706,,22656,12,,,1,30,,22644,12,,,1,70,,22665,12,,,1,30,,22658,12,,,1,70,,22668,12,,,1,30,,22652,12,,,1,100,,22663,12,,,1,100,,22637,12,,,1,100,,22661,12,,,1,100,,22642,12,,,1,100,,22641,12,,,1,70,,22651,12,,,1,30,,22660,12,,,1,70,,22655,12,,,1,30,,22646,12,,,1,70,,22654,12,,,1,30,,22645,12,,,1
10800,'5',706,,22681,12,,,1,30,,22700,12,,,1,70,,22698,12,,,1,30,,22676,12,,,1,70,,22703,12,,,1,30,,22694,12,,,1,100,,22702,12,,,1,100,,22693,12,,,1,100,,22682,12,,,1,100,,22689,12,,,1,100,,22699,12,,,1,70,,22685,12,,,1,30,,22686,12,,,1,70,,22704,12,,,1,30,,22690,12,,,1,70,,22675,12,,,1,30,,22678,12,,,1
10800,'7',706,,22729,12,,,1,30,,22715,12,,,1,70,,22725,12,,,1,30,,22719,12,,,1,70,,22730,12,,,1,30,,22733,12,,,1,100,,22738,12,,,1,100,,22721,12,,,1,100,,22736,12,,,1,100,,22722,12,,,1,100,,22720,12,,,1,70,,22734,12,,,1,30,,22706,12,,,1,70,,22712,12,,,1,30,,22705,12,,,1,70,,22710,12,,,1,30,,22728,12,,,1
10800,'8',706,,22740,12,,,1,30,,22772,12,,,1,70,,22752,12,,,1,30,,22756,12,,,1,70,,22739,12,,,1,30,,22764,12,,,1,100,,22744,12,,,1,100,,22758,12,,,1,100,,22751,12,,,1,100,,22768,12,,,1,100,,22762,12,,,1,70,,22745,12,,,1,30,,22747,12,,,1,70,,22761,12,,,1,30,,22755,12,,,1,70,,22759,12,,,1,30,,22748,12,,,1
10800,'9',706,,22773,12,,,1,30,,22782,12,,,1,70,,22786,12,,,1,30,,22780,12,,,1,70,,22796,12,,,1,30,,22799,12,,,1,100,,22800,12,,,1,100,,22783,12,,,1,100,,22806,12,,,1,100,,22804,12,,,1,100,,22792,12,,,1,70,,22793,12,,,1,30,,22777,12,,,1,70,,22788,12,,,1,30,,22784,12,,,1,70,,22778,12,,,1,30,,22791,12,,,1
11401,'1',646,,25223,21,,,1,100,,25228,21,,,1,100,,25220,21,,,1,100,,25219,21,,,1,100,,25230,21,,,1,100,,25227,21,,,1,100,,25226,21,,,1,100,,25225,21,,,1,100,,25229,21,,,1,100,,25222,21,,,1,100,,25224,21,,,1,100,,25221,21,,,1
11401,'2',646,,25242,21,,,1,100,,25234,21,,,1,100,,25240,21,,,1,100,,25232,21,,,1,100,,25238,21,,,1,100,,25239,21,,,1,100,,25233,21,,,1,100,,25236,21,,,1,100,,25231,21,,,1,100,,25235,21,,,1,100,,25237,21,,,1,100,,25241,21,,,1
11401,'3',646,,25245,21,,,1,100,,25247,21,,,1,100,,25243,21,,,1,100,,25248,21,,,1,100,,25251,21,,,1,100,,25254,21,,,1,100,,25250,21,,,1,100,,25252,21,,,1,100,,25253,21,,,1,100,,25244,21,,,1,100,,25246,21,,,1,100,,25249,21,,,1
11401,'4',646,,25256,21,,,1,100,,25257,21,,,1,100,,25261,21,,,1,100,,25258,21,,,1,100,,25255,21,,,1,100,,25263,21,,,1,100,,25264,21,,,1,100,,25262,21,,,1,100,,25260,21,,,1,100,,25265,21,,,1,100,,25259,21,,,1,100,,25266,21,,,1
11401,'5',646,,25270,21,,,1,100,,25273,21,,,1,100,,25271,21,,,1,100,,25275,21,,,1,100,,25277,21,,,1,100,,25272,21,,,1,100,,25274,21,,,1,100,,25268,21,,,1,100,,25278,21,,,1,100,,25267,21,,,1,100,,25276,21,,,1,100,,25269,21,,,1
11401,'7',646,,25280,21,,,1,100,,25283,21,,,1,100,,25286,21,,,1,100,,25290,21,,,1,100,,25289,21,,,1,100,,25287,21,,,1,100,,25282,21,,,1,100,,25285,21,,,1,100,,25281,21,,,1,100,,25279,21,,,1,100,,25288,21,,,1,100,,25284,21,,,1
11401,'8',646,,25299,21,,,1,100,,25298,21,,,1,100,,25301,21,,,1,100,,25292,21,,,1,100,,25295,21,,,1,100,,25294,21,,,1,100,,25302,21,,,1,100,,25300,21,,,1,100,,25291,21,,,1,100,,25296,21,,,1,100,,25297,21,,,1,100,,25293,21,,,1
11401,'9',646,,25312,21,,,1,100,,25308,21,,,1,100,,25305,21,,,1,100,,25314,21,,,1,100,,25310,21,,,1,100,,25307,21,,,1,100,,25304,21,,,1,100,,25306,21,,,1,100,,25309,21,,,1,100,,25311,21,,,1,100,,25303,21,,,1,100,,25313,21,,,1
21401,'1',1847,,29314,27,,,1,100,,29315,27,,,1,100,,29313,27,,,1,100,,29312,27,,,1,100,,29311,27,,,1
21401,'10',747,,29324,27,,,1,100,,29323,27,,,1,100,,29327,27,,,1,100,,29322,27,,,1,100,,29325,27,,,1,100,,29316,27,,,1,100,,29326,27,,,1,100,,29319,27,,,1,100,,29320,27,,,1,100,,17231,27,,,1,100,,29317,27,,,1,100,,29318,27,,,1,100,,29321,27,,,1
21401,'11',747,,29335,27,,,1,100,,29331,27,,,1,100,,29334,27,,,1,100,,29328,27,,,1,100,,29329,27,,,1,100,,29336,27,,,1,100,,29330,27,,,1,100,,29338,27,,,1,100,,29339,27,,,1,100,,29332,27,,,1,100,,29337,27,,,1,100,,29340,27,,,1,100,,29333,27,,,1
21401,'2',1847,,29344,27,,,1,100,,29343,27,,,1,100,,29342,27,,,1,100,,29341,27,,,1,100,,29345,27,,,1
21401,'3',1847,,29347,27,,,1,100,,29350,27,,,1,100,,29348,27,,,1,100,,29346,27,,,1,100,,29349,27,,,1
21401,'4',1847,,29354,27,,,1,100,,29352,27,,,1,100,,29355,27,,,1,100,,29353,27,,,1,100,,29351,27,,,1
21401,'5',1847,,29360,27,,,1,100,,29358,27,,,1,100,,29357,27,,,1,100,,29356,27,,,1,100,,29359,27,,,1
21401,'6',747,,29373,27,,,1,100,,29365,27,,,1,100,,29368,27,,,1,100,,29367,27,,,1,100,,29370,27,,,1,100,,29366,27,,,1,100,,29361,27,,,1,100,,29364,27,,,1,100,,29372,27,,,1,100,,29369,27,,,1,100,,29363,27,,,1,100,,29371,27,,,1,100,,29362,27,,,1
21401,'7',1847,,29377,27,,,1,100,,29374,27,,,1,100,,29375,27,,,1,100,,29378,27,,,1,100,,29376,27,,,1
21401,'8',1847,,29382,27,,,1,100,,29379,27,,,1,100,,29380,27,,,1,100,,29381,27,,,1,100,,29383,27,,,1
21401,'9',1847,,29388,27,,,1,100,,29386,27,,,1,100,,29387,27,,,1,100,,29385,27,,,1,100,,29384,27,,,1
