10800,'1',705,,22568,10,,,1,30,,22559,10,,,1,70,,22555,10,,,1,30,,17782,10,,,1,70,,22563,10,,,1,30,,22545,10,,,1,100,,22540,10,,,1,100,,22561,10,,,1,100,,22566,10,,,1,100,,22565,10,,,1,100,,22552,10,,,1,70,,22549,10,,,1,30,,22550,10,,,1,70,,22562,10,,,1,30,,22542,10,,,1,70,,22564,10,,,1,30,,22557,10,,,1
10800,'2',705,,22587,10,,,1,30,,22583,10,,,1,70,,22579,10,,,1,30,,22573,10,,,1,70,,22572,10,,,1,30,,22584,10,,,1,100,,22570,10,,,1,100,,22601,10,,,1,100,,22590,10,,,1,100,,22586,10,,,1,100,,22588,10,,,1,70,,22598,10,,,1,30,,22571,10,,,1,70,,22578,10,,,1,30,,22575,10,,,1,70,,22574,10,,,1,30,,22589,10,,,1
10800,'3',705,,22630,10,,,1,30,,22629,10,,,1,70,,22608,10,,,1,30,,22612,10,,,1,70,,22623,10,,,1,30,,22634,10,,,1,100,,22624,10,,,1,100,,22633,10,,,1,100,,22606,10,,,1,100,,22609,10,,,1,100,,22621,10,,,1,70,,22619,10,,,1,30,,22631,10,,,1,70,,22615,10,,,1,30,,22617,10,,,1,70,,22622,10,,,1,30,,22610,10,,,1
10800,'4',705,,22656,10,,,1,30,,22644,10,,,1,70,,22665,10,,,1,30,,22658,10,,,1,70,,22668,10,,,1,30,,22652,10,,,1,100,,22663,10,,,1,100,,22637,10,,,1,100,,22661,10,,,1,100,,22642,10,,,1,100,,22641,10,,,1,70,,22651,10,,,1,30,,22660,10,,,1,70,,22655,10,,,1,30,,22646,10,,,1,70,,22654,10,,,1,30,,22645,10,,,1
10800,'5',705,,22681,10,,,1,30,,22700,10,,,1,70,,22698,10,,,1,30,,22676,10,,,1,70,,22703,10,,,1,30,,22694,10,,,1,100,,22702,10,,,1,100,,22693,10,,,1,100,,22682,10,,,1,100,,22689,10,,,1,100,,22699,10,,,1,70,,22685,10,,,1,30,,22686,10,,,1,70,,22704,10,,,1,30,,22690,10,,,1,70,,22675,10,,,1,30,,22678,10,,,1
10800,'7',705,,22729,10,,,1,30,,22715,10,,,1,70,,22725,10,,,1,30,,22719,10,,,1,70,,22730,10,,,1,30,,22733,10,,,1,100,,22738,10,,,1,100,,22721,10,,,1,100,,22736,10,,,1,100,,22722,10,,,1,100,,22720,10,,,1,70,,22734,10,,,1,30,,22706,10,,,1,70,,22712,10,,,1,30,,22705,10,,,1,70,,22710,10,,,1,30,,22728,10,,,1
10800,'8',705,,22740,10,,,1,30,,22772,10,,,1,70,,22752,10,,,1,30,,22756,10,,,1,70,,22739,10,,,1,30,,22764,10,,,1,100,,22744,10,,,1,100,,22758,10,,,1,100,,22751,10,,,1,100,,22768,10,,,1,100,,22762,10,,,1,70,,22745,10,,,1,30,,22747,10,,,1,70,,22761,10,,,1,30,,22755,10,,,1,70,,22759,10,,,1,30,,22748,10,,,1
10800,'9',705,,22773,10,,,1,30,,22782,10,,,1,70,,22786,10,,,1,30,,22780,10,,,1,70,,22796,10,,,1,30,,22799,10,,,1,100,,22800,10,,,1,100,,22783,10,,,1,100,,22806,10,,,1,100,,22804,10,,,1,100,,22792,10,,,1,70,,22793,10,,,1,30,,22777,10,,,1,70,,22788,10,,,1,30,,22784,10,,,1,70,,22778,10,,,1,30,,22791,10,,,1
11401,'1',644,,25223,19,,,1,100,,25228,19,,,1,100,,25220,19,,,1,100,,25219,19,,,1,100,,25230,19,,,1,100,,25227,19,,,1,100,,25226,19,,,1,100,,25225,19,,,1,100,,25229,19,,,1,100,,25222,19,,,1,100,,25224,19,,,1,100,,25221,19,,,1
11401,'2',644,,25242,19,,,1,100,,25234,19,,,1,100,,25240,19,,,1,100,,25232,19,,,1,100,,25238,19,,,1,100,,25239,19,,,1,100,,25233,19,,,1,100,,25236,19,,,1,100,,25231,19,,,1,100,,25235,19,,,1,100,,25237,19,,,1,100,,25241,19,,,1
11401,'3',644,,25245,19,,,1,100,,25247,19,,,1,100,,25243,19,,,1,100,,25248,19,,,1,100,,25251,19,,,1,100,,25254,19,,,1,100,,25250,19,,,1,100,,25252,19,,,1,100,,25253,19,,,1,100,,25244,19,,,1,100,,25246,19,,,1,100,,25249,19,,,1
11401,'4',644,,25256,19,,,1,100,,25257,19,,,1,100,,25261,19,,,1,100,,25258,19,,,1,100,,25255,19,,,1,100,,25263,19,,,1,100,,25264,19,,,1,100,,25262,19,,,1,100,,25260,19,,,1,100,,25265,19,,,1,100,,25259,19,,,1,100,,25266,19,,,1
11401,'5',644,,25270,19,,,1,100,,25273,19,,,1,100,,25271,19,,,1,100,,25275,19,,,1,100,,25277,19,,,1,100,,25272,19,,,1,100,,25274,19,,,1,100,,25268,19,,,1,100,,25278,19,,,1,100,,25267,19,,,1,100,,25276,19,,,1,100,,25269,19,,,1
11401,'7',644,,25280,19,,,1,100,,25283,19,,,1,100,,25286,19,,,1,100,,25290,19,,,1,100,,25289,19,,,1,100,,25287,19,,,1,100,,25282,19,,,1,100,,25285,19,,,1,100,,25281,19,,,1,100,,25279,19,,,1,100,,25288,19,,,1,100,,25284,19,,,1
11401,'8',644,,25299,19,,,1,100,,25298,19,,,1,100,,25301,19,,,1,100,,25292,19,,,1,100,,25295,19,,,1,100,,25294,19,,,1,100,,25302,19,,,1,100,,25300,19,,,1,100,,25291,19,,,1,100,,25296,19,,,1,100,,25297,19,,,1,100,,25293,19,,,1
11401,'9',644,,25312,19,,,1,100,,25308,19,,,1,100,,25305,19,,,1,100,,25314,19,,,1,100,,25310,19,,,1,100,,25307,19,,,1,100,,25304,19,,,1,100,,25306,19,,,1,100,,25309,19,,,1,100,,25311,19,,,1,100,,25303,19,,,1,100,,25313,19,,,1
21401,'1',1846,,29314,25,,,1,100,,29315,25,,,1,100,,29313,25,,,1,100,,29312,25,,,1,100,,29311,25,,,1
21401,'10',746,,29324,25,,,1,100,,29323,25,,,1,100,,29327,25,,,1,100,,29322,25,,,1,100,,29325,25,,,1,100,,29316,25,,,1,100,,29326,25,,,1,100,,29319,25,,,1,100,,29320,25,,,1,100,,17231,25,,,1,100,,29317,25,,,1,100,,29318,25,,,1,100,,29321,25,,,1
21401,'11',746,,29335,25,,,1,100,,29331,25,,,1,100,,29334,25,,,1,100,,29328,25,,,1,100,,29329,25,,,1,100,,29336,25,,,1,100,,29330,25,,,1,100,,29338,25,,,1,100,,29339,25,,,1,100,,29332,25,,,1,100,,29337,25,,,1,100,,29340,25,,,1,100,,29333,25,,,1
21401,'2',1846,,29344,25,,,1,100,,29343,25,,,1,100,,29342,25,,,1,100,,29341,25,,,1,100,,29345,25,,,1
21401,'3',1846,,29347,25,,,1,100,,29350,25,,,1,100,,29348,25,,,1,100,,29346,25,,,1,100,,29349,25,,,1
21401,'4',1846,,29354,25,,,1,100,,29352,25,,,1,100,,29355,25,,,1,100,,29353,25,,,1,100,,29351,25,,,1
21401,'5',1846,,29360,25,,,1,100,,29358,25,,,1,100,,29357,25,,,1,100,,29356,25,,,1,100,,29359,25,,,1
21401,'6',746,,29373,25,,,1,100,,29365,25,,,1,100,,29368,25,,,1,100,,29367,25,,,1,100,,29370,25,,,1,100,,29366,25,,,1,100,,29361,25,,,1,100,,29364,25,,,1,100,,29372,25,,,1,100,,29369,25,,,1,100,,29363,25,,,1,100,,29371,25,,,1,100,,29362,25,,,1
21401,'7',1846,,29377,25,,,1,100,,29374,25,,,1,100,,29375,25,,,1,100,,29378,25,,,1,100,,29376,25,,,1
21401,'8',1846,,29382,25,,,1,100,,29379,25,,,1,100,,29380,25,,,1,100,,29381,25,,,1,100,,29383,25,,,1
21401,'9',1846,,29388,25,,,1,100,,29386,25,,,1,100,,29387,25,,,1,100,,29385,25,,,1,100,,29384,25,,,1
