10801,'1',644,,22808,22,,,1,70,,22821,22,,,1,30,,22819,22,,,1,70,,22814,22,,,1,30,,22823,22,,,1,70,,22809,22,,,1,100,,22820,22,,,1,100,,22811,22,,,1,100,,22815,22,,,1,100,,22825,22,,,1,100,,22817,22,,,1,30,,22807,22,,,1,70,,22810,22,,,1,30,,22822,22,,,1,70,,22813,22,,,1,30,,22816,22,,,1,70,,22812,22,,,1
10801,'2',644,,22837,22,,,1,70,,22840,22,,,1,30,,22831,22,,,1,70,,22835,22,,,1,30,,22843,22,,,1,70,,22838,22,,,1,100,,22833,22,,,1,100,,22842,22,,,1,100,,22836,22,,,1,100,,22839,22,,,1,100,,22844,22,,,1,30,,22834,22,,,1,70,,22826,22,,,1,30,,22830,22,,,1,70,,22841,22,,,1,30,,22827,22,,,1,70,,22829,22,,,1
10801,'3',644,,22854,22,,,1,70,,22851,22,,,1,30,,22849,22,,,1,70,,22848,22,,,1,30,,22852,22,,,1,70,,22861,22,,,1,100,,22859,22,,,1,100,,22858,22,,,1,100,,22846,22,,,1,100,,22863,22,,,1,100,,22853,22,,,1,30,,22845,22,,,1,70,,22857,22,,,1,30,,22850,22,,,1,70,,22860,22,,,1,30,,22856,22,,,1,70,,22862,22,,,1
10801,'4',644,,22869,22,,,1,70,,22879,22,,,1,30,,22864,22,,,1,70,,22866,22,,,1,30,,22877,22,,,1,70,,22871,22,,,1,100,,22881,22,,,1,100,,22867,22,,,1,100,,22865,22,,,1,100,,22876,22,,,1,100,,22875,22,,,1,30,,22868,22,,,1,70,,22873,22,,,1,30,,22882,22,,,1,70,,22874,22,,,1,30,,22880,22,,,1,70,,22878,22,,,1
10801,'5',644,,22891,22,,,1,70,,22899,22,,,1,30,,22892,22,,,1,70,,22896,22,,,1,30,,22884,22,,,1,70,,22901,22,,,1,100,,22886,22,,,1,100,,22897,22,,,1,100,,22887,22,,,1,100,,22894,22,,,1,100,,22885,22,,,1,30,,22890,22,,,1,70,,22898,22,,,1,30,,22900,22,,,1,70,,22893,22,,,1,30,,22888,22,,,1,70,,22883,22,,,1
10801,'7',644,,22919,22,,,1,70,,22909,22,,,1,30,,22903,22,,,1,70,,22918,22,,,1,30,,22904,22,,,1,70,,22915,22,,,1,100,,22902,22,,,1,100,,22920,22,,,1,100,,22905,22,,,1,100,,22916,22,,,1,100,,22906,22,,,1,30,,22917,22,,,1,70,,22914,22,,,1,30,,22910,22,,,1,70,,22907,22,,,1,30,,22911,22,,,1,70,,22912,22,,,1
10801,'8',644,,22938,22,,,1,70,,22927,22,,,1,30,,22924,22,,,1,70,,22939,22,,,1,30,,22930,22,,,1,70,,22935,22,,,1,100,,22931,22,,,1,100,,22934,22,,,1,100,,22933,22,,,1,100,,22923,22,,,1,100,,22932,22,,,1,30,,22922,22,,,1,70,,22936,22,,,1,30,,22921,22,,,1,70,,22928,22,,,1,30,,22937,22,,,1,70,,22929,22,,,1
10801,'9',644,,22952,22,,,1,70,,22946,22,,,1,30,,22958,22,,,1,70,,22957,22,,,1,30,,22951,22,,,1,70,,22953,22,,,1,100,,22944,22,,,1,100,,22955,22,,,1,100,,22943,22,,,1,100,,22954,22,,,1,100,,22956,22,,,1,30,,22949,22,,,1,70,,22940,22,,,1,30,,22947,22,,,1,70,,22945,22,,,1,30,,22941,22,,,1,70,,22942,22,,,1
11401,'1',636,,25223,2,,,1,100,,25228,2,,,1,100,,25220,2,,,1,100,,25219,2,,,1,100,,25230,2,,,1,100,,25227,2,,,1,100,,25226,2,,,1,100,,25225,2,,,1,100,,25229,2,,,1,100,,25222,2,,,1,100,,25224,2,,,1,100,,25221,2,,,1
11401,'2',636,,25242,2,,,1,100,,25234,2,,,1,100,,25240,2,,,1,100,,25232,2,,,1,100,,25238,2,,,1,100,,25239,2,,,1,100,,25233,2,,,1,100,,25236,2,,,1,100,,25231,2,,,1,100,,25235,2,,,1,100,,25237,2,,,1,100,,25241,2,,,1
11401,'3',636,,25245,2,,,1,100,,25247,2,,,1,100,,25243,2,,,1,100,,25248,2,,,1,100,,25251,2,,,1,100,,25254,2,,,1,100,,25250,2,,,1,100,,25252,2,,,1,100,,25253,2,,,1,100,,25244,2,,,1,100,,25246,2,,,1,100,,25249,2,,,1
11401,'4',636,,25256,2,,,1,100,,25257,2,,,1,100,,25261,2,,,1,100,,25258,2,,,1,100,,25255,2,,,1,100,,25263,2,,,1,100,,25264,2,,,1,100,,25262,2,,,1,100,,25260,2,,,1,100,,25265,2,,,1,100,,25259,2,,,1,100,,25266,2,,,1
11401,'5',636,,25270,2,,,1,100,,25273,2,,,1,100,,25271,2,,,1,100,,25275,2,,,1,100,,25277,2,,,1,100,,25272,2,,,1,100,,25274,2,,,1,100,,25268,2,,,1,100,,25278,2,,,1,100,,25267,2,,,1,100,,25276,2,,,1,100,,25269,2,,,1
11401,'7',636,,25280,2,,,1,100,,25283,2,,,1,100,,25286,2,,,1,100,,25290,2,,,1,100,,25289,2,,,1,100,,25287,2,,,1,100,,25282,2,,,1,100,,25285,2,,,1,100,,25281,2,,,1,100,,25279,2,,,1,100,,25288,2,,,1,100,,25284,2,,,1
11401,'8',636,,25299,2,,,1,100,,25298,2,,,1,100,,25301,2,,,1,100,,25292,2,,,1,100,,25295,2,,,1,100,,25294,2,,,1,100,,25302,2,,,1,100,,25300,2,,,1,100,,25291,2,,,1,100,,25296,2,,,1,100,,25297,2,,,1,100,,25293,2,,,1
11401,'9',636,,25312,2,,,1,100,,25308,2,,,1,100,,25305,2,,,1,100,,25314,2,,,1,100,,25310,2,,,1,100,,25307,2,,,1,100,,25304,2,,,1,100,,25306,2,,,1,100,,25309,2,,,1,100,,25311,2,,,1,100,,25303,2,,,1,100,,25313,2,,,1
