'1',20261017,0,20261017,2,20261024,0,20261024,2,20261031,0,20261031,2,20261107,0,20261114,0,20261121,0,20261128,0
'10',20261011,0,20261011,2,20261018,0,20261018,2,20261025,0,20261025,2,20261101,0,20261108,0,20261115,0,20261122,0
'11',20261012,0,20261012,1,20261019,0,20261019,2,20261026,0,20261026,2,20261102,0,20261102,2,20261109,0,20261109,2,20261116,0,20261116,2,20261123,0,20261123,2
'2',20261012,0,20261012,2,20261013,0,20261013,2,20261014,0,20261014,2,20261015,0,20261015,2,20261019,0,20261019,2,20261020,0,20261020,2,20261021,0,20261021,2,20261022,0,20261022,2,20261026,0,20261026,2,20261027,0,20261027,2,20261028,0,20261028,2,20261029,0,20261029,2,20261102,0,20261103,0,20261104,0,20261105,0,20261109,0,20261110,0,20261111,0,20261112,0,20261116,0,20261117,0,20261118,0,20261119,0,20261123,0,20261124,0,20261125,0,20261126,0
'3',20261013,0,20261013,1,20261014,0,20261014,1,20261015,0,20261015,1,20261020,0,20261020,2,20261021,0,20261021,2,20261022,0,20261022,2,20261027,0,20261027,2,20261028,0,20261028,2,20261029,0,20261029,2,20261103,0,20261103,2,20261104,0,20261104,2,20261105,0,20261105,2,20261110,0,20261110,2,20261111,0,20261111,2,20261112,0,20261112,2,20261117,0,20261117,2,20261118,0,20261118,2,20261119,0,20261119,2,20261124,0,20261124,2,20261125,0,20261125,2,20261126,0,20261126,2
'4',20261016,0,20261016,2,20261023,0,20261023,2,20261030,0,20261030,2,20261106,0,20261113,0,20261120,0,20261127,0
'5',20261017,0,20261017,1,20261024,0,20261024,1,20261031,0,20261031,1,20261107,0,20261107,2,20261114,0,20261114,2,20261121,0,20261121,2,20261128,0,20261128,2
'6',20261011,0,20261011,1,20261018,0,20261018,1,20261025,0,20261025,1,20261101,0,20261101,2,20261108,0,20261108,2,20261115,0,20261115,2,20261122,0,20261122,2
'7',20261016,0,20261016,1,20261023,0,20261023,2,20261030,0,20261030,2,20261106,0,20261106,2,20261113,0,20261113,2,20261120,0,20261120,2,20261127,0,20261127,2
'8',20261016,0,20261016,2,20261023,0,20261023,1,20261030,0,20261030,1,20261106,0,20261106,2,20261113,0,20261113,2,20261120,0,20261120,2,20261127,0,20261127,2
'9',20261012,0,20261012,2,20261013,0,20261013,2,20261014,0,20261014,2,20261015,0,20261015,2,20261019,0,20261019,1,20261020,0,20261020,1,20261021,0,20261021,1,20261022,0,20261022,1,20261026,0,20261026,1,20261027,0,20261027,1,20261028,0,20261028,1,20261029,0,20261029,1,20261102,0,20261102,2,20261103,0,20261103,2,20261104,0,20261104,2,20261105,0,20261105,2,20261109,0,20261109,2,20261110,0,20261110,2,20261111,0,20261111,2,20261112,0,20261112,2,20261116,0,20261116,2,20261117,0,20261117,2,20261118,0,20261118,2,20261119,0,20261119,2,20261123,0,20261123,2,20261124,0,20261124,2,20261125,0,20261125,2,20261126,0,20261126,2
