10801,'1',650,,22808,33,,,1,70,,22821,33,,,1,30,,22819,33,,,1,70,,22814,33,,,1,30,,22823,33,,,1,70,,22809,33,,,1,100,,22820,33,,,1,100,,22811,33,,,1,100,,22815,33,,,1,100,,22825,33,,,1,100,,22817,33,,,1,30,,22807,33,,,1,70,,22810,33,,,1,30,,22822,33,,,1,70,,22813,33,,,1,30,,22816,33,,,1,70,,22812,33,,,1
10801,'2',650,,22837,33,,,1,70,,22840,33,,,1,30,,22831,33,,,1,70,,22835,33,,,1,30,,22843,33,,,1,70,,22838,33,,,1,100,,22833,33,,,1,100,,22842,33,,,1,100,,22836,33,,,1,100,,22839,33,,,1,100,,22844,33,,,1,30,,22834,33,,,1,70,,22826,33,,,1,30,,22830,33,,,1,70,,22841,33,,,1,30,,22827,33,,,1,70,,22829,33,,,1
10801,'3',650,,22854,33,,,1,70,,22851,33,,,1,30,,22849,33,,,1,70,,22848,33,,,1,30,,22852,33,,,1,70,,22861,33,,,1,100,,22859,33,,,1,100,,22858,33,,,1,100,,22846,33,,,1,100,,22863,33,,,1,100,,22853,33,,,1,30,,22845,33,,,1,70,,22857,33,,,1,30,,22850,33,,,1,70,,22860,33,,,1,30,,22856,33,,,1,70,,22862,33,,,1
10801,'4',650,,22869,33,,,1,70,,22879,33,,,1,30,,22864,33,,,1,70,,22866,33,,,1,30,,22877,33,,,1,70,,22871,33,,,1,100,,22881,33,,,1,100,,22867,33,,,1,100,,22865,33,,,1,100,,22876,33,,,1,100,,22875,33,,,1,30,,22868,33,,,1,70,,22873,33,,,1,30,,22882,33,,,1,70,,22874,33,,,1,30,,22880,33,,,1,70,,22878,33,,,1
10801,'5',650,,22891,33,,,1,70,,22899,33,,,1,30,,22892,33,,,1,70,,22896,33,,,1,30,,22884,33,,,1,70,,22901,33,,,1,100,,22886,33,,,1,100,,22897,33,,,1,100,,22887,33,,,1,100,,22894,33,,,1,100,,22885,33,,,1,30,,22890,33,,,1,70,,22898,33,,,1,30,,22900,33,,,1,70,,22893,33,,,1,30,,22888,33,,,1,70,,22883,33,,,1
10801,'7',650,,22919,33,,,1,70,,22909,33,,,1,30,,22903,33,,,1,70,,22918,33,,,1,30,,22904,33,,,1,70,,22915,33,,,1,100,,22902,33,,,1,100,,22920,33,,,1,100,,22905,33,,,1,100,,22916,33,,,1,100,,22906,33,,,1,30,,22917,33,,,1,70,,22914,33,,,1,30,,22910,33,,,1,70,,22907,33,,,1,30,,22911,33,,,1,70,,22912,33,,,1
10801,'8',650,,22938,33,,,1,70,,22927,33,,,1,30,,22924,33,,,1,70,,22939,33,,,1,30,,22930,33,,,1,70,,22935,33,,,1,100,,22931,33,,,1,100,,22934,33,,,1,100,,22933,33,,,1,100,,22923,33,,,1,100,,22932,33,,,1,30,,22922,33,,,1,70,,22936,33,,,1,30,,22921,33,,,1,70,,22928,33,,,1,30,,22937,33,,,1,70,,22929,33,,,1
10801,'9',650,,22952,33,,,1,70,,22946,33,,,1,30,,22958,33,,,1,70,,22957,33,,,1,30,,22951,33,,,1,70,,22953,33,,,1,100,,22944,33,,,1,100,,22955,33,,,1,100,,22943,33,,,1,100,,22954,33,,,1,100,,22956,33,,,1,30,,22949,33,,,1,70,,22940,33,,,1,30,,22947,33,,,1,70,,22945,33,,,1,30,,22941,33,,,1,70,,22942,33,,,1
10901,'1',620,,23246,8,,,1,100,,23253,8,,,1,100,,23254,8,,,1,100,,23251,8,,,1,100,,23249,8,,,1,100,,23250,8,,,1,100,,23248,8,,,1,100,,23261,8,,,1,100,,23259,8,,,1,100,,17453,8,,,1,100,,23262,8,,,1,100,,23256,8,,,1
10901,'2',620,,23267,8,,,1,100,,23273,8,,,1,100,,23270,8,,,1,100,,23287,8,,,1,100,,23277,8,,,1,100,,23276,8,,,1,100,,23278,8,,,1,100,,23281,8,,,1,100,,23283,8,,,1,100,,23266,8,,,1,100,,23284,8,,,1,100,,23280,8,,,1
10901,'3',620,,23292,8,,,1,100,,23297,8,,,1,100,,23311,8,,,1,100,,23301,8,,,1,100,,23307,8,,,1,100,,23300,8,,,1,100,,23291,8,,,1,100,,23305,8,,,1,100,,23295,8,,,1,100,,23293,8,,,1,100,,23309,8,,,1,100,,23312,8,,,1
10901,'4',620,,23322,8,,,1,100,,23331,8,,,1,100,,23317,8,,,1,100,,23327,8,,,1,100,,23314,8,,,1,100,,23333,8,,,1,100,,23325,8,,,1,100,,23319,8,,,1,100,,23328,8,,,1,100,,23329,8,,,1,100,,23326,8,,,1,100,,23324,8,,,1
10901,'5',620,,23359,8,,,1,100,,23344,8,,,1,100,,23358,8,,,1,100,,23355,8,,,1,100,,23339,8,,,1,100,,23351,8,,,1,100,,23345,8,,,1,100,,23356,8,,,1,100,,23342,8,,,1,100,,23340,8,,,1,100,,23357,8,,,1,100,,23346,8,,,1
10901,'7',620,,23369,8,,,1,100,,23368,8,,,1,100,,23380,8,,,1,100,,23364,8,,,1,100,,23366,8,,,1,100,,23378,8,,,1,100,,23376,8,,,1,100,,23371,8,,,1,100,,23384,8,,,1,100,,23374,8,,,1,100,,23365,8,,,1,100,,23372,8,,,1
10901,'8',620,,23404,8,,,1,100,,23389,8,,,1,100,,23403,8,,,1,100,,23407,8,,,1,100,,23399,8,,,1,100,,23387,8,,,1,100,,23400,8,,,1,100,,23405,8,,,1,100,,23396,8,,,1,100,,23393,8,,,1,100,,23386,8,,,1,100,,23395,8,,,1
10901,'9',620,,23420,8,,,1,100,,23410,8,,,1,100,,23414,8,,,1,100,,23412,8,,,1,100,,23426,8,,,1,100,,23413,8,,,1,100,,23411,8,,,1,100,,23430,8,,,1,100,,23428,8,,,1,100,,23422,8,,,1,100,,23409,8,,,1,100,,23419,8,,,1
11401,'1',653,,25223,32,,,1,100,,25228,32,,,1,100,,25220,32,,,1,100,,25219,32,,,1,100,,25230,32,,,1,100,,25227,32,,,1,100,,25226,32,,,1,100,,25225,32,,,1,100,,25229,32,,,1,100,,25222,32,,,1,100,,25224,32,,,1,100,,25221,32,,,1
11401,'2',653,,25242,32,,,1,100,,25234,32,,,1,100,,25240,32,,,1,100,,25232,32,,,1,100,,25238,32,,,1,100,,25239,32,,,1,100,,25233,32,,,1,100,,25236,32,,,1,100,,25231,32,,,1,100,,25235,32,,,1,100,,25237,32,,,1,100,,25241,32,,,1
11401,'3',653,,25245,32,,,1,100,,25247,32,,,1,100,,25243,32,,,1,100,,25248,32,,,1,100,,25251,32,,,1,100,,25254,32,,,1,100,,25250,32,,,1,100,,25252,32,,,1,100,,25253,32,,,1,100,,25244,32,,,1,100,,25246,32,,,1,100,,25249,32,,,1
11401,'4',653,,25256,32,,,1,100,,25257,32,,,1,100,,25261,32,,,1,100,,25258,32,,,1,100,,25255,32,,,1,100,,25263,32,,,1,100,,25264,32,,,1,100,,25262,32,,,1,100,,25260,32,,,1,100,,25265,32,,,1,100,,25259,32,,,1,100,,25266,32,,,1
11401,'5',653,,25270,32,,,1,100,,25273,32,,,1,100,,25271,32,,,1,100,,25275,32,,,1,100,,25277,32,,,1,100,,25272,32,,,1,100,,25274,32,,,1,100,,25268,32,,,1,100,,25278,32,,,1,100,,25267,32,,,1,100,,25276,32,,,1,100,,25269,32,,,1
11401,'7',653,,25280,32,,,1,100,,25283,32,,,1,100,,25286,32,,,1,100,,25290,32,,,1,100,,25289,32,,,1,100,,25287,32,,,1,100,,25282,32,,,1,100,,25285,32,,,1,100,,25281,32,,,1,100,,25279,32,,,1,100,,25288,32,,,1,100,,25284,32,,,1
11401,'8',653,,25299,32,,,1,100,,25298,32,,,1,100,,25301,32,,,1,100,,25292,32,,,1,100,,25295,32,,,1,100,,25294,32,,,1,100,,25302,32,,,1,100,,25300,32,,,1,100,,25291,32,,,1,100,,25296,32,,,1,100,,25297,32,,,1,100,,25293,32,,,1
11401,'9',653,,25312,32,,,1,100,,25308,32,,,1,100,,25305,32,,,1,100,,25314,32,,,1,100,,25310,32,,,1,100,,25307,32,,,1,100,,25304,32,,,1,100,,25306,32,,,1,100,,25309,32,,,1,100,,25311,32,,,1,100,,25303,32,,,1,100,,25313,32,,,1
20901,'1',1820,,28175,8,,,1,100,,28178,8,,,1,100,,28182,8,,,1,100,,28179,8,,,1,100,,28180,8,,,1
20901,'10',720,,28191,8,,,1,100,,28208,8,,,1,100,,28198,8,,,1,100,,28187,8,,,1,100,,28184,8,,,1,100,,28205,8,,,1,100,,28185,8,,,1,100,,28210,8,,,1,100,,28197,8,,,1,100,,28194,8,,,1,100,,28193,8,,,1,100,,28209,8,,,1,100,,28188,8,,,1,100,,28195,8,,,1
20901,'11',720,,28213,8,,,1,100,,28237,8,,,1,100,,28223,8,,,1,100,,28217,8,,,1,100,,28235,8,,,1,100,,28227,8,,,1,100,,28214,8,,,1,100,,28212,8,,,1,100,,28233,8,,,1,100,,28221,8,,,1,100,,28238,8,,,1,100,,28228,8,,,1,100,,28230,8,,,1,100,,28220,8,,,1
20901,'2',1820,,28246,8,,,1,100,,28241,8,,,1,100,,28245,8,,,1,100,,28240,8,,,1,100,,28248,8,,,1
20901,'3',1820,,28258,8,,,1,100,,28253,8,,,1,100,,28254,8,,,1,100,,28252,8,,,1,100,,28251,8,,,1
20901,'4',1820,,28266,8,,,1,100,,28267,8,,,1,100,,28260,8,,,1,100,,28268,8,,,1,100,,28261,8,,,1
20901,'5',1820,,28274,8,,,1,100,,28277,8,,,1,100,,28271,8,,,1,100,,28269,8,,,1,100,,28270,8,,,1
20901,'6',720,,28300,8,,,1,100,,28293,8,,,1,100,,28291,8,,,1,100,,28279,8,,,1,100,,28306,8,,,1,100,,28303,8,,,1,100,,28288,8,,,1,100,,28298,8,,,1,100,,28285,8,,,1,100,,28294,8,,,1,100,,28287,8,,,1,100,,28304,8,,,1,100,,28289,8,,,1,100,,28281,8,,,1
20901,'7',1820,,28311,8,,,1,100,,28314,8,,,1,100,,28307,8,,,1,100,,28312,8,,,1,100,,28309,8,,,1
20901,'8',1820,,28318,8,,,1,100,,28325,8,,,1,100,,28320,8,,,1,100,,28319,8,,,1,100,,28324,8,,,1
20901,'9',1820,,28330,8,,,1,100,,28333,8,,,1,100,,28331,8,,,1,100,,28336,8,,,1,100,,28334,8,,,1
21401,'1',1853,,29314,38,,,1,100,,29315,38,,,1,100,,29313,38,,,1,100,,29312,38,,,1,100,,29311,38,,,1
21401,'10',753,,29324,38,,,1,100,,29323,38,,,1,100,,29327,38,,,1,100,,29322,38,,,1,100,,29325,38,,,1,100,,29316,38,,,1,100,,29326,38,,,1,100,,29319,38,,,1,100,,29320,38,,,1,100,,17231,38,,,1,100,,29317,38,,,1,100,,29318,38,,,1,100,,29321,38,,,1
21401,'11',753,,29335,38,,,1,100,,29331,38,,,1,100,,29334,38,,,1,100,,29328,38,,,1,100,,29329,38,,,1,100,,29336,38,,,1,100,,29330,38,,,1,100,,29338,38,,,1,100,,29339,38,,,1,100,,29332,38,,,1,100,,29337,38,,,1,100,,29340,38,,,1,100,,29333,38,,,1
21401,'2',1853,,29344,38,,,1,100,,29343,38,,,1,100,,29342,38,,,1,100,,29341,38,,,1,100,,29345,38,,,1
21401,'3',1853,,29347,38,,,1,100,,29350,38,,,1,100,,29348,38,,,1,100,,29346,38,,,1,100,,29349,38,,,1
21401,'4',1853,,29354,38,,,1,100,,29352,38,,,1,100,,29355,38,,,1,100,,29353,38,,,1,100,,29351,38,,,1
21401,'5',1853,,29360,38,,,1,100,,29358,38,,,1,100,,29357,38,,,1,100,,29356,38,,,1,100,,29359,38,,,1
21401,'6',753,,29373,38,,,1,100,,29365,38,,,1,100,,29368,38,,,1,100,,29367,38,,,1,100,,29370,38,,,1,100,,29366,38,,,1,100,,29361,38,,,1,100,,29364,38,,,1,100,,29372,38,,,1,100,,29369,38,,,1,100,,29363,38,,,1,100,,29371,38,,,1,100,,29362,38,,,1
21401,'7',1853,,29377,38,,,1,100,,29374,38,,,1,100,,29375,38,,,1,100,,29378,38,,,1,100,,29376,38,,,1
21401,'8',1853,,29382,38,,,1,100,,29379,38,,,1,100,,29380,38,,,1,100,,29381,38,,,1,100,,29383,38,,,1
21401,'9',1853,,29388,38,,,1,100,,29386,38,,,1,100,,29387,38,,,1,100,,29385,38,,,1,100,,29384,38,,,1
