11301,'1',653,,24838,16,,,1,100,,24841,16,,,1,100,,18571,16,,,1,100,,24833,16,,,1,100,,24815,16,,,1,100,,24822,16,,,1,100,,24837,16,,,1,100,,17395,16,,,1,100,,24817,16,,,1,100,,24832,16,,,1,100,,24834,16,,,1,100,,24806,16,,,1,100,,24827,16,,,1
11301,'2',653,,24868,16,,,1,100,,24856,16,,,1,100,,24864,16,,,1,100,,24869,16,,,1,100,,14749,16,,,1,100,,24854,16,,,1,100,,24852,16,,,1,100,,24857,16,,,1,100,,24858,16,,,1,100,,24855,16,,,1,100,,24845,16,,,1,100,,24860,16,,,1,100,,24875,16,,,1
11301,'3',653,,24903,16,,,1,100,,24895,16,,,1,100,,24896,16,,,1,100,,24894,16,,,1,100,,24890,16,,,1,100,,24905,16,,,1,100,,24904,16,,,1,100,,24886,16,,,1,100,,24916,16,,,1,100,,24907,16,,,1,100,,24882,16,,,1,100,,24901,16,,,1,100,,24887,16,,,1
11301,'4',653,,24926,16,,,1,100,,24921,16,,,1,100,,24951,16,,,1,100,,24932,16,,,1,100,,24939,16,,,1,100,,24928,16,,,1,100,,24956,16,,,1,100,,24954,16,,,1,100,,24955,16,,,1,100,,24959,16,,,1,100,,24933,16,,,1,100,,24937,16,,,1,100,,24938,16,,,1
11301,'5',653,,24978,16,,,1,100,,24996,16,,,1,100,,24972,16,,,1,100,,24990,16,,,1,100,,24964,16,,,1,100,,24992,16,,,1,100,,24999,16,,,1,100,,24976,16,,,1,100,,24981,16,,,1,100,,24984,16,,,1,100,,24987,16,,,1,100,,24985,16,,,1,100,,24986,16,,,1
11301,'7',653,,25037,16,,,1,100,,25015,16,,,1,100,,25024,16,,,1,100,,25031,16,,,1,100,,25028,16,,,1,100,,25006,16,,,1,100,,25020,16,,,1,100,,25021,16,,,1,100,,25038,16,,,1,100,,25016,16,,,1,100,,25030,16,,,1,100,,25036,16,,,1,100,,25005,16,,,1
11301,'8',653,,25051,16,,,1,100,,25043,16,,,1,100,,25062,16,,,1,100,,25064,16,,,1,100,,25075,16,,,1,100,,25082,16,,,1,100,,25083,16,,,1,100,,25081,16,,,1,100,,25057,16,,,1,100,,25060,16,,,1,100,,25070,16,,,1,100,,25048,16,,,1,100,,25066,16,,,1
11301,'9',653,,25101,16,,,1,100,,25095,16,,,1,100,,25117,16,,,1,100,,25114,16,,,1,100,,25122,16,,,1,100,,25105,16,,,1,100,,25115,16,,,1,100,,25094,16,,,1,100,,25085,16,,,1,100,,25090,16,,,1,100,,25087,16,,,1,100,,25119,16,,,1,100,,25084,16,,,1
21301,'1',1953,,29030,16,,,1,100,,29026,16,,,1,100,,29027,16,,,1,100,,29032,16,,,1
21301,'10',753,,29048,16,,,1,100,,29059,16,,,1,100,,29056,16,,,1,100,,29053,16,,,1,100,,29044,16,,,1,100,,29072,16,,,1,100,,29052,16,,,1,100,,29065,16,,,1,100,,29067,16,,,1,100,,29042,16,,,1,100,,29071,16,,,1,100,,29074,16,,,1,100,,29046,16,,,1
21301,'11',753,,29100,16,,,1,100,,29081,16,,,1,100,,29085,16,,,1,100,,29109,16,,,1,100,,29083,16,,,1,100,,29098,16,,,1,100,,29094,16,,,1,100,,29115,16,,,1,100,,29105,16,,,1,100,,29112,16,,,1,100,,29092,16,,,1,100,,29084,16,,,1,100,,29088,16,,,1
21301,'2',1953,,29119,16,,,1,100,,29117,16,,,1,100,,29120,16,,,1,100,,29122,16,,,1
21301,'3',1953,,29132,16,,,1,100,,29129,16,,,1,100,,29133,16,,,1,100,,29135,16,,,1
21301,'4',1953,,29138,16,,,1,100,,29141,16,,,1,100,,29137,16,,,1,100,,29145,16,,,1
21301,'5',1953,,29158,16,,,1,100,,29157,16,,,1,100,,29155,16,,,1,100,,29150,16,,,1
21301,'6',753,,29177,16,,,1,100,,29162,16,,,1,100,,29195,16,,,1,100,,29178,16,,,1,100,,29161,16,,,1,100,,29171,16,,,1,100,,29159,16,,,1,100,,29185,16,,,1,100,,29180,16,,,1,100,,29167,16,,,1,100,,29189,16,,,1,100,,29176,16,,,1,100,,29182,16,,,1
21301,'7',1953,,29208,16,,,1,100,,29202,16,,,1,100,,29203,16,,,1,100,,29207,16,,,1
21301,'8',1953,,29218,16,,,1,100,,29212,16,,,1,100,,29213,16,,,1,100,,29215,16,,,1
21301,'9',1953,,29231,16,,,1,100,,29230,16,,,1,100,,29222,16,,,1,100,,29224,16,,,1
