10300,'1',641,,20317,20,,,1,100,,20326,20,,,1,70,,20325,20,,,1,30,,20323,20,,,1,70,,20320,20,,,1,30,,20330,20,,,1,70,,20334,20,,,1,30,,20329,20,,,1,100,,20327,20,,,1,100,,20318,20,,,1,100,,20324,20,,,1,100,,20322,20,,,1,100,,20319,20,,,1,70,,20316,20,,,1,30,,20321,20,,,1,70,,20332,20,,,1,30,,20328,20,,,1,70,,20333,20,,,1,30,,20331,20,,,1
10300,'2',641,,20347,20,,,1,100,,20349,20,,,1,70,,20345,20,,,1,30,,20338,20,,,1,70,,20351,20,,,1,30,,20335,20,,,1,70,,20340,20,,,1,30,,20339,20,,,1,100,,18114,20,,,1,100,,20336,20,,,1,100,,20342,20,,,1,100,,20337,20,,,1,100,,20343,20,,,1,70,,20346,20,,,1,30,,20350,20,,,1,70,,20348,20,,,1,30,,20352,20,,,1,70,,20344,20,,,1,30,,20341,20,,,1
10300,'3',641,,20353,20,,,1,100,,20362,20,,,1,70,,20369,20,,,1,30,,20358,20,,,1,70,,20363,20,,,1,30,,20354,20,,,1,70,,20364,20,,,1,30,,20367,20,,,1,100,,20370,20,,,1,100,,20371,20,,,1,100,,20355,20,,,1,100,,20356,20,,,1,100,,20359,20,,,1,70,,20365,20,,,1,30,,20361,20,,,1,70,,20357,20,,,1,30,,20366,20,,,1,70,,20360,20,,,1,30,,20368,20,,,1
10300,'4',641,,20390,20,,,1,100,,20388,20,,,1,70,,20376,20,,,1,30,,20377,20,,,1,70,,20389,20,,,1,30,,20387,20,,,1,70,,20382,20,,,1,30,,20378,20,,,1,100,,20374,20,,,1,100,,20372,20,,,1,100,,20375,20,,,1,100,,20383,20,,,1,100,,20381,20,,,1,70,,20373,20,,,1,30,,20386,20,,,1,70,,20385,20,,,1,30,,20380,20,,,1,70,,20379,20,,,1,30,,20384,20,,,1
10300,'5',641,,20400,20,,,1,100,,20403,20,,,1,70,,20395,20,,,1,30,,20397,20,,,1,70,,20405,20,,,1,30,,20407,20,,,1,70,,20409,20,,,1,30,,20394,20,,,1,100,,20404,20,,,1,100,,20401,20,,,1,100,,20396,20,,,1,100,,20398,20,,,1,100,,20406,20,,,1,70,,20399,20,,,1,30,,20393,20,,,1,70,,20402,20,,,1,30,,20392,20,,,1,70,,20408,20,,,1,30,,20391,20,,,1
10300,'7',641,,20423,20,,,1,100,,20419,20,,,1,70,,20417,20,,,1,30,,20428,20,,,1,70,,20427,20,,,1,30,,20421,20,,,1,70,,20422,20,,,1,30,,20413,20,,,1,100,,20411,20,,,1,100,,20414,20,,,1,100,,20426,20,,,1,100,,20412,20,,,1,100,,20420,20,,,1,70,,20415,20,,,1,30,,20424,20,,,1,70,,20425,20,,,1,30,,20418,20,,,1,70,,20410,20,,,1,30,,20416,20,,,1
10300,'8',641,,20442,20,,,1,100,,20439,20,,,1,70,,20432,20,,,1,30,,20444,20,,,1,70,,20433,20,,,1,30,,20435,20,,,1,70,,20441,20,,,1,30,,20434,20,,,1,100,,20429,20,,,1,100,,20436,20,,,1,100,,20447,20,,,1,100,,20438,20,,,1,100,,20445,20,,,1,70,,20437,20,,,1,30,,20443,20,,,1,70,,20446,20,,,1,30,,20430,20,,,1,70,,20431,20,,,1,30,,20440,20,,,1
10300,'9',641,,20448,20,,,1,100,,20458,20,,,1,70,,20457,20,,,1,30,,20464,20,,,1,70,,20452,20,,,1,30,,20462,20,,,1,70,,20453,20,,,1,30,,20461,20,,,1,100,,20460,20,,,1,100,,20449,20,,,1,100,,20450,20,,,1,100,,20459,20,,,1,100,,20465,20,,,1,70,,20463,20,,,1,30,,20454,20,,,1,70,,20455,20,,,1,30,,20451,20,,,1,70,,20466,20,,,1,30,,20456,20,,,1
10301,'1',612,,20467,10,,,1,100,,20476,10,,,1,30,,20474,10,,,1,70,,20481,10,,,1,30,,20479,10,,,1,70,,20483,10,,,1,30,,20471,10,,,1,70,,20478,10,,,1,100,,20473,10,,,1,100,,20469,10,,,1,100,,20480,10,,,1,100,,20470,10,,,1,100,,20485,10,,,1,30,,17632,10,,,1,70,,20477,10,,,1,30,,20475,10,,,1,70,,20484,10,,,1,30,,20472,10,,,1,70,,20482,10,,,1,30,,20468,10,,,1
10301,'2',612,,20487,10,,,1,100,,20493,10,,,1,30,,20491,10,,,1,70,,20488,10,,,1,30,,20486,10,,,1,70,,20498,10,,,1,30,,20503,10,,,1,70,,20495,10,,,1,100,,20504,10,,,1,100,,20499,10,,,1,100,,20494,10,,,1,100,,20490,10,,,1,100,,20505,10,,,1,30,,20489,10,,,1,70,,20497,10,,,1,30,,20496,10,,,1,70,,20500,10,,,1,30,,20492,10,,,1,70,,20501,10,,,1,30,,20502,10,,,1
10301,'3',612,,20511,10,,,1,100,,20521,10,,,1,30,,20509,10,,,1,70,,20515,10,,,1,30,,20512,10,,,1,70,,20507,10,,,1,30,,20506,10,,,1,70,,20518,10,,,1,100,,20508,10,,,1,100,,20522,10,,,1,100,,20516,10,,,1,100,,20523,10,,,1,100,,20513,10,,,1,30,,20510,10,,,1,70,,20524,10,,,1,30,,20517,10,,,1,70,,20520,10,,,1,30,,20514,10,,,1,70,,20519,10,,,1,30,,20525,10,,,1
10301,'4',612,,20534,10,,,1,100,,20531,10,,,1,30,,20529,10,,,1,70,,20533,10,,,1,30,,20537,10,,,1,70,,20532,10,,,1,30,,20538,10,,,1,70,,20527,10,,,1,100,,20535,10,,,1,100,,20528,10,,,1,100,,20543,10,,,1,100,,20540,10,,,1,100,,20530,10,,,1,30,,20542,10,,,1,70,,20536,10,,,1,30,,20539,10,,,1,70,,20544,10,,,1,30,,20545,10,,,1,70,,20541,10,,,1,30,,20526,10,,,1
10301,'5',612,,20562,10,,,1,100,,20547,10,,,1,30,,20550,10,,,1,70,,20558,10,,,1,30,,20549,10,,,1,70,,20560,10,,,1,30,,20565,10,,,1,70,,20564,10,,,1,100,,20554,10,,,1,100,,20548,10,,,1,100,,20546,10,,,1,100,,20561,10,,,1,100,,20559,10,,,1,30,,20556,10,,,1,70,,20555,10,,,1,30,,20551,10,,,1,70,,20563,10,,,1,30,,20557,10,,,1,70,,20553,10,,,1,30,,20552,10,,,1
10301,'7',612,,20583,10,,,1,100,,20579,10,,,1,30,,20568,10,,,1,70,,20570,10,,,1,30,,20574,10,,,1,70,,20580,10,,,1,30,,20566,10,,,1,70,,20576,10,,,1,100,,20585,10,,,1,100,,20573,10,,,1,100,,20571,10,,,1,100,,20575,10,,,1,100,,20578,10,,,1,30,,20567,10,,,1,70,,20577,10,,,1,30,,20584,10,,,1,70,,20582,10,,,1,30,,20581,10,,,1,70,,20569,10,,,1,30,,20572,10,,,1
10301,'8',612,,20594,10,,,1,100,,20588,10,,,1,30,,20596,10,,,1,70,,20602,10,,,1,30,,20598,10,,,1,70,,20600,10,,,1,30,,20592,10,,,1,70,,20593,10,,,1,100,,20595,10,,,1,100,,20591,10,,,1,100,,20586,10,,,1,100,,20590,10,,,1,100,,20605,10,,,1,30,,20597,10,,,1,70,,20603,10,,,1,30,,20601,10,,,1,70,,20604,10,,,1,30,,20599,10,,,1,70,,20587,10,,,1,30,,20589,10,,,1
10301,'9',612,,20611,10,,,1,100,,20607,10,,,1,30,,20610,10,,,1,70,,20612,10,,,1,30,,20614,10,,,1,70,,20625,10,,,1,30,,20618,10,,,1,70,,20623,10,,,1,100,,20609,10,,,1,100,,20622,10,,,1,100,,20621,10,,,1,100,,20615,10,,,1,100,,20613,10,,,1,30,,20620,10,,,1,70,,20617,10,,,1,30,,20619,10,,,1,70,,20608,10,,,1,30,,20616,10,,,1,70,,20624,10,,,1,30,,20606,10,,,1
