10601,'1',559,,21756,7,,,1,100,,21766,7,,,1,70,,21752,7,,,1,30,,21767,7,,,1,70,,21760,7,,,1,30,,21758,7,,,1,70,,21754,7,0,17,1,30,,21755,7,,,1,100,,21757,7,,,1,100,,21764,7,,,1,100,,18489,7,,,1,100,,21759,7,,,1,70,,21765,7,,,1,30,,21763,7,,,1,70,,21753,7,,,1,30,,21770,7,,,1,70,,21769,7,,,1,30,,21761,7,,,1,70,,21762,7,,,1,30,,21768,7,,,1
10601,'2',559,,21775,7,,,1,100,,21776,7,,,1,70,,21790,7,,,1,30,,21780,7,,,1,70,,21788,7,,,1,30,,21784,7,,,1,70,,21778,7,0,17,1,30,,21782,7,,,1,100,,21787,7,,,1,100,,21786,7,,,1,100,,21771,7,,,1,100,,21779,7,,,1,70,,21773,7,,,1,30,,21772,7,,,1,70,,21785,7,,,1,30,,21777,7,,,1,70,,21781,7,,,1,30,,21783,7,,,1,70,,21789,7,,,1,30,,21774,7,,,1
10601,'3',559,,21802,7,,,1,100,,21803,7,,,1,70,,21799,7,,,1,30,,21797,7,,,1,70,,21795,7,,,1,30,,21798,7,,,1,70,,21804,7,0,17,1,30,,21793,7,,,1,100,,21808,7,,,1,100,,21805,7,,,1,100,,21810,7,,,1,100,,21792,7,,,1,70,,21807,7,,,1,30,,21800,7,,,1,70,,21791,7,,,1,30,,21794,7,,,1,70,,21806,7,,,1,30,,21796,7,,,1,70,,21809,7,,,1,30,,21801,7,,,1
10601,'4',559,,21812,7,,,1,100,,21818,7,,,1,70,,21822,7,,,1,30,,21820,7,,,1,70,,21828,7,,,1,30,,21830,7,,,1,70,,21819,7,0,17,1,30,,21815,7,,,1,100,,21821,7,,,1,100,,21814,7,,,1,100,,21816,7,,,1,100,,21826,7,,,1,70,,21825,7,,,1,30,,21823,7,,,1,70,,21813,7,,,1,30,,21829,7,,,1,70,,21824,7,,,1,30,,21811,7,,,1,70,,21817,7,,,1,30,,21827,7,,,1
10601,'5',559,,21840,7,,,1,100,,21834,7,,,1,70,,21835,7,,,1,30,,21833,7,,,1,70,,21838,7,,,1,30,,21843,7,,,1,70,,21849,7,0,17,1,30,,21845,7,,,1,100,,21839,7,,,1,100,,21848,7,,,1,100,,21842,7,,,1,100,,21832,7,,,1,70,,21846,7,,,1,30,,21844,7,,,1,70,,21837,7,,,1,30,,21841,7,,,1,70,,21850,7,,,1,30,,21831,7,,,1,70,,21836,7,,,1,30,,21847,7,,,1
10601,'7',559,,21851,7,,,1,100,,21868,7,,,1,70,,21853,7,,,1,30,,21865,7,,,1,70,,21863,7,,,1,30,,21857,7,,,1,70,,21864,7,0,17,1,30,,21867,7,,,1,100,,21861,7,,,1,100,,21866,7,,,1,100,,21860,7,,,1,100,,21856,7,,,1,70,,21854,7,,,1,30,,21859,7,,,1,70,,21862,7,,,1,30,,21855,7,,,1,70,,21870,7,,,1,30,,21858,7,,,1,70,,21869,7,,,1,30,,21852,7,,,1
10601,'8',559,,21882,7,,,1,100,,21875,7,,,1,70,,21888,7,,,1,30,,21877,7,,,1,70,,21879,7,,,1,30,,21881,7,,,1,70,,21890,7,0,17,1,30,,21886,7,,,1,100,,21885,7,,,1,100,,21874,7,,,1,100,,21889,7,,,1,100,,21880,7,,,1,70,,21872,7,,,1,30,,21883,7,,,1,70,,21878,7,,,1,30,,21884,7,,,1,70,,21887,7,,,1,30,,21876,7,,,1,70,,21873,7,,,1,30,,21871,7,,,1
10601,'9',559,,21902,7,,,1,100,,21895,7,,,1,70,,21903,7,,,1,30,,21893,7,,,1,70,,21904,7,,,1,30,,21910,7,,,1,70,,21901,7,0,17,1,30,,21900,7,,,1,100,,21897,7,,,1,100,,21898,7,,,1,100,,21909,7,,,1,100,,21896,7,,,1,70,,21899,7,,,1,30,,21907,7,,,1,70,,21908,7,,,1,30,,21905,7,,,1,70,,21894,7,,,1,30,,21891,7,,,1,70,,21892,7,,,1,30,,21906,7,,,1
11201,'1',713,,24332,9,,,1,100,,24338,9,,,1,100,,24328,9,,,1,100,,24335,9,,,1,100,,24329,9,,,1,100,,24325,9,,,1,100,,24326,9,,,1,100,,24340,9,,,1,100,,17429,9,,,1,100,,24327,9,,,1,100,,24342,9,,,1
11201,'2',713,,24350,9,,,1,100,,24361,9,,,1,100,,24344,9,,,1,100,,24349,9,,,1,100,,24343,9,,,1,100,,24357,9,,,1,100,,24363,9,,,1,100,,24362,9,,,1,100,,24355,9,,,1,100,,24358,9,,,1,100,,24351,9,,,1
11201,'3',713,,24376,9,,,1,100,,24381,9,,,1,100,,24379,9,,,1,100,,24370,9,,,1,100,,24369,9,,,1,100,,24384,9,,,1,100,,24373,9,,,1,100,,24372,9,,,1,100,,24377,9,,,1,100,,24368,9,,,1,100,,24375,9,,,1
11201,'4',713,,24388,9,,,1,100,,24400,9,,,1,100,,24398,9,,,1,100,,24389,9,,,1,100,,24386,9,,,1,100,,24397,9,,,1,100,,24395,9,,,1,100,,24399,9,,,1,100,,24396,9,,,1,100,,24390,9,,,1,100,,24402,9,,,1
11201,'5',713,,24416,9,,,1,100,,24410,9,,,1,100,,24409,9,,,1,100,,24420,9,,,1,100,,24411,9,,,1,100,,24425,9,,,1,100,,24424,9,,,1,100,,24422,9,,,1,100,,24414,9,,,1,100,,24415,9,,,1,100,,24421,9,,,1
11201,'7',713,,24434,9,,,1,100,,24436,9,,,1,100,,24445,9,,,1,100,,24433,9,,,1,100,,24439,9,,,1,100,,24443,9,,,1,100,,24446,9,,,1,100,,24444,9,,,1,100,,24450,9,,,1,100,,24437,9,,,1,100,,24430,9,,,1
11201,'8',713,,24455,9,,,1,100,,24462,9,,,1,100,,24453,9,,,1,100,,24457,9,,,1,100,,24458,9,,,1,100,,24465,9,,,1,100,,24464,9,,,1,100,,24463,9,,,1,100,,24471,9,,,1,100,,24460,9,,,1,100,,24470,9,,,1
11201,'9',713,,24475,9,,,1,100,,24489,9,,,1,100,,24492,9,,,1,100,,24483,9,,,1,100,,24495,9,,,1,100,,24493,9,,,1,100,,24486,9,,,1,100,,24476,9,,,1,100,,24490,9,,,1,100,,24491,9,,,1,100,,24480,9,,,1
20601,'1',1832,,27629,7,,,1,70,,27630,7,,,1,30,,27615,7,,,1,70,,27624,7,,,1,30,,27625,7,,,1,70,,27633,7,,,1,30,,27623,7,,,1,70,,27626,7,,,1,30,,27628,7,,,1,70,,27631,7,,,1
20601,'10',659,,27668,7,,,1,70,,27673,7,,,1,30,,27638,7,,,1,70,,27680,7,,,1,30,,27657,7,,,1,70,,27635,7,,,1,30,,27672,7,,,1,70,,27642,7,,,1,30,,27650,7,,,1,70,,27653,7,,,1,30,,27656,7,,,1,70,,27675,7,,,1,30,,27682,7,,,1,70,,27647,7,,,1,30,,27665,7,,,1,70,,27688,7,,,1,30,,27640,7,,,1,70,,27684,7,,,1,30,,27636,7,,,1,70,,27644,7,,,1,30,,27681,7,,,1,70,,27671,7,,,1,30,,19502,7,,,1,70,,27679,7,,,1,30,,27639,7,,,1,70,,27646,7,,,1,30,,27651,7,,,1,70,,27661,7,,,1
20601,'11',659,,27723,7,,,1,70,,27699,7,,,1,30,,27707,7,,,1,70,,27727,7,,,1,30,,27744,7,,,1,70,,27736,7,,,1,30,,27717,7,,,1,70,,27742,7,,,1,30,,27712,7,,,1,70,,27701,7,,,1,30,,27719,7,,,1,70,,27713,7,,,1,30,,27694,7,,,1,70,,27725,7,,,1,30,,27709,7,,,1,70,,27704,7,,,1,30,,27695,7,,,1,70,,27690,7,,,1,30,,27692,7,,,1,70,,27739,7,,,1,30,,27737,7,,,1,70,,27735,7,,,1,30,,27711,7,,,1,70,,27729,7,,,1,30,,27705,7,,,1,70,,27743,7,,,1,30,,27698,7,,,1,70,,27741,7,,,1
20601,'2',1832,,27754,7,,,1,70,,27751,7,,,1,30,,18171,7,,,1,70,,27760,7,,,1,30,,27756,7,,,1,70,,27762,7,,,1,30,,27759,7,,,1,70,,27747,7,,,1,30,,27757,7,,,1,70,,27749,7,,,1
20601,'3',1832,,27774,7,,,1,70,,27769,7,,,1,30,,27767,7,,,1,70,,27764,7,,,1,30,,27777,7,,,1,70,,27782,7,,,1,30,,27781,7,,,1,70,,27772,7,,,1,30,,27780,7,,,1,70,,27775,7,,,1
20601,'4',1832,,27787,7,,,1,70,,27798,7,,,1,30,,27800,7,,,1,70,,27797,7,,,1,30,,27792,7,,,1,70,,27786,7,,,1,30,,27801,7,,,1,70,,27784,7,,,1,30,,27790,7,,,1,70,,27802,7,,,1
20601,'5',1832,,27805,7,,,1,70,,27823,7,,,1,30,,27811,7,,,1,70,,27809,7,,,1,30,,27806,7,,,1,70,,27818,7,,,1,30,,27817,7,,,1,70,,27821,7,,,1,30,,27807,7,,,1,70,,27813,7,,,1
20601,'6',659,,27869,7,,,1,70,,27865,7,,,1,30,,27863,7,,,1,70,,27827,7,,,1,30,,27844,7,,,1,70,,27842,7,,,1,30,,27873,7,,,1,70,,27828,7,,,1,30,,27874,7,,,1,70,,27829,7,,,1,30,,27868,7,,,1,70,,27847,7,,,1,30,,27839,7,,,1,70,,27879,7,,,1,30,,27867,7,,,1,70,,27825,7,,,1,30,,27862,7,,,1,70,,27860,7,,,1,30,,27871,7,,,1,70,,27831,7,,,1,30,,27857,7,,,1,70,,27872,7,,,1,30,,27856,7,,,1,70,,27878,7,,,1,30,,27834,7,,,1,70,,27835,7,,,1,30,,27837,7,,,1,70,,27876,7,,,1
20601,'7',1832,,27888,7,,,1,70,,27885,7,,,1,30,,27897,7,,,1,70,,27890,7,,,1,30,,27896,7,,,1,70,,27886,7,,,1,30,,27882,7,,,1,70,,27895,7,,,1,30,,27893,7,,,1,70,,27898,7,,,1
20601,'8',1832,,27901,7,,,1,70,,27909,7,,,1,30,,27905,7,,,1,70,,27913,7,,,1,30,,27906,7,,,1,70,,27917,7,,,1,30,,27918,7,,,1,70,,27902,7,,,1,30,,27900,7,,,1,70,,27907,7,,,1
20601,'9',1832,,27920,7,,,1,70,,27936,7,,,1,30,,27928,7,,,1,70,,27939,7,,,1,30,,27937,7,,,1,70,,27923,7,,,1,30,,27925,7,,,1,70,,27935,7,,,1,30,,27931,7,,,1,70,,27930,7,,,1
