10100,'1',712,,19742,20,,,1,30,,19743,20,,,1,70,,19746,20,,,1,30,,19744,20,,,1,70,,19757,20,,,1,30,,19748,20,,,1,70,,19756,20,,,1,100,,19758,20,,,1,100,,19751,20,,,1,100,,19749,20,,,1,100,,19750,20,,,1,100,,19745,20,,,1,30,,19755,20,,,1,70,,19753,20,,,1,30,,19759,20,,,1,70,,19747,20,,,1,30,,19754,20,,,1,70,,19752,20,,,1
10100,'2',712,,19776,20,,,1,30,,19773,20,,,1,70,,19772,20,,,1,30,,19767,20,,,1,70,,19766,20,,,1,30,,19760,20,,,1,70,,19768,20,,,1,100,,19761,20,,,1,100,,19774,20,,,1,100,,19762,20,,,1,100,,19763,20,,,1,100,,19777,20,,,1,30,,19765,20,,,1,70,,19771,20,,,1,30,,19769,20,,,1,70,,19764,20,,,1,30,,19775,20,,,1,70,,19770,20,,,1
10100,'3',712,,19793,20,,,1,30,,19780,20,,,1,70,,19785,20,,,1,30,,19783,20,,,1,70,,19789,20,,,1,30,,19788,20,,,1,70,,19795,20,,,1,100,,19792,20,,,1,100,,19778,20,,,1,100,,19781,20,,,1,100,,19784,20,,,1,100,,19787,20,,,1,30,,19794,20,,,1,70,,19779,20,,,1,30,,19791,20,,,1,70,,19782,20,,,1,30,,19790,20,,,1,70,,19786,20,,,1
10100,'4',712,,19808,20,,,1,30,,19807,20,,,1,70,,19812,20,,,1,30,,19799,20,,,1,70,,19805,20,,,1,30,,19797,20,,,1,70,,19803,20,,,1,100,,19800,20,,,1,100,,19810,20,,,1,100,,19806,20,,,1,100,,19798,20,,,1,100,,19813,20,,,1,30,,19802,20,,,1,70,,19796,20,,,1,30,,19809,20,,,1,70,,19801,20,,,1,30,,19804,20,,,1,70,,19811,20,,,1
10100,'5',712,,19815,20,,,1,30,,19831,20,,,1,70,,19816,20,,,1,30,,19825,20,,,1,70,,19827,20,,,1,30,,19828,20,,,1,70,,19824,20,,,1,100,,19818,20,,,1,100,,19826,20,,,1,100,,19817,20,,,1,100,,19820,20,,,1,100,,19822,20,,,1,30,,19830,20,,,1,70,,19819,20,,,1,30,,19823,20,,,1,70,,19814,20,,,1,30,,19829,20,,,1,70,,19821,20,,,1
10100,'7',712,,19832,20,,,1,30,,19845,20,,,1,70,,19843,20,,,1,30,,19839,20,,,1,70,,19841,20,,,1,30,,19836,20,,,1,70,,19833,20,,,1,100,,19847,20,,,1,100,,19834,20,,,1,100,,19849,20,,,1,100,,19842,20,,,1,100,,19844,20,,,1,30,,19848,20,,,1,70,,19837,20,,,1,30,,19835,20,,,1,70,,19840,20,,,1,30,,19838,20,,,1,70,,19846,20,,,1
10100,'8',712,,19862,20,,,1,30,,19851,20,,,1,70,,19852,20,,,1,30,,19866,20,,,1,70,,19864,20,,,1,30,,19860,20,,,1,70,,19850,20,,,1,100,,19867,20,,,1,100,,19856,20,,,1,100,,19858,20,,,1,100,,19859,20,,,1,100,,19853,20,,,1,30,,19855,20,,,1,70,,19863,20,,,1,30,,19854,20,,,1,70,,19861,20,,,1,30,,19865,20,,,1,70,,19857,20,,,1
10100,'9',712,,19875,20,,,1,30,,19870,20,,,1,70,,19878,20,,,1,30,,19877,20,,,1,70,,19868,20,,,1,30,,19876,20,,,1,70,,19884,20,,,1,100,,19881,20,,,1,100,,19883,20,,,1,100,,19879,20,,,1,100,,19871,20,,,1,100,,19872,20,,,1,30,,19882,20,,,1,70,,19880,20,,,1,30,,19873,20,,,1,70,,19874,20,,,1,30,,19885,20,,,1,70,,19869,20,,,1
10101,'1',639,,19889,5,,,1,70,,19898,5,,,1,30,,19892,5,,,1,70,,19890,5,,,1,30,,19901,5,,,1,70,,19887,5,,,1,30,,19897,5,,,1,100,,19900,5,,,1,100,,19886,5,,,1,100,,19903,5,,,1,100,,19896,5,,,1,102,,19902,5,,,1,70,,19888,5,,,1,30,,19899,5,,,1,70,,19894,5,,,1,30,,19891,5,,,1,70,,19893,5,,,1,30,,19895,5,,,1
10101,'2',639,,19909,5,,,1,70,,19915,5,,,1,30,,19912,5,,,1,70,,19919,5,,,1,30,,19907,5,,,1,70,,19911,5,,,1,30,,19913,5,,,1,100,,19908,5,,,1,100,,19904,5,,,1,100,,19920,5,,,1,100,,19906,5,,,1,102,,19917,5,,,1,70,,19910,5,,,1,30,,19914,5,,,1,70,,18685,5,,,1,30,,19916,5,,,1,70,,19905,5,,,1,30,,19918,5,,,1
10101,'3',639,,19933,5,,,1,70,,19937,5,,,1,30,,19930,5,,,1,70,,19923,5,,,1,30,,19931,5,,,1,70,,19927,5,,,1,30,,19921,5,,,1,100,,19935,5,,,1,100,,19928,5,,,1,100,,19932,5,,,1,100,,19926,5,,,1,102,,19934,5,,,1,70,,19925,5,,,1,30,,19936,5,,,1,70,,19938,5,,,1,30,,19922,5,,,1,70,,19929,5,,,1,30,,19924,5,,,1
10101,'4',639,,19945,5,,,1,70,,19949,5,,,1,30,,19943,5,,,1,70,,19942,5,,,1,30,,19948,5,,,1,70,,19939,5,,,1,30,,19950,5,,,1,100,,19941,5,,,1,100,,19954,5,,,1,100,,19955,5,,,1,100,,19940,5,,,1,102,,19947,5,,,1,70,,19944,5,,,1,30,,19952,5,,,1,70,,19956,5,,,1,30,,19946,5,,,1,70,,19951,5,,,1,30,,19953,5,,,1
10101,'5',639,,19963,5,,,1,70,,19959,5,,,1,30,,19961,5,,,1,70,,19965,5,,,1,30,,19962,5,,,1,70,,19967,5,,,1,30,,19968,5,,,1,100,,19964,5,,,1,100,,19957,5,,,1,100,,19958,5,,,1,100,,19969,5,,,1,102,,19974,5,,,1,70,,19972,5,,,1,30,,19970,5,,,1,70,,19960,5,,,1,30,,19973,5,,,1,70,,19966,5,,,1,30,,19971,5,,,1
10101,'7',639,,19992,5,,,1,70,,19982,5,,,1,30,,19978,5,,,1,70,,19988,5,,,1,30,,19984,5,,,1,70,,19990,5,,,1,30,,19989,5,,,1,100,,19983,5,,,1,100,,19980,5,,,1,100,,19975,5,,,1,100,,19977,5,,,1,102,,19985,5,,,1,70,,19986,5,,,1,30,,19987,5,,,1,70,,19991,5,,,1,30,,19976,5,,,1,70,,19979,5,,,1,30,,19981,5,,,1
10101,'8',639,,20005,5,,,1,70,,19995,5,,,1,30,,20002,5,,,1,70,,20001,5,,,1,30,,20003,5,,,1,70,,20008,5,,,1,30,,19994,5,,,1,100,,19997,5,,,1,100,,20006,5,,,1,100,,19993,5,,,1,100,,19996,5,,,1,102,,19998,5,,,1,70,,20010,5,,,1,30,,20004,5,,,1,70,,20007,5,,,1,30,,19999,5,,,1,70,,20009,5,,,1,30,,20000,5,,,1
10101,'9',639,,20018,5,,,1,70,,20015,5,,,1,30,,20013,5,,,1,70,,20011,5,,,1,30,,20027,5,,,1,70,,20028,5,,,1,30,,20022,5,,,1,100,,20025,5,,,1,100,,20021,5,,,1,100,,20023,5,,,1,100,,20014,5,,,1,102,,20020,5,,,1,70,,20019,5,,,1,30,,20016,5,,,1,70,,20026,5,,,1,30,,20012,5,,,1,70,,20024,5,,,1,30,,20017,5,,,1
10300,'1',647,,20317,27,,,1,100,,20326,27,,,1,70,,20325,27,,,1,30,,20323,27,,,1,70,,20320,27,,,1,30,,20330,27,,,1,70,,20334,27,,,1,30,,20329,27,,,1,100,,20327,27,,,1,100,,20318,27,,,1,100,,20324,27,,,1,100,,20322,27,,,1,100,,20319,27,,,1,70,,20316,27,,,1,30,,20321,27,,,1,70,,20332,27,,,1,30,,20328,27,,,1,70,,20333,27,,,1,30,,20331,27,,,1
10300,'2',647,,20347,27,,,1,100,,20349,27,,,1,70,,20345,27,,,1,30,,20338,27,,,1,70,,20351,27,,,1,30,,20335,27,,,1,70,,20340,27,,,1,30,,20339,27,,,1,100,,18114,27,,,1,100,,20336,27,,,1,100,,20342,27,,,1,100,,20337,27,,,1,100,,20343,27,,,1,70,,20346,27,,,1,30,,20350,27,,,1,70,,20348,27,,,1,30,,20352,27,,,1,70,,20344,27,,,1,30,,20341,27,,,1
10300,'3',647,,20353,27,,,1,100,,20362,27,,,1,70,,20369,27,,,1,30,,20358,27,,,1,70,,20363,27,,,1,30,,20354,27,,,1,70,,20364,27,,,1,30,,20367,27,,,1,100,,20370,27,,,1,100,,20371,27,,,1,100,,20355,27,,,1,100,,20356,27,,,1,100,,20359,27,,,1,70,,20365,27,,,1,30,,20361,27,,,1,70,,20357,27,,,1,30,,20366,27,,,1,70,,20360,27,,,1,30,,20368,27,,,1
10300,'4',647,,20390,27,,,1,100,,20388,27,,,1,70,,20376,27,,,1,30,,20377,27,,,1,70,,20389,27,,,1,30,,20387,27,,,1,70,,20382,27,,,1,30,,20378,27,,,1,100,,20374,27,,,1,100,,20372,27,,,1,100,,20375,27,,,1,100,,20383,27,,,1,100,,20381,27,,,1,70,,20373,27,,,1,30,,20386,27,,,1,70,,20385,27,,,1,30,,20380,27,,,1,70,,20379,27,,,1,30,,20384,27,,,1
10300,'5',647,,20400,27,,,1,100,,20403,27,,,1,70,,20395,27,,,1,30,,20397,27,,,1,70,,20405,27,,,1,30,,20407,27,,,1,70,,20409,27,,,1,30,,20394,27,,,1,100,,20404,27,,,1,100,,20401,27,,,1,100,,20396,27,,,1,100,,20398,27,,,1,100,,20406,27,,,1,70,,20399,27,,,1,30,,20393,27,,,1,70,,20402,27,,,1,30,,20392,27,,,1,70,,20408,27,,,1,30,,20391,27,,,1
10300,'7',647,,20423,27,,,1,100,,20419,27,,,1,70,,20417,27,,,1,30,,20428,27,,,1,70,,20427,27,,,1,30,,20421,27,,,1,70,,20422,27,,,1,30,,20413,27,,,1,100,,20411,27,,,1,100,,20414,27,,,1,100,,20426,27,,,1,100,,20412,27,,,1,100,,20420,27,,,1,70,,20415,27,,,1,30,,20424,27,,,1,70,,20425,27,,,1,30,,20418,27,,,1,70,,20410,27,,,1,30,,20416,27,,,1
10300,'8',647,,20442,27,,,1,100,,20439,27,,,1,70,,20432,27,,,1,30,,20444,27,,,1,70,,20433,27,,,1,30,,20435,27,,,1,70,,20441,27,,,1,30,,20434,27,,,1,100,,20429,27,,,1,100,,20436,27,,,1,100,,20447,27,,,1,100,,20438,27,,,1,100,,20445,27,,,1,70,,20437,27,,,1,30,,20443,27,,,1,70,,20446,27,,,1,30,,20430,27,,,1,70,,20431,27,,,1,30,,20440,27,,,1
10300,'9',647,,20448,27,,,1,100,,20458,27,,,1,70,,20457,27,,,1,30,,20464,27,,,1,70,,20452,27,,,1,30,,20462,27,,,1,70,,20453,27,,,1,30,,20461,27,,,1,100,,20460,27,,,1,100,,20449,27,,,1,100,,20450,27,,,1,100,,20459,27,,,1,100,,20465,27,,,1,70,,20463,27,,,1,30,,20454,27,,,1,70,,20455,27,,,1,30,,20451,27,,,1,70,,20466,27,,,1,30,,20456,27,,,1
10301,'1',607,,20467,4,,,1,100,,20476,4,,,1,30,,20474,4,,,1,70,,20481,4,,,1,30,,20479,4,,,1,70,,20483,4,,,1,30,,20471,4,,,1,70,,20478,4,,,1,100,,20473,4,,,1,100,,20469,4,,,1,100,,20480,4,,,1,100,,20470,4,,,1,100,,20485,4,,,1,30,,17632,4,,,1,70,,20477,4,,,1,30,,20475,4,,,1,70,,20484,4,,,1,30,,20472,4,,,1,70,,20482,4,,,1,30,,20468,4,,,1
10301,'2',607,,20487,4,,,1,100,,20493,4,,,1,30,,20491,4,,,1,70,,20488,4,,,1,30,,20486,4,,,1,70,,20498,4,,,1,30,,20503,4,,,1,70,,20495,4,,,1,100,,20504,4,,,1,100,,20499,4,,,1,100,,20494,4,,,1,100,,20490,4,,,1,100,,20505,4,,,1,30,,20489,4,,,1,70,,20497,4,,,1,30,,20496,4,,,1,70,,20500,4,,,1,30,,20492,4,,,1,70,,20501,4,,,1,30,,20502,4,,,1
10301,'3',607,,20511,4,,,1,100,,20521,4,,,1,30,,20509,4,,,1,70,,20515,4,,,1,30,,20512,4,,,1,70,,20507,4,,,1,30,,20506,4,,,1,70,,20518,4,,,1,100,,20508,4,,,1,100,,20522,4,,,1,100,,20516,4,,,1,100,,20523,4,,,1,100,,20513,4,,,1,30,,20510,4,,,1,70,,20524,4,,,1,30,,20517,4,,,1,70,,20520,4,,,1,30,,20514,4,,,1,70,,20519,4,,,1,30,,20525,4,,,1
10301,'4',607,,20534,4,,,1,100,,20531,4,,,1,30,,20529,4,,,1,70,,20533,4,,,1,30,,20537,4,,,1,70,,20532,4,,,1,30,,20538,4,,,1,70,,20527,4,,,1,100,,20535,4,,,1,100,,20528,4,,,1,100,,20543,4,,,1,100,,20540,4,,,1,100,,20530,4,,,1,30,,20542,4,,,1,70,,20536,4,,,1,30,,20539,4,,,1,70,,20544,4,,,1,30,,20545,4,,,1,70,,20541,4,,,1,30,,20526,4,,,1
10301,'5',607,,20562,4,,,1,100,,20547,4,,,1,30,,20550,4,,,1,70,,20558,4,,,1,30,,20549,4,,,1,70,,20560,4,,,1,30,,20565,4,,,1,70,,20564,4,,,1,100,,20554,4,,,1,100,,20548,4,,,1,100,,20546,4,,,1,100,,20561,4,,,1,100,,20559,4,,,1,30,,20556,4,,,1,70,,20555,4,,,1,30,,20551,4,,,1,70,,20563,4,,,1,30,,20557,4,,,1,70,,20553,4,,,1,30,,20552,4,,,1
10301,'7',607,,20583,4,,,1,100,,20579,4,,,1,30,,20568,4,,,1,70,,20570,4,,,1,30,,20574,4,,,1,70,,20580,4,,,1,30,,20566,4,,,1,70,,20576,4,,,1,100,,20585,4,,,1,100,,20573,4,,,1,100,,20571,4,,,1,100,,20575,4,,,1,100,,20578,4,,,1,30,,20567,4,,,1,70,,20577,4,,,1,30,,20584,4,,,1,70,,20582,4,,,1,30,,20581,4,,,1,70,,20569,4,,,1,30,,20572,4,,,1
10301,'8',607,,20594,4,,,1,100,,20588,4,,,1,30,,20596,4,,,1,70,,20602,4,,,1,30,,20598,4,,,1,70,,20600,4,,,1,30,,20592,4,,,1,70,,20593,4,,,1,100,,20595,4,,,1,100,,20591,4,,,1,100,,20586,4,,,1,100,,20590,4,,,1,100,,20605,4,,,1,30,,20597,4,,,1,70,,20603,4,,,1,30,,20601,4,,,1,70,,20604,4,,,1,30,,20599,4,,,1,70,,20587,4,,,1,30,,20589,4,,,1
10301,'9',607,,20611,4,,,1,100,,20607,4,,,1,30,,20610,4,,,1,70,,20612,4,,,1,30,,20614,4,,,1,70,,20625,4,,,1,30,,20618,4,,,1,70,,20623,4,,,1,100,,20609,4,,,1,100,,20622,4,,,1,100,,20621,4,,,1,100,,20615,4,,,1,100,,20613,4,,,1,30,,20620,4,,,1,70,,20617,4,,,1,30,,20619,4,,,1,70,,20608,4,,,1,30,,20616,4,,,1,70,,20624,4,,,1,30,,20606,4,,,1
11200,'1',650,,24244,4,,,1,100,,24237,4,,,1,100,,24236,4,,,1,100,,24235,4,,,1,100,,24238,4,,,1,100,,24239,4,,,1,100,,24243,4,,,1,100,,24234,4,,,1,100,,24240,4,,,1,100,,24242,4,,,1,100,,24241,4,,,1
11200,'2',650,,24254,4,,,1,100,,24252,4,,,1,100,,24245,4,,,1,100,,24248,4,,,1,100,,24250,4,,,1,100,,24255,4,,,1,100,,24253,4,,,1,100,,24247,4,,,1,100,,24249,4,,,1,100,,24251,4,,,1,100,,24246,4,,,1
11200,'3',650,,24258,4,,,1,100,,24266,4,,,1,100,,24264,4,,,1,100,,24260,4,,,1,100,,24259,4,,,1,100,,24257,4,,,1,100,,24265,4,,,1,100,,24261,4,,,1,100,,24262,4,,,1,100,,24256,4,,,1,100,,24263,4,,,1
11200,'4',650,,24274,4,,,1,100,,24272,4,,,1,100,,24273,4,,,1,100,,24275,4,,,1,100,,24277,4,,,1,100,,24267,4,,,1,100,,24276,4,,,1,100,,24268,4,,,1,100,,24270,4,,,1,100,,24271,4,,,1,100,,24269,4,,,1
11200,'5',650,,24281,4,,,1,100,,24282,4,,,1,100,,24287,4,,,1,100,,24278,4,,,1,100,,24279,4,,,1,100,,24280,4,,,1,100,,24286,4,,,1,100,,24288,4,,,1,100,,24284,4,,,1,100,,24285,4,,,1,100,,24283,4,,,1
11200,'7',650,,24290,4,,,1,100,,24294,4,,,1,100,,24295,4,,,1,100,,24296,4,,,1,100,,24291,4,,,1,100,,24299,4,,,1,100,,24293,4,,,1,100,,24297,4,,,1,100,,24289,4,,,1,100,,24298,4,,,1,100,,24292,4,,,1
11200,'8',650,,24308,4,,,1,100,,24301,4,,,1,100,,24304,4,,,1,100,,24307,4,,,1,100,,24305,4,,,1,100,,24310,4,,,1,100,,24300,4,,,1,100,,24302,4,,,1,100,,24303,4,,,1,100,,24306,4,,,1,100,,24309,4,,,1
11200,'9',650,,24320,4,,,1,100,,24311,4,,,1,100,,24315,4,,,1,100,,24319,4,,,1,100,,24317,4,,,1,100,,24316,4,,,1,100,,24312,4,,,1,100,,24314,4,,,1,100,,24321,4,,,1,100,,24318,4,,,1,100,,24313,4,,,1
11201,'1',731,,24323,31,,,1,100,,24322,31,,,1,100,,24337,31,,,1,100,,24324,31,,,1,100,,24333,31,,,1,100,,24334,31,,,1,100,,24336,31,,,1,100,,24339,31,,,1,100,,24331,31,,,1,100,,24330,31,,,1,100,,24341,31,,,1
11201,'2',731,,24359,31,,,1,100,,24348,31,,,1,100,,24356,31,,,1,100,,24347,31,,,1,100,,19525,31,,,1,100,,24352,31,,,1,100,,24360,31,,,1,100,,24346,31,,,1,100,,24353,31,,,1,100,,24345,31,,,1,100,,24354,31,,,1
11201,'3',731,,24385,31,,,1,100,,24367,31,,,1,100,,24365,31,,,1,100,,24383,31,,,1,100,,24380,31,,,1,100,,24374,31,,,1,100,,24382,31,,,1,100,,24366,31,,,1,100,,24371,31,,,1,100,,24378,31,,,1,100,,24364,31,,,1
11201,'4',731,,24394,31,,,1,100,,24387,31,,,1,100,,24406,31,,,1,100,,24393,31,,,1,100,,24404,31,,,1,100,,24403,31,,,1,100,,24401,31,,,1,100,,24405,31,,,1,100,,24391,31,,,1,100,,24407,31,,,1,100,,24392,31,,,1
11201,'5',731,,24413,31,,,1,100,,24408,31,,,1,100,,24426,31,,,1,100,,24429,31,,,1,100,,24412,31,,,1,100,,24417,31,,,1,100,,24419,31,,,1,100,,24423,31,,,1,100,,24427,31,,,1,100,,24428,31,,,1,100,,24418,31,,,1
11201,'7',731,,24440,31,,,1,100,,24438,31,,,1,100,,24451,31,,,1,100,,24431,31,,,1,100,,24448,31,,,1,100,,24435,31,,,1,100,,24447,31,,,1,100,,24442,31,,,1,100,,24441,31,,,1,100,,24449,31,,,1,100,,24432,31,,,1
11201,'8',731,,24473,31,,,1,100,,24467,31,,,1,100,,24459,31,,,1,100,,24472,31,,,1,100,,24456,31,,,1,100,,24469,31,,,1,100,,24468,31,,,1,100,,24454,31,,,1,100,,24466,31,,,1,100,,24461,31,,,1,100,,24452,31,,,1
11201,'9',731,,24484,31,,,1,100,,24485,31,,,1,100,,24479,31,,,1,100,,24474,31,,,1,100,,24481,31,,,1,100,,24478,31,,,1,100,,24487,31,,,1,100,,24494,31,,,1,100,,24482,31,,,1,100,,24488,31,,,1,100,,24477,31,,,1
20300,'1',1916,,26519,28,,,1,30,,26514,28,,,1,70,,26516,28,,,1,30,,19313,28,,,1,70,,26513,28,,,1,30,,26517,28,,,1,70,,26515,28,,,1,30,,26512,28,,,1,70,,26518,28,,,1
20300,'10',746,,26525,28,,,1,70,,26536,28,,,1,30,,26521,28,,,1,70,,26546,28,,,1,30,,26545,28,,,1,70,,26529,28,,,1,30,,26544,28,,,1,70,,26526,28,,,1,30,,26530,28,,,1,70,,26531,28,,,1,30,,26528,28,,,1,70,,26537,28,,,1,30,,26523,28,,,1,70,,26527,28,,,1,30,,26520,28,,,1,70,,26542,28,,,1,30,,26524,28,,,1,70,,26533,28,,,1,30,,26540,28,,,1,70,,26522,28,,,1,30,,26538,28,,,1,70,,26532,28,,,1,30,,26543,28,,,1,70,,26534,28,,,1,30,,26535,28,,,1,70,,26541,28,,,1,30,,26539,28,,,1
20300,'11',746,,26571,28,,,1,70,,26558,28,,,1,30,,26572,28,,,1,70,,26553,28,,,1,30,,26573,28,,,1,70,,26547,28,,,1,30,,26561,28,,,1,70,,26560,28,,,1,30,,26569,28,,,1,70,,26549,28,,,1,30,,26566,28,,,1,70,,26554,28,,,1,30,,26550,28,,,1,70,,26551,28,,,1,30,,26556,28,,,1,70,,26548,28,,,1,30,,26564,28,,,1,70,,26563,28,,,1,30,,26559,28,,,1,70,,26555,28,,,1,30,,26562,28,,,1,70,,26552,28,,,1,30,,26557,28,,,1,70,,26567,28,,,1,30,,26565,28,,,1,70,,26570,28,,,1,30,,26568,28,,,1
20300,'2',1916,,26581,28,,,1,30,,26575,28,,,1,70,,26580,28,,,1,30,,26578,28,,,1,70,,26582,28,,,1,30,,26579,28,,,1,70,,26576,28,,,1,30,,26574,28,,,1,70,,26577,28,,,1
20300,'3',1916,,26585,28,,,1,30,,26589,28,,,1,70,,26586,28,,,1,30,,26590,28,,,1,70,,26583,28,,,1,30,,26591,28,,,1,70,,26584,28,,,1,30,,26587,28,,,1,70,,26588,28,,,1
20300,'4',1916,,26598,28,,,1,30,,26592,28,,,1,70,,26594,28,,,1,30,,26595,28,,,1,70,,26599,28,,,1,30,,26597,28,,,1,70,,26600,28,,,1,30,,26596,28,,,1,70,,26593,28,,,1
20300,'5',1916,,26607,28,,,1,30,,26601,28,,,1,70,,26606,28,,,1,30,,26604,28,,,1,70,,26609,28,,,1,30,,26605,28,,,1,70,,26602,28,,,1,30,,26603,28,,,1,70,,26608,28,,,1
20300,'6',746,,26622,28,,,1,70,,26636,28,,,1,30,,26628,28,,,1,70,,26621,28,,,1,30,,26616,28,,,1,70,,26618,28,,,1,30,,26619,28,,,1,70,,26624,28,,,1,30,,26611,28,,,1,70,,26625,28,,,1,30,,26617,28,,,1,70,,26633,28,,,1,30,,26614,28,,,1,70,,26610,28,,,1,30,,26630,28,,,1,70,,26612,28,,,1,30,,26634,28,,,1,70,,26623,28,,,1,30,,26627,28,,,1,70,,26615,28,,,1,30,,26631,28,,,1,70,,26635,28,,,1,30,,26620,28,,,1,70,,26626,28,,,1,30,,26632,28,,,1,70,,26629,28,,,1,30,,26613,28,,,1
20300,'7',1916,,26637,28,,,1,30,,26643,28,,,1,70,,26638,28,,,1,30,,26644,28,,,1,70,,26640,28,,,1,30,,26641,28,,,1,70,,26645,28,,,1,30,,26642,28,,,1,70,,26639,28,,,1
20300,'8',1916,,26650,28,,,1,30,,26652,28,,,1,70,,26649,28,,,1,30,,26654,28,,,1,70,,26646,28,,,1,30,,26648,28,,,1,70,,26651,28,,,1,30,,26647,28,,,1,70,,26653,28,,,1
20300,'9',1916,,26656,28,,,1,30,,26657,28,,,1,70,,26658,28,,,1,30,,26663,28,,,1,70,,26661,28,,,1,30,,26655,28,,,1,70,,26659,28,,,1,30,,26662,28,,,1,70,,26660,28,,,1
20301,'1',1907,,26667,4,0,9 3 10,1,30,,26666,4,0,9 3 10,1,70,,26669,4,0,9 3 10,1,30,,26671,4,0,9 3 10,1,70,,26674,4,0,9 3 10,1,30,,26670,4,0,9 3 10,1,70,,26665,4,0,9 3 10,1,30,,26668,4,0,9 3 10,1,70,,26672,4,0,9 3 10,1,30,,26664,4,0,9 3 10,1
20301,'10',705,,26695,4,0,9 3 10,1,30,,26689,4,0,9 3 10,1,70,,26690,4,0,9 3 10,1,30,,26684,4,0,9 3 10,1,70,,26677,4,0,9 3 10,1,30,,26694,4,0,9 3 10,1,70,,26682,4,0,9 3 10,1,30,,26693,4,0,9 3 10,1,70,,26699,4,0,9 3 10,1,30,,26676,4,0,9 3 10,1,70,,26675,4,0,9 3 10,1,30,,26683,4,0,9 3 10,1,70,,26680,4,0,9 3 10,1,30,,26691,4,0,9 3 10,1,70,,26700,4,0,9 3 10,1,30,,26696,4,0,9 3 10,1,70,,26678,4,0,9 3 10,1,30,,26685,4,0,9 3 10,1,70,,26701,4,0,9 3 10,1,30,,26686,4,0,9 3 10,1,70,,26698,4,0,9 3 10,1,30,,26687,4,0,9 3 10,1,70,,26692,4,0,9 3 10,1,30,,26688,4,0,9 3 10,1,70,,26702,4,0,9 3 10,1,30,,26679,4,0,9 3 10,1,70,,26681,4,0,9 3 10,1,30,,26697,4,0,9 3 10,1
20301,'11',705,,26730,4,0,9 3 10,1,30,,26718,4,0,9 3 10,1,70,,26711,4,0,9 3 10,1,30,,26722,4,0,9 3 10,1,70,,26714,4,0,9 3 10,1,30,,26725,4,0,9 3 10,1,70,,26706,4,0,9 3 10,1,30,,26709,4,0,9 3 10,1,70,,26705,4,0,9 3 10,1,30,,26726,4,0,9 3 10,1,70,,26719,4,0,9 3 10,1,30,,26703,4,0,9 3 10,1,70,,26704,4,0,9 3 10,1,30,,26729,4,0,9 3 10,1,70,,26717,4,0,9 3 10,1,30,,26710,4,0,9 3 10,1,70,,26708,4,0,9 3 10,1,30,,26724,4,0,9 3 10,1,70,,26715,4,0,9 3 10,1,30,,26721,4,0,9 3 10,1,70,,26728,4,0,9 3 10,1,30,,26707,4,0,9 3 10,1,70,,26723,4,0,9 3 10,1,30,,26720,4,0,9 3 10,1,70,,26716,4,0,9 3 10,1,30,,26727,4,0,9 3 10,1,70,,26713,4,0,9 3 10,1,30,,26712,4,0,9 3 10,1
20301,'2',1907,,26740,4,0,9 3 10,1,30,,26735,4,0,9 3 10,1,70,,26732,4,0,9 3 10,1,30,,26734,4,0,9 3 10,1,70,,26739,4,0,9 3 10,1,30,,26731,4,0,9 3 10,1,70,,26741,4,0,9 3 10,1,30,,26733,4,0,9 3 10,1,70,,26738,4,0,9 3 10,1,30,,26737,4,0,9 3 10,1
20301,'3',1907,,26752,4,0,9 3 10,1,30,,26748,4,0,9 3 10,1,70,,26750,4,0,9 3 10,1,30,,26745,4,0,9 3 10,1,70,,26746,4,0,9 3 10,1,30,,26749,4,0,9 3 10,1,70,,26744,4,0,9 3 10,1,30,,26743,4,0,9 3 10,1,70,,26751,4,0,9 3 10,1,30,,26742,4,0,9 3 10,1
20301,'4',1907,,26753,4,0,9 3 10,1,30,,26762,4,0,9 3 10,1,70,,26759,4,0,9 3 10,1,30,,26760,4,0,9 3 10,1,70,,26761,4,0,9 3 10,1,30,,26754,4,0,9 3 10,1,70,,26757,4,0,9 3 10,1,30,,26763,4,0,9 3 10,1,70,,26756,4,0,9 3 10,1,30,,26758,4,0,9 3 10,1
20301,'5',1907,,26770,4,0,9 3 10,1,30,,26766,4,0,9 3 10,1,70,,26772,4,0,9 3 10,1,30,,26773,4,0,9 3 10,1,70,,26765,4,0,9 3 10,1,30,,26767,4,0,9 3 10,1,70,,26774,4,0,9 3 10,1,30,,26771,4,0,9 3 10,1,70,,26769,4,0,9 3 10,1,30,,26768,4,0,9 3 10,1
20301,'6',705,,26786,4,0,9 3 10,1,30,,26798,4,0,9 3 10,1,70,,26794,4,0,9 3 10,1,30,,26801,4,0,9 3 10,1,70,,26785,4,0,9 3 10,1,30,,26782,4,0,9 3 10,1,70,,26797,4,0,9 3 10,1,30,,26775,4,0,9 3 10,1,70,,26781,4,0,9 3 10,1,30,,26788,4,0,9 3 10,1,70,,26796,4,0,9 3 10,1,30,,26790,4,0,9 3 10,1,70,,26778,4,0,9 3 10,1,30,,26799,4,0,9 3 10,1,70,,26791,4,0,9 3 10,1,30,,26776,4,0,9 3 10,1,70,,26783,4,0,9 3 10,1,30,,26777,4,0,9 3 10,1,70,,26793,4,0,9 3 10,1,30,,26802,4,0,9 3 10,1,70,,26784,4,0,9 3 10,1,30,,26787,4,0,9 3 10,1,70,,26779,4,0,9 3 10,1,30,,26800,4,0,9 3 10,1,70,,26780,4,0,9 3 10,1,30,,26792,4,0,9 3 10,1,70,,26795,4,0,9 3 10,1,30,,26789,4,0,9 3 10,1
20301,'7',1907,,26808,4,0,9 3 10,1,30,,26809,4,0,9 3 10,1,70,,26803,4,0,9 3 10,1,30,,26810,4,0,9 3 10,1,70,,26805,4,0,9 3 10,1,30,,26804,4,0,9 3 10,1,70,,26811,4,0,9 3 10,1,30,,26806,4,0,9 3 10,1,70,,26812,4,0,9 3 10,1,30,,26807,4,0,9 3 10,1
20301,'8',1907,,26816,4,0,9 3 10,1,30,,26821,4,0,9 3 10,1,70,,26815,4,0,9 3 10,1,30,,26817,4,0,9 3 10,1,70,,26820,4,0,9 3 10,1,30,,26824,4,0,9 3 10,1,70,,26823,4,0,9 3 10,1,30,,26819,4,0,9 3 10,1,70,,26814,4,0,9 3 10,1,30,,26818,4,0,9 3 10,1
20301,'9',1907,,26825,4,0,9 3 10,1,30,,26828,4,0,9 3 10,1,70,,26834,4,0,9 3 10,1,30,,26831,4,0,9 3 10,1,70,,26832,4,0,9 3 10,1,30,,26835,4,0,9 3 10,1,70,,26830,4,0,9 3 10,1,30,,26829,4,0,9 3 10,1,70,,26827,4,0,9 3 10,1,30,,26833,4,0,9 3 10,1
