10100,'10',700,,17246,1,,,1,30,,17239,1,,,1,70,,17236,1,,,1,30,,17248,1,,,1,70,,17235,1,,,1,30,,17245,1,,,1,70,,17247,1,,,1,100,,17250,1,,,1,100,,17243,1,,,1,100,,17234,1,,,1,100,,17238,1,,,1,100,,17249,1,,,1,30,,17240,1,,,1,70,,17241,1,,,1,30,,17237,1,,,1,70,,17242,1,,,1,30,,17244,1,,,1,70,,17233,1,,,1
10100,'7',700,,17263,1,,,1,30,,17252,1,,,1,70,,17255,1,,,1,30,,17265,1,,,1,70,,17254,1,,,1,30,,17257,1,,,1,70,,17264,1,,,1,100,,17267,1,,,1,100,,17258,1,,,1,100,,17253,1,,,1,100,,17260,1,,,1,100,,17266,1,,,1,30,,17256,1,,,1,70,,17153,1,,,1,30,,17251,1,,,1,70,,17262,1,,,1,30,,17259,1,,,1,70,,17261,1,,,1
10101,'10',653,,17276,21,4,,1,70,,17283,21,4,,1,30,,17281,21,4,,1,70,,17273,21,4,,1,30,,17280,21,4,,1,70,,17274,21,4,,1,30,,17271,21,4,,1,100,,14659,21,4,,1,100,,17272,21,4,,1,100,,17279,21,4,,1,100,,17282,21,4,,1,101,,17278,21,4,,1,70,,17275,21,4,,1,30,,17270,21,4,,1,70,,17277,21,4,,1,30,,17284,21,4,,1,70,,17268,21,4,,1,30,,17269,21,4,,1
10101,'7',653,,17293,21,4,,1,70,,17298,21,4,,1,30,,17296,21,4,,1,70,,15501,21,4,,1,30,,17294,21,4,,1,70,,14830,21,4,,1,30,,17289,21,4,,1,100,,14642,21,4,,1,100,,17292,21,4,,1,100,,17295,21,4,,1,100,,17297,21,4,,1,101,,17291,21,4,,1,70,,17290,21,4,,1,30,,17287,21,4,,1,70,,15664,21,4,,1,30,,17288,21,4,,1,70,,17285,21,4,,1,30,,17286,21,4,,1
10201,'10',652,,17327,11,4,,1,70,,17323,11,4,,1,30,,17338,11,4,,1,70,,17339,11,4,,1,30,,15225,11,4,,1,70,,17340,11,4,,1,30,,15198,11,4,,1,100,,17326,11,4,,1,100,,17318,11,4,,1,100,,14846,11,4,,1,100,,17317,11,4,,1,100,,17301,11,4,,1,70,,17299,11,4,,1,30,,15907,11,4,,1,70,,17319,11,4,,1,30,,17343,11,4,,1,70,,17313,11,4,,1,30,,17310,11,4,,1
10201,'7',652,,17375,11,4,,1,70,,17386,11,4,,1,30,,17385,11,4,,1,70,,17388,11,4,,1,30,,15211,11,4,,1,70,,12625,11,4,,1,30,,15181,11,4,,1,100,,17374,11,4,,1,100,,17350,11,4,,1,100,,14827,11,4,,1,100,,17382,11,4,,1,100,,17355,11,4,,1,70,,17366,11,4,,1,30,,17357,11,4,,1,70,,17387,11,4,,1,30,,17393,11,4,,1,70,,17391,11,4,,1,30,,17370,11,4,,1
10300,'10',630,,17403,1,,,1,100,,17409,1,,,1,70,,17408,1,,,1,30,,14899,1,,,1,70,,17404,1,,,1,30,,17397,1,,,1,70,,17406,1,,,1,30,,17400,1,,,1,100,,17407,1,,,1,100,,17401,1,,,1,100,,17411,1,,,1,100,,17399,1,,,1,100,,16894,1,,,1,70,,15047,1,,,1,30,,17402,1,,,1,70,,14645,1,,,1,30,,17405,1,,,1,70,,17410,1,,,1,30,,17398,1,,,1
10300,'7',630,,17429,1,,,1,100,,17419,1,,,1,70,,17417,1,,,1,30,,17427,1,,,1,70,,17420,1,,,1,30,,17428,1,,,1,70,,17413,1,,,1,30,,17414,1,,,1,100,,17425,1,,,1,100,,17422,1,,,1,100,,17418,1,,,1,100,,17421,1,,,1,100,,16885,1,,,1,70,,17424,1,,,1,30,,17415,1,,,1,70,,17426,1,,,1,30,,17423,1,,,1,70,,17416,1,,,1,30,,17412,1,,,1
10301,'10',623,,17439,25,4,,1,100,,17438,25,4,,1,30,,17440,25,4,,1,70,,17430,25,4,,1,30,,17443,25,4,,1,70,,17432,25,4,,1,30,,17441,25,4,,1,70,,17445,25,4,,1,100,,17444,25,4,,1,100,,17433,25,4,,1,100,,17436,25,4,,1,100,,17435,25,4,,1,100,,17442,25,4,,1,30,,17434,25,4,,1,70,,17437,25,4,,1,30,,15037,25,4,,1,70,,15324,25,4,,1,30,,14958,25,4,,1,70,,17431,25,4,,1,30,,14559,25,4,,1
10301,'7',623,,17454,25,4,,1,100,,17447,25,4,,1,30,,17463,25,4,,1,70,,17449,25,4,,1,30,,17459,25,4,,1,70,,17458,25,4,,1,30,,17461,25,4,,1,70,,17455,25,4,,1,100,,15656,25,4,,1,100,,17456,25,4,,1,100,,17452,25,4,,1,100,,17453,25,4,,1,100,,17457,25,4,,1,30,,17448,25,4,,1,70,,17451,25,4,,1,30,,17462,25,4,,1,70,,15266,25,4,,1,30,,17460,25,4,,1,70,,17450,25,4,,1,30,,17446,25,4,,1
10400,'10',630,,17479,1,0,11 12,1,70,,17482,1,0,11 12,1,30,,17464,1,0,11 12,1,70,,17470,1,0,11 12,1,30,,17475,1,0,11 12,1,70,,16110,1,0,11 12,1,30,,17473,1,0,11 12,1,70,,17466,1,0,11 12,1,30,,17481,1,0,11 12,1,70,,17478,1,0,11 12,1,30,,17469,1,0,11 12,1,70,,16098,1,0,11 12,1,30,,17468,1,0,11 12,1,70,,17476,1,0,11 12,1,30,,17465,1,0,11 12,1,70,,14781,1,0,11 12,1,30,,17467,1,0,11 12,1,70,,17483,1,0,11 12,1,30,,16687,1,0,11 12,1,70,,17474,1,0,11 12,1,30,,17472,1,0,11 12,1,70,,17477,1,0,11 12,1,30,,17480,1,0,11 12,1,70,,17484,1,0,11 12,1,30,,17471,1,0,11 12,1
10400,'7',630,,17499,1,0,11 12,1,70,,17486,1,0,11 12,1,30,,17487,1,0,11 12,1,70,,17489,1,0,11 12,1,30,,17496,1,0,11 12,1,70,,15009,1,0,11 12,1,30,,17492,1,0,11 12,1,70,,17493,1,0,11 12,1,30,,17488,1,0,11 12,1,70,,17485,1,0,11 12,1,30,,17501,1,0,11 12,1,70,,16058,1,0,11 12,1,30,,17504,1,0,11 12,1,70,,17497,1,0,11 12,1,30,,15807,1,0,11 12,1,70,,13190,1,0,11 12,1,30,,17494,1,0,11 12,1,70,,17502,1,0,11 12,1,30,,16669,1,0,11 12,1,70,,17495,1,0,11 12,1,30,,17491,1,0,11 12,1,70,,17498,1,0,11 12,1,30,,17500,1,0,11 12,1,70,,17503,1,0,11 12,1,30,,17490,1,0,11 12,1
10401,'10',627,,17533,15,4,,1,30,,17511,15,4,,1,70,,17534,15,4,,1,30,,17513,15,4,,1,70,,17007,15,4,,1,30,,17547,15,4,,1,70,,17539,15,4,,1,30,,17537,15,4,,1,70,,17549,15,4,,1,30,,17542,15,4,,1,70,,17527,15,4,,1,30,,17543,15,4,,1,70,,17524,15,4,,1,30,,17515,15,4,,1,70,,17548,15,4,,1,30,,17544,15,4,,1,70,,17550,15,4,,1,30,,17532,15,4,,1,70,,17522,15,4,,1,30,,17519,15,4,,1,70,,17520,15,4,,1,30,,17508,15,4,,1,70,,17538,15,4,,1,30,,17531,15,4,,1,70,,17505,15,4,,1
10401,'7',627,,17568,15,4,,1,30,,17557,15,4,,1,70,,17559,15,4,,1,30,,17560,15,4,,1,70,,17571,15,4,,1,30,,17591,15,4,,1,70,,15799,15,4,,1,30,,17588,15,4,,1,70,,15895,15,4,,1,30,,17593,15,4,,1,70,,16267,15,4,,1,30,,16484,15,4,,1,70,,17574,15,4,,1,30,,17551,15,4,,1,70,,17592,15,4,,1,30,,17583,15,4,,1,70,,17594,15,4,,1,30,,17564,15,4,,1,70,,17570,15,4,,1,30,,17565,15,4,,1,70,,17566,15,4,,1,30,,17554,15,4,,1,70,,17584,15,4,,1,30,,17582,15,4,,1,70,,17552,15,4,,1
10600,'10',637,,17731,1,,,1,100,,17729,1,,,1,70,,17738,1,,,1,30,,17725,1,,,1,70,,17730,1,,,1,30,,17724,1,,,1,100,,17732,1,,,1,100,,17733,1,,,1,100,,17737,1,,,1,100,,15777,1,,,1,100,,15043,1,,,1,70,,17736,1,,,1,30,,17728,1,,,1,70,,17735,1,,,1,23,,17726,1,,,1,77,,17727,1,,,1,23,,17734,1,,,1
10600,'7',637,,17746,1,,,1,100,,15653,1,,,1,70,,17740,1,,,1,30,,17742,1,,,1,70,,17741,1,,,1,30,,17739,1,,,1,100,,17747,1,,,1,100,,17748,1,,,1,100,,17750,1,,,1,100,,15758,1,,,1,100,,15011,1,,,1,70,,17744,1,,,1,30,,17745,1,,,1,70,,15703,1,,,1,23,,17743,1,,,1,77,,17751,1,,,1,23,,17749,1,,,1
10601,'10',620,,17762,30,4,,1,100,,17755,30,4,,1,30,,17758,30,4,,1,70,,17763,30,4,,1,30,,17767,30,4,,1,70,,17760,30,4,,1,100,,15734,30,4,,1,100,,17759,30,4,,1,100,,17761,30,4,,1,100,,17768,30,4,,1,100,,17754,30,4,,1,30,,17756,30,4,,1,70,,17764,30,4,,1,30,,17753,30,4,,1,70,,17769,30,4,,1,30,,17757,30,4,,1,70,,14683,30,4,,1,30,,17766,30,4,,1,70,,17752,30,4,,1
10601,'7',620,,17783,30,4,,1,100,,17773,30,4,,1,30,,17779,30,4,,1,70,,17784,30,4,,1,30,,17770,30,4,,1,70,,17781,30,4,,1,100,,15711,30,4,,1,100,,17777,30,4,,1,100,,17782,30,4,,1,100,,17786,30,4,,1,100,,17772,30,4,,1,30,,17774,30,4,,1,70,,17785,30,4,,1,30,,17776,30,4,,1,70,,17787,30,4,,1,30,,17775,30,4,,1,70,,14670,30,4,,1,30,,17780,30,4,,1,70,,17771,30,4,,1
10700,'10',630,,17801,1,,,1,100,,17790,1,,,1,70,,17802,1,,,1,30,,17796,1,,,1,70,,17804,1,,,1,30,,17793,1,,,1,100,,17798,1,,,1,100,,17789,1,,,1,100,,17803,1,,,1,100,,17799,1,,,1,100,,15221,1,,,1,70,,17792,1,,,1,30,,17788,1,,,1,70,,17794,1,,,1,30,,17797,1,,,1,70,,17791,1,,,1,30,,14678,1,,,1,70,,17800,1,,,1,30,,17795,1,,,1
10700,'7',630,,17818,1,,,1,100,,17807,1,,,1,70,,17809,1,,,1,30,,17813,1,,,1,70,,17819,1,,,1,30,,17811,1,,,1,100,,17815,1,,,1,100,,17806,1,,,1,100,,17820,1,,,1,100,,17816,1,,,1,100,,15207,1,,,1,70,,17810,1,,,1,30,,17805,1,,,1,70,,14729,1,,,1,30,,17814,1,,,1,70,,17808,1,,,1,30,,14665,1,,,1,70,,17817,1,,,1,30,,17812,1,,,1
10701,'10',624,,17856,15,4,,1,100,,17836,15,4,,1,30,,17843,15,4,,1,70,,17844,15,4,,1,30,,17852,15,4,,1,70,,17865,15,4,,1,100,,17854,15,4,,1,100,,17829,15,4,,1,100,,16103,15,4,,1,106,,17842,15,4,,1,94,,17837,15,4,,1,30,,16036,15,4,,1,70,,17855,15,4,,1,30,,17841,15,4,,1,76,,14854,15,4,,1,24,,17826,15,4,,1,76,,17824,15,4,,1,70,,17823,15,4,,1,24,,17857,15,4,,1,100,,17821,15,4,,1
10701,'7',624,,17907,15,4,,1,100,,17886,15,4,,1,30,,17920,15,4,,1,70,,17894,15,4,,1,30,,17877,15,4,,1,70,,17916,15,4,,1,100,,17902,15,4,,1,100,,17879,15,4,,1,100,,16062,15,4,,1,106,,17893,15,4,,1,94,,17887,15,4,,1,30,,16880,15,4,,1,70,,17905,15,4,,1,30,,17891,15,4,,1,76,,14835,15,4,,1,24,,17873,15,4,,1,76,,17876,15,4,,1,70,,17875,15,4,,1,24,,17908,15,4,,1,100,,17872,15,4,,1
11000,'10',630,,18132,1,,,1,70,,18114,1,,,1,30,,18128,1,,,1,70,,18130,1,,,1,30,,18119,1,,,1,70,,18124,1,,,1,30,,18113,1,,,1,70,,18118,1,,,1,30,,18131,1,,,1,70,,18116,1,,,1,30,,15462,1,,,1,70,,18125,1,,,1,30,,18129,1,,,1,70,,18120,1,,,1,30,,18127,1,,,1,70,,14677,1,,,1,30,,18121,1,,,1,70,,18117,1,,,1,30,,18122,1,,,1,70,,18123,1,,,1,30,,18126,1,,,1,70,,18112,1,,,1,30,,14906,1,,,1,70,,15511,1,,,1,30,,18115,1,,,1
11000,'7',630,,18146,1,,,1,70,,18134,1,,,1,30,,15987,1,,,1,70,,18152,1,,,1,30,,18147,1,,,1,70,,18148,1,,,1,30,,18153,1,,,1,70,,18135,1,,,1,30,,18142,1,,,1,70,,18137,1,,,1,30,,15372,1,,,1,70,,18136,1,,,1,30,,18151,1,,,1,70,,18140,1,,,1,30,,18150,1,,,1,70,,18139,1,,,1,30,,18143,1,,,1,70,,18141,1,,,1,30,,18144,1,,,1,70,,18145,1,,,1,30,,18149,1,,,1,70,,18133,1,,,1,30,,14883,1,,,1,70,,15467,1,,,1,30,,18138,1,,,1
11001,'10',624,,18162,13,4,,1,30,,18172,13,4,,1,70,,18166,13,4,,1,30,,18161,13,4,,1,70,,18168,13,4,,1,30,,18164,13,4,,1,70,,18158,13,4,,1,30,,18165,13,4,,1,70,,18156,13,4,,1,30,,16694,13,4,,1,70,,18157,13,4,,1,30,,18154,13,4,,1,70,,18174,13,4,,1,30,,18163,13,4,,1,70,,18167,13,4,,1,30,,18171,13,4,,1,70,,18160,13,4,,1,30,,18159,13,4,,1,70,,18170,13,4,,1,30,,16123,13,4,,1,70,,18169,13,4,,1,30,,14776,13,4,,1,73,,18155,13,4,,1,27,,18175,13,4,,1,70,,18173,13,4,,1
11001,'7',624,,18184,13,4,,1,30,,18178,13,4,,1,70,,18187,13,4,,1,30,,18179,13,4,,1,70,,18188,13,4,,1,30,,18182,13,4,,1,70,,18180,13,4,,1,30,,18186,13,4,,1,70,,14701,13,4,,1,30,,18194,13,4,,1,70,,18183,13,4,,1,30,,18176,13,4,,1,70,,18191,13,4,,1,30,,18185,13,4,,1,70,,18192,13,4,,1,30,,18193,13,4,,1,70,,18196,13,4,,1,30,,18181,13,4,,1,70,,18190,13,4,,1,30,,16082,13,4,,1,70,,18189,13,4,,1,30,,14725,13,4,,1,73,,18177,13,4,,1,27,,18197,13,4,,1,70,,18195,13,4,,1
11501,'10',700,,18540,1,0,7 1 8,1,30,,18538,1,0,7 1 8,1,70,,18557,1,0,7 1 8,1,30,,18558,1,0,7 1 8,1,70,,18565,1,0,7 1 8,1,30,,18554,1,0,7 1 8,1,70,,18560,1,0,7 1 8,1,100,,18541,1,0,7 1 8,1,100,,18563,1,0,7 1 8,1,100,,18536,1,0,7 1 8,1,100,,18537,1,0,7 1 8,1,100,,18553,1,0,7 1 8,1,30,,17079,1,0,7 1 8,1,70,,18559,1,0,7 1 8,1,30,,18561,1,0,7 1 8,1,70,,18549,1,0,7 1 8,1,30,,18548,1,0,7 1 8,1,70,,14892,1,0,7 1 8,1
11501,'7',700,,18573,1,0,7 1 8,1,30,,18569,1,0,7 1 8,1,70,,18584,1,0,7 1 8,1,30,,18589,1,0,7 1 8,1,70,,18596,1,0,7 1 8,1,30,,18581,1,0,7 1 8,1,70,,18588,1,0,7 1 8,1,100,,18592,1,0,7 1 8,1,100,,18591,1,0,7 1 8,1,100,,18566,1,0,7 1 8,1,100,,18568,1,0,7 1 8,1,100,,18595,1,0,7 1 8,1,30,,18571,1,0,7 1 8,1,70,,18587,1,0,7 1 8,1,30,,18567,1,0,7 1 8,1,70,,18585,1,0,7 1 8,1,30,,18582,1,0,7 1 8,1,70,,14869,1,0,7 1 8,1
11600,'10',634,,18622,2,4,,1,1,,18610,1,,,1,69,,18609,2,4,,1,1,,18604,1,,,1,29,,18631,2,4,,1,1,,18602,1,,,1,69,,18616,2,4,,1,1,,18632,1,,,1,29,,18634,2,4,,1,1,,14153,1,,,1,69,,18620,2,4,,1,1,,16179,1,,,1,29,,18601,2,4,,1,1,,18617,1,,,1,69,,14808,2,4,,1,1,,16890,1,,,1,29,,18626,2,4,,1,1,,18628,1,,,1,69,,15518,2,4,,1,1,,18608,1,,,1,29,,18614,2,4,,1,1,,16926,1,,,1,69,,18606,2,4,,1,1,,18615,1,,,1,29,,18629,2,4,,1,1,,18613,1,,,1,69,,18597,2,4,,1,1,,18605,1,,,1,29,,18633,2,4,,1,1,,18621,1,,,1,69,,18618,2,4,,1,1,,18600,1,,,1,29,,18598,2,4,,1,1,,18607,1,,,1,69,,16189,2,4,,1,1,,18627,1,,,1,29,,18612,2,4,,1,1,,18619,1,,,1,69,,18599,2,4,,1,1,,18603,1,,,1,29,,18624,2,4,,1,1,,18623,1,,,1,69,,16230,2,4,,1,1,,18625,1,,,1,29,,18611,2,4,,1,1,,18630,1,,,1
11600,'7',634,,18659,2,4,,1,1,,15811,1,,,1,69,,18647,2,4,,1,1,,18642,1,,,1,29,,18668,2,4,,1,1,,18640,1,,,1,69,,18653,2,4,,1,1,,18669,1,,,1,29,,18671,2,4,,1,1,,14144,1,,,1,69,,18657,2,4,,1,1,,16135,1,,,1,29,,18639,2,4,,1,1,,18654,1,,,1,69,,14791,2,4,,1,1,,16881,1,,,1,29,,18663,2,4,,1,1,,18665,1,,,1,69,,15474,2,4,,1,1,,18646,1,,,1,29,,18651,2,4,,1,1,,16922,1,,,1,69,,18644,2,4,,1,1,,18652,1,,,1,29,,18666,2,4,,1,1,,18650,1,,,1,69,,18635,2,4,,1,1,,18643,1,,,1,29,,18670,2,4,,1,1,,18658,1,,,1,69,,18655,2,4,,1,1,,18638,1,,,1,29,,18636,2,4,,1,1,,18645,1,,,1,69,,16145,2,4,,1,1,,18664,1,,,1,29,,18649,2,4,,1,1,,18656,1,,,1,69,,18637,2,4,,1,1,,18641,1,,,1,29,,18661,2,4,,1,1,,18660,1,,,1,69,,16220,2,4,,1,1,,18662,1,,,1,29,,18648,2,4,,1,1,,18667,1,,,1
11601,'10',618,,18683,16,4,,1,7,,14971,1,0,13,1,23,,14970,16,4,,1,7,,18675,1,0,13,1,63,,18677,16,4,,1,7,,18705,1,0,13,1,23,,18685,16,4,,1,7,,18711,1,0,13,1,63,,18681,16,4,,1,7,,15905,1,0,13,1,23,,18682,16,4,,1,7,,18686,1,0,13,1,63,,18698,16,4,,1,7,,18679,1,0,13,1,23,,18700,16,4,,1,7,,18704,1,0,13,1,63,,16805,16,4,,1,7,,18689,1,0,13,1,23,,18673,16,4,,1,7,,18697,1,0,13,1,63,,18690,16,4,,1,7,,18688,1,0,13,1,23,,15103,16,4,,1,7,,18678,1,0,13,1,63,,18676,16,4,,1,7,,18701,1,0,13,1,23,,18712,16,4,,1,7,,18706,1,0,13,1,63,,18699,16,4,,1,7,,18703,1,0,13,1,23,,18674,16,4,,1,7,,18684,1,0,13,1,63,,18695,16,4,,1,7,,18672,1,0,13,1,23,,18709,16,4,,1,7,,18680,1,0,13,1,63,,18691,16,4,,1,7,,18692,1,0,13,1,23,,18696,16,4,,1,7,,18708,1,0,13,1,63,,18687,16,4,,1,7,,14749,1,0,13,1,23,,18710,16,4,,1,7,,18702,1,0,13,1,63,,18694,16,4,,1,7,,18707,1,0,13,1,23,,15133,16,4,,1,7,,18693,1,0,13,1
11601,'7',618,,18724,16,4,,1,7,,14925,1,0,13,1,23,,14924,16,4,,1,7,,18717,1,0,13,1,63,,18719,16,4,,1,7,,18746,1,0,13,1,23,,18726,16,4,,1,7,,18752,1,0,13,1,63,,18722,16,4,,1,7,,18715,1,0,13,1,23,,18723,16,4,,1,7,,18727,1,0,13,1,63,,18739,16,4,,1,7,,18721,1,0,13,1,23,,18741,16,4,,1,7,,18745,1,0,13,1,63,,16795,16,4,,1,7,,18730,1,0,13,1,23,,18714,16,4,,1,7,,18738,1,0,13,1,63,,18731,16,4,,1,7,,18729,1,0,13,1,23,,15067,16,4,,1,7,,18720,1,0,13,1,63,,18718,16,4,,1,7,,18742,1,0,13,1,23,,18753,16,4,,1,7,,18747,1,0,13,1,63,,18740,16,4,,1,7,,18744,1,0,13,1,23,,18716,16,4,,1,7,,18725,1,0,13,1,63,,18736,16,4,,1,7,,18713,1,0,13,1,23,,18750,16,4,,1,7,,15693,1,0,13,1,63,,18732,16,4,,1,7,,18733,1,0,13,1,23,,18737,16,4,,1,7,,18749,1,0,13,1,63,,18728,16,4,,1,7,,14698,1,0,13,1,23,,18751,16,4,,1,7,,18743,1,0,13,1,63,,18735,16,4,,1,7,,18748,1,0,13,1,23,,15097,16,4,,1,7,,18734,1,0,13,1
20300,'10',1900,,18758,1,,,1,30,,18761,1,,,1,70,,18755,1,,,1,30,,18757,1,,,1,70,,18756,1,,,1,30,,18754,1,,,1,70,,18759,1,,,1,30,,18760,1,,,1,70,,18762,1,,,1
20300,'5',730,,18785,1,,,1,70,,18763,1,,,1,30,,18783,1,,,1,70,,18765,1,,,1,30,,18771,1,,,1,70,,18776,1,,,1,30,,18770,1,,,1,70,,18781,1,,,1,30,,18773,1,,,1,70,,18779,1,,,1,30,,18777,1,,,1,70,,16915,1,,,1,30,,16464,1,,,1,70,,18767,1,,,1,30,,18764,1,,,1,70,,18782,1,,,1,30,,18766,1,,,1,70,,18768,1,,,1,30,,18772,1,,,1,70,,18780,1,,,1,30,,18774,1,,,1,70,,18786,1,,,1,30,,16403,1,,,1,70,,18775,1,,,1,30,,18784,1,,,1,70,,18778,1,,,1,30,,18769,1,,,1
20300,'7',1900,,18787,1,,,1,30,,18794,1,,,1,70,,18790,1,,,1,30,,18791,1,,,1,70,,15742,1,,,1,30,,18788,1,,,1,70,,18792,1,,,1,30,,18793,1,,,1,70,,18789,1,,,1
20301,'10',1920,,18797,20,4,,1,30,,15385,20,4,,1,72,,18798,20,4,,1,28,,18799,20,4,,1,70,,18802,20,4,,1,30,,18796,20,4,,1,70,,18800,20,4,,1,30,,18795,20,4,,1,70,,18801,20,4,,1,30,,15316,20,4,,1,50,,16215,1,,,1
20301,'5',720,,18823,20,4,,1,30,,18824,20,4,,1,70,,18804,20,4,,1,30,,18813,20,4,,1,70,,18811,20,4,,1,30,,18814,20,4,,1,70,,18817,20,4,,1,30,,17231,20,4,,1,70,,18822,20,4,,1,30,,18809,20,4,,1,70,,18816,20,4,,1,30,,16412,20,4,,1,70,,18805,20,4,,1,30,,18820,20,4,,1,70,,18827,20,4,,1,30,,18826,20,4,,1,70,,18810,20,4,,1,30,,18806,20,4,,1,70,,18825,20,4,,1,30,,18808,20,4,,1,70,,18803,20,4,,1,30,,18819,20,4,,1,70,,18807,20,4,,1,30,,18815,20,4,,1,70,,16996,20,4,,1,30,,18821,20,4,,1,70,,18818,20,4,,1,30,,18812,20,4,,1
20301,'7',1920,,18830,20,4,,1,30,,18835,20,4,,1,72,,18831,20,4,,1,28,,18832,20,4,,1,70,,18837,20,4,,1,30,,18834,20,4,,1,70,,18833,20,4,,1,30,,18828,20,4,,1,70,,18836,20,4,,1,30,,18829,20,4,,1,50,,16131,1,,,1
20400,'10',1900,,18840,1,,,1,30,,18841,1,,,1,70,,18839,1,,,1,30,,18845,1,,,1,70,,18842,1,,,1,30,,18844,1,,,1,70,,18843,1,,,1,30,,15600,1,,,1,70,,18838,1,,,1,30,,15911,1,,,1
20400,'5',730,,18853,1,,,1,70,,18868,1,,,1,30,,18859,1,,,1,70,,18871,1,,,1,30,,18869,1,,,1,70,,18873,1,,,1,30,,18856,1,,,1,70,,18872,1,,,1,30,,18870,1,,,1,70,,18867,1,,,1,30,,18854,1,,,1,70,,18861,1,,,1,30,,18865,1,,,1,70,,18849,1,,,1,30,,18848,1,,,1,70,,18852,1,,,1,30,,18846,1,,,1,70,,18847,1,,,1,30,,18866,1,,,1,70,,18857,1,,,1,30,,18851,1,,,1,70,,18863,1,,,1,30,,18858,1,,,1,70,,18855,1,,,1,30,,18862,1,,,1,70,,18850,1,,,1,30,,18864,1,,,1,70,,18860,1,,,1
20400,'7',1900,,18877,1,,,1,30,,18878,1,,,1,70,,18876,1,,,1,30,,18882,1,,,1,70,,18879,1,,,1,30,,18881,1,,,1,70,,18880,1,,,1,30,,15576,1,,,1,70,,18875,1,,,1,30,,18874,1,,,1
20401,'10',1856,,18886,15,4,,1,70,,18885,15,4,,1,30,,18893,15,4,,1,70,,18894,15,4,,1,30,,18891,15,4,,1,70,,18892,15,4,,1,30,,18883,15,4,,1,70,,18887,15,4,,1,30,,18890,15,4,,1,70,,18896,15,4,,1
20401,'5',726,,18928,15,4,,1,30,,18937,15,4,,1,70,,18938,15,4,,1,30,,18917,15,4,,1,70,,18912,15,4,,1,30,,18914,15,4,,1,70,,18920,15,4,,1,30,,18906,15,4,,1,70,,18934,15,4,,1,30,,18907,15,4,,1,70,,18905,15,4,,1,30,,18942,15,4,,1,70,,18927,15,4,,1,30,,18948,15,4,,1,70,,18947,15,4,,1,30,,18902,15,4,,1,70,,18950,15,4,,1,30,,18931,15,4,,1,70,,18949,15,4,,1,30,,18944,15,4,,1,70,,18911,15,4,,1,30,,18904,15,4,,1,70,,18930,15,4,,1,30,,18921,15,4,,1,70,,18936,15,4,,1,30,,18932,15,4,,1,70,,18939,15,4,,1,30,,18910,15,4,,1
20401,'7',1856,,18956,15,4,,1,70,,18955,15,4,,1,30,,18963,15,4,,1,70,,18964,15,4,,1,30,,18961,15,4,,1,70,,18962,15,4,,1,30,,18953,15,4,,1,70,,18957,15,4,,1,30,,18960,15,4,,1,70,,18966,15,4,,1
20600,'10',1800,,19049,1,,,1,36,,19048,1,,,1,70,,19050,1,,,1,24,,16490,1,,,1,70,,19051,1,,,1,30,,19045,1,,,1,76,,15053,1,,,1,30,,19047,1,,,1,70,,19046,1,,,1,30,,19052,1,,,1
20600,'5',736,,16814,1,,,1,70,,19068,1,,,1,30,,19075,1,,,1,70,,19073,1,,,1,30,,19072,1,,,1,70,,19071,1,,,1,30,,19066,1,,,1,64,,19057,1,,,1,36,,19069,1,,,1,70,,19070,1,,,1,30,,19065,1,,,1,70,,19064,1,,,1,30,,19074,1,,,1,64,,19055,1,,,1,36,,19077,1,,,1,70,,19053,1,,,1,30,,19061,1,,,1,70,,19067,1,,,1,30,,19059,1,,,1,70,,19076,1,,,1,30,,19056,1,,,1,70,,19058,1,,,1,24,,19054,1,,,1,76,,19060,1,,,1,30,,19062,1,,,1,70,,19063,1,,,1
20600,'7',1800,,19078,1,,,1,36,,19081,1,,,1,70,,15365,1,,,1,24,,16483,1,,,1,70,,19083,1,,,1,30,,19079,1,,,1,76,,15020,1,,,1,30,,19080,1,,,1,70,,19082,1,,,1,30,,19084,1,,,1
20601,'10',1847,,19101,20,4,,1,70,,19085,20,4,,1,30,,19091,20,4,,1,70,,19098,20,4,,1,30,,16925,20,4,,1,70,,19087,20,4,,1,30,,19090,20,4,,1,70,,15401,20,4,,1,30,,19094,20,4,,1,70,,19086,20,4,,1
20601,'5',717,,19141,20,4,,1,30,,19135,20,4,,1,70,,19152,20,4,,1,30,,19132,20,4,,1,70,,19131,20,4,,1,30,,19102,20,4,,1,70,,19103,20,4,,1,30,,17192,20,4,,1,70,,19107,20,4,,1,30,,19130,20,4,,1,70,,19113,20,4,,1,30,,19120,20,4,,1,70,,19109,20,4,,1,30,,19116,20,4,,1,70,,19137,20,4,,1,30,,19138,20,4,,1,70,,19153,20,4,,1,30,,19124,20,4,,1,70,,19148,20,4,,1,30,,19146,20,4,,1,70,,19115,20,4,,1,30,,19125,20,4,,1,70,,19136,20,4,,1,30,,19128,20,4,,1,70,,19119,20,4,,1,30,,17125,20,4,,1,70,,19129,20,4,,1,30,,19106,20,4,,1
20601,'7',1847,,19159,20,4,,1,70,,19154,20,4,,1,30,,19166,20,4,,1,70,,19170,20,4,,1,30,,16014,20,4,,1,70,,19161,20,4,,1,30,,19164,20,4,,1,70,,15370,20,4,,1,30,,19169,20,4,,1,70,,19155,20,4,,1
21000,'10',1900,,19274,1,,,1,30,,19279,1,,,1,70,,19273,1,,,1,30,,19277,1,,,1,70,,19275,1,,,1,30,,19278,1,,,1,70,,19280,1,,,1,30,,19281,1,,,1,70,,19276,1,,,1
21000,'5',730,,19305,1,,,1,70,,19290,1,,,1,30,,19288,1,,,1,70,,19302,1,,,1,30,,19304,1,,,1,70,,16519,1,,,1,30,,19296,1,,,1,70,,19294,1,,,1,30,,19297,1,,,1,70,,19303,1,,,1,30,,19298,1,,,1,70,,19286,1,,,1,30,,19285,1,,,1,70,,19289,1,,,1,30,,19300,1,,,1,70,,19284,1,,,1,30,,19299,1,,,1,70,,16599,1,,,1,30,,19287,1,,,1,70,,19293,1,,,1,30,,19283,1,,,1,70,,19292,1,,,1,30,,19282,1,,,1,70,,19301,1,,,1,30,,19295,1,,,1,70,,19291,1,,,1,30,,16512,1,,,1
21000,'7',1900,,19307,1,,,1,30,,19312,1,,,1,70,,19306,1,,,1,30,,19310,1,,,1,70,,19308,1,,,1,30,,19311,1,,,1,70,,19313,1,,,1,30,,19314,1,,,1,70,,19309,1,,,1
21001,'10',1852,,19317,11,4,,1,70,,19316,11,4,,1,30,,19322,11,4,,1,70,,19320,11,4,,1,30,,19318,11,4,,1,70,,19323,11,4,,1,30,,19315,11,4,,1,70,,19319,11,4,,1,30,,19321,11,4,,1,70,,19324,11,4,,1
21001,'5',722,,19338,11,4,,1,30,,19329,11,4,,1,70,,19325,11,4,,1,30,,19344,11,4,,1,70,,19337,11,4,,1,30,,19326,11,4,,1,70,,19327,11,4,,1,30,,19332,11,4,,1,70,,19341,11,4,,1,30,,16902,11,4,,1,70,,19331,11,4,,1,30,,19343,11,4,,1,70,,19350,11,4,,1,30,,19334,11,4,,1,70,,19340,11,4,,1,30,,19335,11,4,,1,70,,19330,11,4,,1,30,,19345,11,4,,1,70,,19328,11,4,,1,30,,19347,11,4,,1,70,,16831,11,4,,1,30,,19339,11,4,,1,70,,19342,11,4,,1,30,,19333,11,4,,1,70,,19349,11,4,,1,30,,19336,11,4,,1,70,,19348,11,4,,1,30,,19346,11,4,,1
21001,'7',1852,,19353,11,4,,1,70,,19352,11,4,,1,30,,19358,11,4,,1,70,,19356,11,4,,1,30,,19354,11,4,,1,70,,19359,11,4,,1,30,,19351,11,4,,1,70,,19355,11,4,,1,30,,19357,11,4,,1,70,,19360,11,4,,1
21600,'10',1804,,19566,2,4,,1,1,,19569,1,,,1,29,,10122,2,4,,1,1,,19576,1,,,1,69,,19579,2,4,,1,1,,19564,1,,,1,29,,19580,2,4,,1,1,,19573,1,,,1,69,,19582,2,4,,1,1,,19581,1,,,1,29,,19575,2,4,,1,1,,19568,1,,,1,69,,19577,2,4,,1,1,,19565,1,,,1,29,,19572,2,4,,1,1,,14889,1,,,1,69,,15105,2,4,,1,1,,19574,1,,,1,29,,19583,2,4,,1,1,,19567,1,,,1,69,,19571,2,4,,1,1,,19570,1,,,1,29,,19578,2,4,,1,1,,15461,1,,,1
21600,'5',704,,19629,2,4,,1,1,,19618,1,,,1,29,,19604,2,4,,1,1,,19590,1,,,1,69,,19592,2,4,,1,1,,19593,1,,,1,29,,16350,2,4,,1,1,,19586,1,,,1,69,,19584,2,4,,1,1,,19632,1,,,1,29,,19620,2,4,,1,1,,19588,1,,,1,69,,19591,2,4,,1,1,,19603,1,,,1,29,,19622,2,4,,1,1,,19587,1,,,1,69,,19627,2,4,,1,1,,19633,1,,,1,29,,19589,2,4,,1,1,,19607,1,,,1,69,,19600,2,4,,1,1,,19619,1,,,1,29,,19606,2,4,,1,1,,16610,1,,,1,69,,19635,2,4,,1,1,,19612,1,,,1,29,,19613,2,4,,1,1,,19601,1,,,1,69,,19626,2,4,,1,1,,19624,1,,,1,29,,19597,2,4,,1,1,,19625,1,,,1,69,,19611,2,4,,1,1,,19630,1,,,1,29,,19594,2,4,,1,1,,19595,1,,,1,69,,19628,2,4,,1,1,,19614,1,,,1,29,,19598,2,4,,1,1,,19585,1,,,1,69,,19599,2,4,,1,1,,16716,1,,,1,29,,19634,2,4,,1,1,,19609,1,,,1,69,,16810,2,4,,1,1,,19605,1,,,1,29,,19608,2,4,,1,1,,19616,1,,,1,69,,14176,2,4,,1,1,,19610,1,,,1,29,,16901,2,4,,1,1,,19602,1,,,1,69,,19615,2,4,,1,1,,19631,1,,,1,29,,19617,2,4,,1,1,,19623,1,,,1,69,,19596,2,4,,1,1,,19621,1,,,1
21600,'7',1804,,19638,2,4,,1,1,,19641,1,,,1,29,,12931,2,4,,1,1,,19648,1,,,1,69,,19651,2,4,,1,1,,19636,1,,,1,29,,19652,2,4,,1,1,,19645,1,,,1,69,,19653,2,4,,1,1,,15897,1,,,1,29,,19647,2,4,,1,1,,19640,1,,,1,69,,19649,2,4,,1,1,,19637,1,,,1,29,,19644,2,4,,1,1,,14866,1,,,1,69,,15069,2,4,,1,1,,19646,1,,,1,29,,19654,2,4,,1,1,,19639,1,,,1,69,,19643,2,4,,1,1,,19642,1,,,1,29,,19650,2,4,,1,1,,15449,1,,,1
21601,'10',1818,,19665,16,4,,1,7,,19664,1,0,13,1,23,,19659,16,4,,1,7,,19667,1,0,13,1,63,,19657,16,4,,1,7,,19666,1,0,13,1,23,,19661,16,4,,1,7,,16180,1,0,13,1,63,,19655,16,4,,1,7,,19672,1,0,13,1,23,,19669,16,4,,1,7,,19660,1,0,13,1,63,,19670,16,4,,1,7,,16201,1,0,13,1,23,,19663,16,4,,1,7,,19668,1,0,13,1,63,,19671,16,4,,1,7,,15063,1,0,13,1,23,,19656,16,4,,1,7,,15749,1,0,13,1,63,,19662,16,4,,1,7,,19658,1,0,13,1
21601,'5',648,,16812,16,4,,1,7,,19688,1,0,13,1,63,,16429,16,4,,1,7,,19699,1,0,13,1,23,,16293,16,4,,1,7,,19697,1,0,13,1,63,,19724,16,4,,1,7,,16250,1,0,13,1,23,,19687,16,4,,1,7,,19706,1,0,13,1,63,,19723,16,4,,1,7,,19722,1,0,13,1,23,,19691,16,4,,1,7,,19714,1,0,13,1,63,,19700,16,4,,1,7,,19692,1,0,13,1,23,,19677,16,4,,1,7,,19715,1,0,13,1,63,,19698,16,4,,1,7,,19685,1,0,13,1,23,,19678,16,4,,1,7,,19679,1,0,13,1,63,,19682,16,4,,1,7,,16346,1,0,13,1,23,,19710,16,4,,1,7,,19674,1,0,13,1,63,,19716,16,4,,1,7,,16620,1,0,13,1,23,,19680,16,4,,1,7,,19673,1,0,13,1,63,,19719,16,4,,1,7,,19720,1,0,13,1,23,,19683,16,4,,1,7,,19696,1,0,13,1,63,,19717,16,4,,1,7,,19695,1,0,13,1,23,,19701,16,4,,1,7,,19708,1,0,13,1,63,,19721,16,4,,1,7,,19704,1,0,13,1,23,,19709,16,4,,1,7,,19693,1,0,13,1,63,,19686,16,4,,1,7,,19712,1,0,13,1,23,,19676,16,4,,1,7,,19713,1,0,13,1,63,,19702,16,4,,1,7,,19703,1,0,13,1,23,,19690,16,4,,1,7,,19675,1,0,13,1,63,,19694,16,4,,1,7,,19689,1,0,13,1,23,,19684,16,4,,1,7,,19711,1,0,13,1,63,,19705,16,4,,1,7,,19718,1,0,13,1,23,,19707,16,4,,1,7,,19681,1,0,13,1
21601,'7',1818,,19734,16,4,,1,7,,19733,1,0,13,1,23,,19728,16,4,,1,7,,19736,1,0,13,1,63,,15868,16,4,,1,7,,19735,1,0,13,1,23,,19730,16,4,,1,7,,16136,1,0,13,1,63,,19725,16,4,,1,7,,19741,1,0,13,1,23,,19738,16,4,,1,7,,19729,1,0,13,1,63,,19739,16,4,,1,7,,16157,1,0,13,1,23,,19732,16,4,,1,7,,19737,1,0,13,1,63,,19740,16,4,,1,7,,15030,1,0,13,1,23,,19726,16,4,,1,7,,15738,1,0,13,1,63,,19731,16,4,,1,7,,19727,1,0,13,1
