10600,'10',645,,17731,15,,,1,100,,17729,15,,,1,70,,17738,15,,,1,30,,17725,15,,,1,70,,17730,15,,,1,30,,17724,15,,,1,100,,17732,15,,,1,100,,17733,15,,,1,100,,17737,15,,,1,100,,15777,15,,,1,100,,15043,15,,,1,70,,17736,15,,,1,30,,17728,15,,,1,70,,17735,15,,,1,32,,17726,15,,,1,68,,17727,15,,,1,32,,17734,15,,,1
10600,'7',645,,17746,15,,,1,100,,15653,15,,,1,70,,17740,15,,,1,30,,17742,15,,,1,70,,17741,15,,,1,30,,17739,15,,,1,100,,17747,15,,,1,100,,17748,15,,,1,100,,17750,15,,,1,100,,15758,15,,,1,100,,15011,15,,,1,70,,17744,15,,,1,30,,17745,15,,,1,70,,15703,15,,,1,32,,17743,15,,,1,68,,17751,15,,,1,32,,17749,15,,,1
10601,'10',609,,17762,21,,,1,100,,17755,21,,,1,30,,17758,21,,,1,70,,17763,21,,,1,30,,17767,21,,,1,70,,17760,21,,,1,100,,15734,21,,,1,100,,17759,21,,,1,100,,17761,21,,,1,100,,17768,21,,,1,100,,17754,21,,,1,30,,17756,21,,,1,70,,17764,21,,,1,30,,17753,21,,,1,70,,17769,21,,,1,30,,17757,21,,,1,70,,14683,21,,,1,30,,17766,21,,,1,70,,17752,21,,,1
10601,'7',609,,17783,21,,,1,100,,17773,21,,,1,30,,17779,21,,,1,70,,17784,21,,,1,30,,17770,21,,,1,70,,17781,21,,,1,100,,15711,21,,,1,100,,17777,21,,,1,100,,17782,21,,,1,100,,17786,21,,,1,100,,17772,21,,,1,30,,17774,21,,,1,70,,17785,21,,,1,30,,17776,21,,,1,70,,17787,21,,,1,30,,17775,21,,,1,70,,14670,21,,,1,30,,17780,21,,,1,70,,17771,21,,,1
20600,'10',1815,,19049,20,,,1,29,,19048,20,,,1,71,,19050,20,,,1,31,,16490,20,,,1,70,,19051,20,,,1,30,,19045,20,,,1,69,,15053,20,,,1,30,,19047,20,,,1,70,,19046,20,,,1,30,,19052,20,,,1
20600,'5',744,,16814,20,,,1,70,,19068,20,,,1,30,,19075,20,,,1,70,,19073,20,,,1,30,,19072,20,,,1,70,,19071,20,,,1,30,,19066,20,,,1,71,,19057,20,,,1,29,,19069,20,,,1,70,,19070,20,,,1,30,,19065,20,,,1,70,,19064,20,,,1,30,,19074,20,,,1,71,,19055,20,,,1,29,,19077,20,,,1,70,,19053,20,,,1,30,,19061,20,,,1,70,,19067,20,,,1,30,,19059,20,,,1,70,,19076,20,,,1,30,,19056,20,,,1,70,,19058,20,,,1,31,,19054,20,,,1,70,,19060,20,,,1,30,,19062,20,,,1,70,,19063,20,,,1
20600,'7',1815,,19078,20,,,1,29,,19081,20,,,1,71,,15365,20,,,1,31,,16483,20,,,1,70,,19083,20,,,1,30,,19079,20,,,1,69,,15020,20,,,1,30,,19080,20,,,1,70,,19082,20,,,1,30,,19084,20,,,1
20601,'10',1838,,19101,11,,,1,70,,19085,11,,,1,30,,19091,11,,,1,70,,19098,11,,,1,30,,16925,11,,,1,70,,19087,11,,,1,30,,19090,11,,,1,70,,15401,11,,,1,30,,19094,11,,,1,70,,19086,11,,,1
20601,'5',708,,19141,11,,,1,30,,19135,11,,,1,70,,19152,11,,,1,30,,19132,11,,,1,70,,19131,11,,,1,30,,19102,11,,,1,70,,19103,11,,,1,30,,17192,11,,,1,70,,19107,11,,,1,30,,19130,11,,,1,70,,19113,11,,,1,30,,19120,11,,,1,70,,19109,11,,,1,30,,19116,11,,,1,70,,19137,11,,,1,30,,19138,11,,,1,70,,19153,11,,,1,30,,19124,11,,,1,70,,19148,11,,,1,30,,19146,11,,,1,70,,19115,11,,,1,30,,19125,11,,,1,70,,19136,11,,,1,30,,19128,11,,,1,70,,19119,11,,,1,30,,17125,11,,,1,70,,19129,11,,,1,30,,19106,11,,,1
20601,'7',1838,,19159,11,,,1,70,,19154,11,,,1,30,,19166,11,,,1,70,,19170,11,,,1,30,,16014,11,,,1,70,,19161,11,,,1,30,,19164,11,,,1,70,,15370,11,,,1,30,,19169,11,,,1,70,,19155,11,,,1
