10500,'10',605,,17598,17,4,,1,100,,17619,17,4,,1,30,,17602,17,4,,1,70,,17597,17,4,,1,30,,17607,17,4,,1,70,,17625,17,4,,1,30,,16211,17,4,,1,70,,17603,17,4,,1,100,,17615,17,4,,1,100,,17629,17,4,,1,100,,17596,17,4,,1,100,,17611,17,4,,1,100,,17606,17,4,,1,30,,14822,17,4,,1,70,,17600,17,4,,1,30,,17595,17,4,,1,70,,17628,17,4,,1,30,,17616,17,4,,1,70,,17605,17,4,,1
10500,'7',605,,17634,17,4,,1,100,,17650,17,4,,1,30,,14939,17,4,,1,70,,17633,17,4,,1,30,,14807,17,4,,1,70,,17655,17,4,,1,30,,17651,17,4,,1,70,,17640,17,4,,1,100,,17646,17,4,,1,100,,17660,17,4,,1,100,,17630,17,4,,1,100,,17644,17,4,,1,100,,17649,17,4,,1,30,,17662,17,4,,1,70,,17637,17,4,,1,30,,17638,17,4,,1,70,,17635,17,4,,1,30,,17632,17,4,,1,70,,17648,17,4,,1
10501,'10',615,,17691,1,,,1,100,,17687,1,,,1,30,,17669,1,,,1,70,,14905,1,,,1,30,,17693,1,,,1,70,,16761,1,,,1,30,,17694,1,,,1,70,,17690,1,,,1,100,,17672,1,,,1,100,,17678,1,,,1,100,,17683,1,,,1,100,,12123,1,,,1,100,,17688,1,,,1,30,,17664,1,,,1,70,,17682,1,,,1,30,,17677,1,,,1,70,,17681,1,,,1,30,,17680,1,,,1,70,,17668,1,,,1
10501,'7',615,,17723,1,,,1,100,,17721,1,,,1,30,,17702,1,,,1,70,,14882,1,,,1,30,,17716,1,,,1,70,,16754,1,,,1,30,,17706,1,,,1,70,,17722,1,,,1,100,,17704,1,,,1,100,,17713,1,,,1,100,,17717,1,,,1,100,,12070,1,,,1,100,,17718,1,,,1,30,,17700,1,,,1,70,,14438,1,,,1,30,,14737,1,,,1,70,,17709,1,,,1,30,,17701,1,,,1,70,,17712,1,,,1
10901,'10',608,,18035,2,4,,1,2,,18065,1,,,1,3,,18032,3,4,,1,2,,18068,1,,,1,93,,18067,2,4,,1,2,,18066,1,,,1,3,,18069,3,4,,1,2,,18050,1,,,1,93,,18034,2,4,,1,2,,18040,1,,,1,3,,17073,3,4,,1,2,,18060,1,,,1,93,,18033,2,4,,1,2,,18059,1,,,1,3,,18061,3,4,,1,2,,18062,1,,,1,93,,18046,2,4,,1,2,,15040,1,,,1,3,,18058,3,4,,1,2,,18064,1,,,1,93,,18039,2,4,,1,2,,12345,1,,,1,3,,18044,3,4,,1,2,,18042,1,,,1,93,,18057,2,4,,1,2,,18031,1,,,1,3,,16326,3,4,,1,2,,16586,1,,,1,93,,18053,2,4,,1,2,,16040,1,,,1,3,,18070,3,4,,1,2,,18048,1,,,1,93,,18054,2,4,,1,2,,18049,1,,,1,3,,18063,3,4,,1,2,,18055,1,,,1,93,,18071,2,4,,1,2,,18052,1,,,1,3,,18045,3,4,,1,2,,18056,1,,,1,93,,18043,2,4,,1,2,,18038,1,,,1,3,,18037,3,4,,1,2,,18051,1,,,1,93,,18036,2,4,,1,2,,18047,1,,,1,3,,16116,3,4,,1,2,,18041,1,,,1
10901,'7',608,,18076,2,4,,1,2,,18105,1,,,1,3,,18073,3,4,,1,2,,18108,1,,,1,93,,18107,2,4,,1,2,,18106,1,,,1,3,,18109,3,4,,1,2,,18090,1,,,1,93,,18075,2,4,,1,2,,18080,1,,,1,3,,17050,3,4,,1,2,,18100,1,,,1,93,,18074,2,4,,1,2,,18099,1,,,1,3,,18101,3,4,,1,2,,18102,1,,,1,93,,18086,2,4,,1,2,,15008,1,,,1,3,,18098,3,4,,1,2,,18104,1,,,1,93,,12542,2,4,,1,2,,12302,1,,,1,3,,18084,3,4,,1,2,,18082,1,,,1,93,,18097,2,4,,1,2,,18072,1,,,1,3,,16316,3,4,,1,2,,16567,1,,,1,93,,18093,2,4,,1,2,,16007,1,,,1,3,,18110,3,4,,1,2,,18088,1,,,1,93,,18094,2,4,,1,2,,18089,1,,,1,3,,18103,3,4,,1,2,,18095,1,,,1,93,,18111,2,4,,1,2,,18092,1,,,1,3,,18085,3,4,,1,2,,18096,1,,,1,93,,18083,2,4,,1,2,,18079,1,,,1,3,,18078,3,4,,1,2,,18091,1,,,1,93,,18077,2,4,,1,2,,18087,1,,,1,3,,16075,3,4,,1,2,,18081,1,,,1
11300,'10',639,,18387,28,4,,1,1,,18382,1,,,1,3,,18374,3,4,,1,96,,18364,28,4,,1,1,,18390,1,,,1,3,,18385,3,4,,1,96,,18384,28,4,,1,1,,18353,1,,,1,3,,18361,3,4,,1,96,,18388,28,4,,1,1,,18356,1,,,1,3,,18378,3,4,,1,96,,18368,28,4,,1,1,,18354,1,,,1,3,,18389,3,4,,1,96,,18358,28,4,,1,1,,18381,1,,,1,3,,18367,3,4,,1,96,,18377,28,4,,1,1,,18371,1,,,1,3,,18372,3,4,,1,96,,18376,28,4,,1,1,,18373,1,,,1,3,,18365,3,4,,1,96,,18363,28,4,,1,1,,18360,1,,,1,3,,18375,3,4,,1,96,,18386,28,4,,1,1,,18370,1,,,1,3,,18383,3,4,,1,96,,18362,28,4,,1,1,,18380,1,,,1,3,,18355,3,4,,1,96,,18379,28,4,,1,1,,18366,1,,,1,3,,18369,3,4,,1,96,,18359,28,4,,1,1,,18391,1,,,1,3,,18357,3,4,,1
11300,'7',639,,18419,28,4,,1,1,,18414,1,,,1,3,,18406,3,4,,1,96,,18400,28,4,,1,1,,18424,1,,,1,3,,18417,3,4,,1,96,,18416,28,4,,1,1,,18393,1,,,1,3,,18399,3,4,,1,96,,18422,28,4,,1,1,,18395,1,,,1,3,,18410,3,4,,1,96,,18408,28,4,,1,1,,15491,1,,,1,3,,18418,3,4,,1,96,,18396,28,4,,1,1,,18413,1,,,1,3,,18402,3,4,,1,96,,18425,28,4,,1,1,,18412,1,,,1,3,,18409,3,4,,1,96,,17000,28,4,,1,1,,18405,1,,,1,3,,18401,3,4,,1,96,,15425,28,4,,1,1,,18397,1,,,1,3,,18392,3,4,,1,96,,18398,28,4,,1,1,,18394,1,,,1,3,,18415,3,4,,1,96,,18411,28,4,,1,1,,16878,1,,,1,3,,18407,3,4,,1,96,,18403,28,4,,1,1,,18404,1,,,1,3,,15692,3,4,,1,96,,18421,28,4,,1,1,,18423,1,,,1,3,,18420,3,4,,1
11301,'10',645,,16924,1,0,14 15 16,1,100,,15386,1,0,14 15 16,1,100,,18428,1,0,14 15 16,1,100,,18456,1,0,14 15 16,1,100,,18454,1,0,14 15 16,1,100,,18426,1,0,14 15 16,1,100,,18453,1,0,14 15 16,1,100,,18445,1,0,14 15 16,1,100,,18429,1,0,14 15 16,1,100,,18447,1,0,14 15 16,1,100,,15631,1,0,14 15 16,1,100,,18458,1,0,14 15 16,1,100,,18434,1,0,14 15 16,1
11301,'7',645,,16920,1,0,14 15 16,1,100,,15354,1,0,14 15 16,1,100,,18463,1,0,14 15 16,1,100,,18488,1,0,14 15 16,1,100,,18486,1,0,14 15 16,1,100,,18460,1,0,14 15 16,1,100,,18483,1,0,14 15 16,1,100,,18480,1,0,14 15 16,1,100,,15874,1,0,14 15 16,1,100,,18467,1,0,14 15 16,1,100,,18490,1,0,14 15 16,1,100,,18473,1,0,14 15 16,1,100,,18471,1,0,14 15 16,1
20500,'10',1904,,18974,14,4,,1,100,,18973,14,4,,1,100,,18976,14,4,,1,100,,15111,14,4,,1
20500,'5',704,,18986,14,4,,1,100,,16614,14,4,,1,100,,18982,14,4,,1,100,,19000,14,4,,1,100,,18989,14,4,,1,100,,18996,14,4,,1,100,,16736,14,4,,1,100,,17182,14,4,,1,100,,18980,14,4,,1,100,,18991,14,4,,1,100,,18992,14,4,,1,100,,18995,14,4,,1,100,,18978,14,4,,1,100,,18998,14,4,,1
20500,'7',1904,,19003,14,4,,1,100,,19004,14,4,,1,100,,19006,14,4,,1,100,,15075,14,4,,1
20501,'10',1915,,19011,1,,,1,100,,19013,1,,,1,100,,13612,1,,,1,100,,16377,1,,,1
20501,'5',715,,19025,1,,,1,100,,16976,1,,,1,100,,19031,1,,,1,100,,19035,1,,,1,100,,19028,1,,,1,100,,19029,1,,,1,100,,19014,1,,,1,100,,14174,1,,,1,100,,19023,1,,,1,100,,19026,1,,,1,100,,19024,1,,,1,100,,19016,1,,,1,100,,19019,1,,,1,100,,19030,1,,,1
20501,'7',1915,,19042,1,,,1,100,,19044,1,,,1,100,,13603,1,,,1,100,,16359,1,,,1
20901,'10',1809,,19202,2,4,,1,1,,19192,1,,,1,3,,19195,3,4,,1,2,,19199,1,,,1,94,,14743,2,4,,1,1,,19193,1,,,1,3,,15849,3,4,,1,2,,19204,1,,,1,94,,19200,2,4,,1,1,,19203,1,,,1,3,,14960,3,4,,1,2,,17167,1,,,1,94,,14976,2,4,,1,1,,14647,1,,,1,3,,19196,3,4,,1,2,,19198,1,,,1,94,,19197,2,4,,1,1,,19194,1,,,1,3,,16682,3,4,,1,2,,19201,1,,,1
20901,'5',709,,19224,2,4,,1,1,,19248,1,,,1,3,,19216,3,4,,1,2,,16635,1,,,1,94,,19212,2,4,,1,1,,19250,1,,,1,3,,19238,3,4,,1,2,,19225,1,,,1,94,,19245,2,4,,1,1,,19232,1,,,1,3,,19243,3,4,,1,2,,19241,1,,,1,94,,19210,2,4,,1,1,,19213,1,,,1,3,,19226,3,4,,1,2,,16294,1,,,1,94,,19209,2,4,,1,1,,19255,1,,,1,3,,19233,3,4,,1,2,,19256,1,,,1,94,,19215,2,4,,1,1,,19221,1,,,1,3,,19234,3,4,,1,2,,19244,1,,,1,94,,19227,2,4,,1,1,,19214,1,,,1,3,,19208,3,4,,1,2,,19205,1,,,1,94,,19218,2,4,,1,1,,19242,1,,,1,3,,19228,3,4,,1,2,,19246,1,,,1,94,,19231,2,4,,1,1,,16857,1,,,1,3,,19247,3,4,,1,2,,19239,1,,,1,94,,19240,2,4,,1,1,,19249,1,,,1,3,,19251,3,4,,1,2,,17110,1,,,1,94,,19217,2,4,,1,1,,19223,1,,,1,3,,19237,3,4,,1,2,,19207,1,,,1,94,,19219,2,4,,1,1,,19235,1,,,1,3,,19220,3,4,,1,2,,19211,1,,,1,94,,19236,2,4,,1,1,,19229,1,,,1,3,,19253,3,4,,1,2,,19254,1,,,1,94,,19252,2,4,,1,1,,19230,1,,,1,3,,19222,3,4,,1,2,,19206,1,,,1
20901,'7',1809,,19270,2,4,,1,1,,19257,1,,,1,3,,19262,3,4,,1,2,,19265,1,,,1,94,,14692,2,4,,1,1,,19259,1,,,1,3,,15819,3,4,,1,2,,19272,1,,,1,94,,19271,2,4,,1,1,,15774,1,,,1,3,,19269,3,4,,1,2,,19267,1,,,1,94,,19268,2,4,,1,1,,16570,1,,,1,3,,19264,3,4,,1,2,,19258,1,,,1,94,,19261,2,4,,1,1,,19266,1,,,1,3,,19260,3,4,,1,2,,19263,1,,,1
21300,'10',1938,,19444,28,4,,1,100,,19446,28,4,,1,100,,19445,28,4,,1,100,,19443,28,4,,1
21300,'5',738,,19452,28,4,,1,100,,19457,28,4,,1,100,,19459,28,4,,1,100,,19453,28,4,,1,100,,19450,28,4,,1,100,,19456,28,4,,1,100,,19455,28,4,,1,100,,19454,28,4,,1,100,,19447,28,4,,1,100,,19458,28,4,,1,100,,19451,28,4,,1,100,,19448,28,4,,1,100,,19449,28,4,,1
21300,'7',1938,,19461,28,4,,1,100,,19463,28,4,,1,100,,19462,28,4,,1,100,,19460,28,4,,1
21301,'10',1945,,19472,1,,,1,100,,19467,1,,,1,100,,19470,1,,,1,100,,19464,1,,,1
21301,'5',745,,16727,1,,,1,100,,19492,1,,,1,100,,19500,1,,,1,100,,19482,1,,,1,100,,19497,1,,,1,100,,19511,1,,,1,100,,19490,1,,,1,100,,19478,1,,,1,100,,19489,1,,,1,100,,19483,1,,,1,100,,19494,1,,,1,100,,19493,1,,,1,100,,17119,1,,,1
21301,'7',1945,,19518,1,,,1,100,,19513,1,,,1,100,,19520,1,,,1,100,,19512,1,,,1
