10801,'10',649,,13332,32,,,1,70,,17997,32,,,1,30,,17991,32,,,1,70,,17988,32,,,1,30,,17984,32,,,1,70,,17993,32,,,1,100,,17986,32,,,1,100,,17985,32,,,1,100,,17995,32,,,1,100,,17992,32,,,1,100,,17994,32,,,1,30,,17998,32,,,1,70,,14744,32,,,1,30,,17987,32,,,1,70,,16031,32,,,1,30,,17996,32,,,1,70,,17999,32,,,1
10801,'7',649,,18007,32,,,1,70,,18006,32,,,1,30,,18002,32,,,1,70,,18001,32,,,1,30,,15072,32,,,1,70,,15745,32,,,1,100,,18004,32,,,1,100,,18000,32,,,1,100,,18010,32,,,1,100,,18005,32,,,1,100,,18009,32,,,1,30,,18012,32,,,1,70,,14693,32,,,1,30,,18003,32,,,1,70,,15998,32,,,1,30,,18011,32,,,1,70,,18013,32,,,1
10901,'10',619,,18068,7,,,1,100,,18050,7,,,1,100,,18060,7,,,1,100,,18062,7,,,1,100,,18064,7,,,1,100,,18042,7,,,1,100,,16586,7,,,1,100,,18048,7,,,1,100,,18055,7,,,1,100,,18056,7,,,1,100,,18051,7,,,1,100,,18041,7,,,1
10901,'7',619,,18108,7,,,1,100,,18090,7,,,1,100,,18100,7,,,1,100,,18102,7,,,1,100,,18104,7,,,1,100,,18082,7,,,1,100,,16567,7,,,1,100,,18088,7,,,1,100,,18095,7,,,1,100,,18096,7,,,1,100,,18091,7,,,1,100,,18081,7,,,1
11401,'10',653,,18520,31,,,1,100,,18521,31,,,1,100,,18519,31,,,1,100,,18514,31,,,1,100,,18517,31,,,1,100,,18516,31,,,1,100,,18522,31,,,1,100,,15309,31,,,1,100,,18518,31,,,1,100,,18524,31,,,1,100,,18515,31,,,1,100,,18523,31,,,1
11401,'7',653,,18531,31,,,1,100,,18532,31,,,1,100,,18530,31,,,1,100,,18525,31,,,1,100,,18528,31,,,1,100,,18527,31,,,1,100,,18533,31,,,1,100,,15251,31,,,1,100,,18529,31,,,1,100,,18535,31,,,1,100,,18526,31,,,1,100,,18534,31,,,1
20901,'10',1819,,19199,7,,,1,100,,19204,7,,,1,100,,17167,7,,,1,100,,19198,7,,,1,100,,19201,7,,,1
20901,'5',719,,16635,7,,,1,100,,19225,7,,,1,100,,19241,7,,,1,100,,16294,7,,,1,100,,19256,7,,,1,100,,19244,7,,,1,100,,19205,7,,,1,100,,19246,7,,,1,100,,19239,7,,,1,100,,17110,7,,,1,100,,19207,7,,,1,100,,19211,7,,,1,100,,19254,7,,,1,100,,19206,7,,,1
20901,'7',1819,,19265,7,,,1,100,,19272,7,,,1,100,,19267,7,,,1,100,,19258,7,,,1,100,,19263,7,,,1
21401,'10',1852,,19543,37,,,1,100,,19542,37,,,1,100,,19544,37,,,1,100,,19546,37,,,1,100,,19545,37,,,1
21401,'5',752,,19557,37,,,1,100,,19547,37,,,1,100,,19558,37,,,1,100,,19548,37,,,1,100,,19556,37,,,1,100,,19551,37,,,1,100,,16437,37,,,1,100,,19553,37,,,1,100,,19555,37,,,1,100,,19550,37,,,1,100,,19554,37,,,1,100,,19549,37,,,1,100,,19552,37,,,1
21401,'7',1852,,19559,37,,,1,100,,19562,37,,,1,100,,19560,37,,,1,100,,19563,37,,,1,100,,19561,37,,,1
