10600,'10',646,,17731,16,,,1,100,,17729,16,,,1,70,,17738,16,,,1,30,,17725,16,,,1,70,,17730,16,,,1,30,,17724,16,,,1,100,,17732,16,,,1,100,,17733,16,,,1,100,,17737,16,,,1,100,,15777,16,,,1,100,,15043,16,,,1,70,,17736,16,,,1,30,,17728,16,,,1,70,,17735,16,,,1,31,,17726,16,,,1,69,,17727,16,,,1,32,,17734,16,,,1
10600,'7',646,,17746,16,,,1,100,,15653,16,,,1,70,,17740,16,,,1,30,,17742,16,,,1,70,,17741,16,,,1,30,,17739,16,,,1,100,,17747,16,,,1,100,,17748,16,,,1,100,,17750,16,,,1,100,,15758,16,,,1,100,,15011,16,,,1,70,,17744,16,,,1,30,,17745,16,,,1,70,,15703,16,,,1,31,,17743,16,,,1,69,,17751,16,,,1,32,,17749,16,,,1
10601,'10',609,,17762,22,,,1,100,,17755,22,,,1,30,,17758,22,,,1,70,,17763,22,,,1,30,,17767,22,,,1,70,,17760,22,,,1,100,,15734,22,,,1,100,,17759,22,,,1,100,,17761,22,,,1,100,,17768,22,,,1,100,,17754,22,,,1,30,,17756,22,,,1,70,,17764,22,,,1,30,,17753,22,,,1,70,,17769,22,,,1,30,,17757,22,,,1,70,,14683,22,,,1,30,,17766,22,,,1,70,,17752,22,,,1
10601,'7',609,,17783,22,,,1,100,,17773,22,,,1,30,,17779,22,,,1,70,,17784,22,,,1,30,,17770,22,,,1,70,,17781,22,,,1,100,,15711,22,,,1,100,,17777,22,,,1,100,,17782,22,,,1,100,,17786,22,,,1,100,,17772,22,,,1,30,,17774,22,,,1,70,,17785,22,,,1,30,,17776,22,,,1,70,,17787,22,,,1,30,,17775,22,,,1,70,,14670,22,,,1,30,,17780,22,,,1,70,,17771,22,,,1
20600,'10',1816,,19049,21,,,1,29,,19048,21,,,1,70,,19050,21,,,1,31,,16490,21,,,1,70,,19051,21,,,1,30,,19045,21,,,1,69,,15053,21,,,1,30,,19047,21,,,1,70,,19046,21,,,1,30,,19052,21,,,1
20600,'5',745,,16814,21,,,1,70,,19068,21,,,1,30,,19075,21,,,1,70,,19073,21,,,1,30,,19072,21,,,1,70,,19071,21,,,1,30,,19066,21,,,1,71,,19057,21,,,1,29,,19069,21,,,1,70,,19070,21,,,1,30,,19065,21,,,1,70,,19064,21,,,1,30,,19074,21,,,1,71,,19055,21,,,1,29,,19077,21,,,1,70,,19053,21,,,1,30,,19061,21,,,1,70,,19067,21,,,1,30,,19059,21,,,1,70,,19076,21,,,1,30,,19056,21,,,1,70,,19058,21,,,1,31,,19054,21,,,1,69,,19060,21,,,1,30,,19062,21,,,1,70,,19063,21,,,1
20600,'7',1816,,19078,21,,,1,29,,19081,21,,,1,70,,15365,21,,,1,31,,16483,21,,,1,70,,19083,21,,,1,30,,19079,21,,,1,69,,15020,21,,,1,30,,19080,21,,,1,70,,19082,21,,,1,30,,19084,21,,,1
20601,'10',1839,,19101,12,,,1,70,,19085,12,,,1,30,,19091,12,,,1,70,,19098,12,,,1,30,,16925,12,,,1,70,,19087,12,,,1,30,,19090,12,,,1,70,,15401,12,,,1,30,,19094,12,,,1,70,,19086,12,,,1
20601,'5',709,,19141,12,,,1,30,,19135,12,,,1,70,,19152,12,,,1,30,,19132,12,,,1,70,,19131,12,,,1,30,,19102,12,,,1,70,,19103,12,,,1,30,,17192,12,,,1,70,,19107,12,,,1,30,,19130,12,,,1,70,,19113,12,,,1,30,,19120,12,,,1,70,,19109,12,,,1,30,,19116,12,,,1,70,,19137,12,,,1,30,,19138,12,,,1,70,,19153,12,,,1,30,,19124,12,,,1,70,,19148,12,,,1,30,,19146,12,,,1,70,,19115,12,,,1,30,,19125,12,,,1,70,,19136,12,,,1,30,,19128,12,,,1,70,,19119,12,,,1,30,,17125,12,,,1,70,,19129,12,,,1,30,,19106,12,,,1
20601,'7',1839,,19159,12,,,1,70,,19154,12,,,1,30,,19166,12,,,1,70,,19170,12,,,1,30,,16014,12,,,1,70,,19161,12,,,1,30,,19164,12,,,1,70,,15370,12,,,1,30,,19169,12,,,1,70,,19155,12,,,1
