10700,'10',640,,17801,15,0,5 6,1,100,,17790,15,0,5 6,1,70,,17802,15,0,5 6,1,30,,17796,15,0,5 6,1,70,,17804,15,0,5 6,1,30,,17793,15,0,5 6,1,100,,17798,15,0,5 6,1,100,,17789,15,0,5 6,1,100,,17803,15,0,5 6,1,100,,17799,15,0,5 6,1,100,,15221,15,0,5 6,1,70,,17792,15,0,5 6,1,30,,17788,15,0,5 6,1,70,,17794,15,0,5 6,1,30,,17797,15,0,5 6,1,70,,17791,15,0,5 6,1,30,,14678,15,0,5 6,1,70,,17800,15,0,5 6,1,30,,17795,15,0,5 6,1
10700,'7',640,,17818,15,0,5 6,1,100,,17807,15,0,5 6,1,70,,17809,15,0,5 6,1,30,,17813,15,0,5 6,1,70,,17819,15,0,5 6,1,30,,17811,15,0,5 6,1,100,,17815,15,0,5 6,1,100,,17806,15,0,5 6,1,100,,17820,15,0,5 6,1,100,,17816,15,0,5 6,1,100,,15207,15,0,5 6,1,70,,17810,15,0,5 6,1,30,,17805,15,0,5 6,1,70,,14729,15,0,5 6,1,30,,17814,15,0,5 6,1,70,,17808,15,0,5 6,1,30,,14665,15,0,5 6,1,70,,17817,15,0,5 6,1,30,,17812,15,0,5 6,1
10801,'10',644,,13332,21,,,1,70,,17997,21,,,1,30,,17991,21,,,1,70,,17988,21,,,1,30,,17984,21,,,1,70,,17993,21,,,1,100,,17986,21,,,1,100,,17985,21,,,1,100,,17995,21,,,1,100,,17992,21,,,1,100,,17994,21,,,1,30,,17998,21,,,1,70,,14744,21,,,1,30,,17987,21,,,1,70,,16031,21,,,1,30,,17996,21,,,1,70,,17999,21,,,1
10801,'7',644,,18007,21,,,1,70,,18006,21,,,1,30,,18002,21,,,1,70,,18001,21,,,1,30,,15072,21,,,1,70,,15745,21,,,1,100,,18004,21,,,1,100,,18000,21,,,1,100,,18010,21,,,1,100,,18005,21,,,1,100,,18009,21,,,1,30,,18012,21,,,1,70,,14693,21,,,1,30,,18003,21,,,1,70,,15998,21,,,1,30,,18011,21,,,1,70,,18013,21,,,1
11400,'10',636,,18500,12,4,,1,100,,18493,12,4,,1,100,,18502,12,4,,1,100,,18494,12,4,,1,100,,18496,12,4,,1,100,,18499,12,4,,1,100,,15532,12,4,,1,100,,18492,12,4,,1,100,,18497,12,4,,1,100,,18498,12,4,,1,100,,18501,12,4,,1,100,,18495,12,4,,1
11400,'7',636,,18511,12,4,,1,100,,18504,12,4,,1,100,,18513,12,4,,1,100,,18505,12,4,,1,100,,18507,12,4,,1,100,,18510,12,4,,1,100,,15488,12,4,,1,100,,18503,12,4,,1,100,,18508,12,4,,1,100,,18509,12,4,,1,100,,18512,12,4,,1,100,,18506,12,4,,1
11401,'10',636,,18520,1,,,1,100,,18521,1,,,1,100,,18519,1,,,1,100,,18514,1,,,1,100,,18517,1,,,1,100,,18516,1,,,1,100,,18522,1,,,1,100,,15309,1,,,1,100,,18518,1,,,1,100,,18524,1,,,1,100,,18515,1,,,1,100,,18523,1,,,1
11401,'7',636,,18531,1,,,1,100,,18532,1,,,1,100,,18530,1,,,1,100,,18525,1,,,1,100,,18528,1,,,1,100,,18527,1,,,1,100,,18533,1,,,1,100,,15251,1,,,1,100,,18529,1,,,1,100,,18535,1,,,1,100,,18526,1,,,1,100,,18534,1,,,1
21400,'10',1836,,15131,11,4,,1,100,,19525,11,4,,1,100,,19524,11,4,,1,100,,16587,11,4,,1,100,,19523,11,4,,1
21400,'5',736,,19534,11,4,,1,100,,19532,11,4,,1,100,,19528,11,4,,1,100,,19536,11,4,,1,100,,19526,11,4,,1,100,,19533,11,4,,1,100,,19531,11,4,,1,100,,19529,11,4,,1,100,,19527,11,4,,1,100,,16300,11,4,,1,100,,19537,11,4,,1,100,,19530,11,4,,1,100,,19535,11,4,,1
21400,'7',1836,,15095,11,4,,1,100,,19538,11,4,,1,100,,19539,11,4,,1,100,,19541,11,4,,1,100,,19540,11,4,,1
21401,'10',1836,,19543,1,,,1,100,,19542,1,,,1,100,,19544,1,,,1,100,,19546,1,,,1,100,,19545,1,,,1
21401,'5',736,,19557,1,,,1,100,,19547,1,,,1,100,,19558,1,,,1,100,,19548,1,,,1,100,,19556,1,,,1,100,,19551,1,,,1,100,,16437,1,,,1,100,,19553,1,,,1,100,,19555,1,,,1,100,,19550,1,,,1,100,,19554,1,,,1,100,,19549,1,,,1,100,,19552,1,,,1
21401,'7',1836,,19559,1,,,1,100,,19562,1,,,1,100,,19560,1,,,1,100,,19563,1,,,1,100,,19561,1,,,1
