11600,'10',630,,18622,1,0,9 3 10 16,1,70,,18609,1,0,9 3 10 16,1,30,,18631,1,0,9 3 10 16,1,70,,18616,1,0,9 3 10 16,1,30,,18634,1,0,9 3 10 16,1,70,,18620,1,0,9 3 10 16,1,30,,18601,1,0,9 3 10 16,1,70,,14808,1,0,9 3 10 16,1,30,,18626,1,0,9 3 10 16,1,70,,15518,1,0,9 3 10 16,1,30,,18614,1,0,9 3 10 16,1,70,,18606,1,0,9 3 10 16,1,30,,18629,1,0,9 3 10 16,1,70,,18597,1,0,9 3 10 16,1,30,,18633,1,0,9 3 10 16,1,70,,18618,1,0,9 3 10 16,1,30,,18598,1,0,9 3 10 16,1,70,,16189,1,0,9 3 10 16,1,30,,18612,1,0,9 3 10 16,1,70,,18599,1,0,9 3 10 16,1,30,,18624,1,0,9 3 10 16,1,70,,16230,1,0,9 3 10 16,1,30,,18611,1,0,9 3 10 16,1
11600,'7',630,,18659,1,0,9 3 10 16,1,70,,18647,1,0,9 3 10 16,1,30,,18668,1,0,9 3 10 16,1,70,,18653,1,0,9 3 10 16,1,30,,18671,1,0,9 3 10 16,1,70,,18657,1,0,9 3 10 16,1,30,,18639,1,0,9 3 10 16,1,70,,14791,1,0,9 3 10 16,1,30,,18663,1,0,9 3 10 16,1,70,,15474,1,0,9 3 10 16,1,30,,18651,1,0,9 3 10 16,1,70,,18644,1,0,9 3 10 16,1,30,,18666,1,0,9 3 10 16,1,70,,18635,1,0,9 3 10 16,1,30,,18670,1,0,9 3 10 16,1,70,,18655,1,0,9 3 10 16,1,30,,18636,1,0,9 3 10 16,1,70,,16145,1,0,9 3 10 16,1,30,,18649,1,0,9 3 10 16,1,70,,18637,1,0,9 3 10 16,1,30,,18661,1,0,9 3 10 16,1,70,,16220,1,0,9 3 10 16,1,30,,18648,1,0,9 3 10 16,1
11601,'10',629,,14971,4,4,,1,30,,18675,4,4,,1,70,,18705,4,4,,1,30,,18711,4,4,,1,70,,15905,4,4,,1,30,,18686,4,4,,1,70,,18679,4,4,,1,30,,18704,4,4,,1,70,,18689,4,4,,1,30,,18697,4,4,,1,70,,18688,4,4,,1,30,,18678,4,4,,1,70,,18701,4,4,,1,30,,18706,4,4,,1,70,,18703,4,4,,1,30,,18684,4,4,,1,70,,18672,4,4,,1,30,,18680,4,4,,1,70,,18692,4,4,,1,30,,18708,4,4,,1,70,,14749,4,4,,1,30,,18702,4,4,,1,70,,18707,4,4,,1,30,,18693,4,4,,1
11601,'7',629,,14925,4,4,,1,30,,18717,4,4,,1,70,,18746,4,4,,1,30,,18752,4,4,,1,70,,18715,4,4,,1,30,,18727,4,4,,1,70,,18721,4,4,,1,30,,18745,4,4,,1,70,,18730,4,4,,1,30,,18738,4,4,,1,70,,18729,4,4,,1,30,,18720,4,4,,1,70,,18742,4,4,,1,30,,18747,4,4,,1,70,,18744,4,4,,1,30,,18725,4,4,,1,70,,18713,4,4,,1,30,,15693,4,4,,1,70,,18733,4,4,,1,30,,18749,4,4,,1,70,,14698,4,4,,1,30,,18743,4,4,,1,70,,18748,4,4,,1,30,,18734,4,4,,1
21600,'10',1800,,19566,1,0,9 3 10 16,1,30,,10122,1,0,9 3 10 16,1,70,,19579,1,0,9 3 10 16,1,30,,19580,1,0,9 3 10 16,1,70,,19582,1,0,9 3 10 16,1,30,,19575,1,0,9 3 10 16,1,70,,19577,1,0,9 3 10 16,1,30,,19572,1,0,9 3 10 16,1,70,,15105,1,0,9 3 10 16,1,30,,19583,1,0,9 3 10 16,1,70,,19571,1,0,9 3 10 16,1,30,,19578,1,0,9 3 10 16,1
21600,'5',700,,19629,1,0,9 3 10 16,1,30,,19604,1,0,9 3 10 16,1,70,,19592,1,0,9 3 10 16,1,30,,16350,1,0,9 3 10 16,1,70,,19584,1,0,9 3 10 16,1,30,,19620,1,0,9 3 10 16,1,70,,19591,1,0,9 3 10 16,1,30,,19622,1,0,9 3 10 16,1,70,,19627,1,0,9 3 10 16,1,30,,19589,1,0,9 3 10 16,1,70,,19600,1,0,9 3 10 16,1,30,,19606,1,0,9 3 10 16,1,70,,19635,1,0,9 3 10 16,1,30,,19613,1,0,9 3 10 16,1,70,,19626,1,0,9 3 10 16,1,30,,19597,1,0,9 3 10 16,1,70,,19611,1,0,9 3 10 16,1,30,,19594,1,0,9 3 10 16,1,70,,19628,1,0,9 3 10 16,1,30,,19598,1,0,9 3 10 16,1,70,,19599,1,0,9 3 10 16,1,30,,19634,1,0,9 3 10 16,1,70,,16810,1,0,9 3 10 16,1,30,,19608,1,0,9 3 10 16,1,70,,14176,1,0,9 3 10 16,1,30,,16901,1,0,9 3 10 16,1,70,,19615,1,0,9 3 10 16,1,30,,19617,1,0,9 3 10 16,1,70,,19596,1,0,9 3 10 16,1
21600,'7',1800,,19638,1,0,9 3 10 16,1,30,,12931,1,0,9 3 10 16,1,70,,19651,1,0,9 3 10 16,1,30,,19652,1,0,9 3 10 16,1,70,,19653,1,0,9 3 10 16,1,30,,19647,1,0,9 3 10 16,1,70,,19649,1,0,9 3 10 16,1,30,,19644,1,0,9 3 10 16,1,70,,15069,1,0,9 3 10 16,1,30,,19654,1,0,9 3 10 16,1,70,,19643,1,0,9 3 10 16,1,30,,19650,1,0,9 3 10 16,1
21601,'10',1829,,19664,4,4,,1,30,,19667,4,4,,1,70,,19666,4,4,,1,30,,16180,4,4,,1,70,,19672,4,4,,1,30,,19660,4,4,,1,70,,16201,4,4,,1,30,,19668,4,4,,1,70,,15063,4,4,,1,30,,15749,4,4,,1,70,,19658,4,4,,1
21601,'5',659,,19688,4,4,,1,70,,19699,4,4,,1,30,,19697,4,4,,1,70,,16250,4,4,,1,30,,19706,4,4,,1,70,,19722,4,4,,1,30,,19714,4,4,,1,70,,19692,4,4,,1,30,,19715,4,4,,1,70,,19685,4,4,,1,30,,19679,4,4,,1,70,,16346,4,4,,1,30,,19674,4,4,,1,70,,16620,4,4,,1,30,,19673,4,4,,1,70,,19720,4,4,,1,30,,19696,4,4,,1,70,,19695,4,4,,1,30,,19708,4,4,,1,70,,19704,4,4,,1,30,,19693,4,4,,1,70,,19712,4,4,,1,30,,19713,4,4,,1,70,,19703,4,4,,1,30,,19675,4,4,,1,70,,19689,4,4,,1,30,,19711,4,4,,1,70,,19718,4,4,,1,30,,19681,4,4,,1
21601,'7',1829,,19733,4,4,,1,30,,19736,4,4,,1,70,,19735,4,4,,1,30,,16136,4,4,,1,70,,19741,4,4,,1,30,,19729,4,4,,1,70,,16157,4,4,,1,30,,19737,4,4,,1,70,,15030,4,4,,1,30,,15738,4,4,,1,70,,19727,4,4,,1
