10100,'10',719,,17246,21,4,,1,30,,17239,21,4,,1,70,,17236,21,4,,1,30,,17248,21,4,,1,70,,17235,21,4,,1,29,,17245,21,4,,1,71,,17247,21,4,,1,100,,17250,21,4,,1,100,,17243,21,4,,1,100,,17234,21,4,,1,101,,17238,21,4,,1,100,,17249,21,4,,1,30,,17240,21,4,,1,70,,17241,21,4,,1,30,,17237,21,4,,1,70,,17242,21,4,,1,30,,17244,21,4,,1,70,,17233,21,4,,1
10100,'7',719,,17263,21,4,,1,30,,17252,21,4,,1,70,,17255,21,4,,1,30,,17265,21,4,,1,70,,17254,21,4,,1,29,,17257,21,4,,1,71,,17264,21,4,,1,100,,17267,21,4,,1,100,,17258,21,4,,1,100,,17253,21,4,,1,101,,17260,21,4,,1,100,,17266,21,4,,1,30,,17256,21,4,,1,70,,17153,21,4,,1,30,,17251,21,4,,1,70,,17262,21,4,,1,30,,17259,21,4,,1,70,,17261,21,4,,1
10101,'10',632,,17276,1,,,1,70,,17283,1,,,1,30,,17281,1,,,1,70,,17273,1,,,1,30,,17280,1,,,1,70,,17274,1,,,1,30,,17271,1,,,1,100,,14659,1,,,1,100,,17272,1,,,1,100,,17279,1,,,1,100,,17282,1,,,1,100,,17278,1,,,1,70,,17275,1,,,1,30,,17270,1,,,1,70,,17277,1,,,1,30,,17284,1,,,1,70,,17268,1,,,1,30,,17269,1,,,1
10101,'7',632,,17293,1,,,1,70,,17298,1,,,1,30,,17296,1,,,1,70,,15501,1,,,1,30,,17294,1,,,1,70,,14830,1,,,1,30,,17289,1,,,1,100,,14642,1,,,1,100,,17292,1,,,1,100,,17295,1,,,1,100,,17297,1,,,1,100,,17291,1,,,1,70,,17290,1,,,1,30,,17287,1,,,1,70,,15664,1,,,1,30,,17288,1,,,1,70,,17285,1,,,1,30,,17286,1,,,1
10300,'10',653,,17403,29,4,,1,100,,17409,29,4,,1,70,,17408,29,4,,1,30,,14899,29,4,,1,70,,17404,29,4,,1,30,,17397,29,4,,1,70,,17406,29,4,,1,30,,17400,29,4,,1,100,,17407,29,4,,1,100,,17401,29,4,,1,100,,17411,29,4,,1,100,,17399,29,4,,1,100,,16894,29,4,,1,70,,15047,29,4,,1,30,,17402,29,4,,1,70,,14645,29,4,,1,30,,17405,29,4,,1,70,,17410,29,4,,1,30,,17398,29,4,,1
10300,'7',653,,17429,29,4,,1,100,,17419,29,4,,1,70,,17417,29,4,,1,30,,17427,29,4,,1,70,,17420,29,4,,1,30,,17428,29,4,,1,70,,17413,29,4,,1,30,,17414,29,4,,1,100,,17425,29,4,,1,100,,17422,29,4,,1,100,,17418,29,4,,1,100,,17421,29,4,,1,100,,16885,29,4,,1,70,,17424,29,4,,1,30,,17415,29,4,,1,70,,17426,29,4,,1,30,,17423,29,4,,1,70,,17416,29,4,,1,30,,17412,29,4,,1
10301,'10',602,,17439,1,,,1,100,,17438,1,,,1,30,,17440,1,,,1,70,,17430,1,,,1,30,,17443,1,,,1,70,,17432,1,,,1,30,,17441,1,,,1,70,,17445,1,,,1,100,,17444,1,,,1,100,,17433,1,,,1,100,,17436,1,,,1,100,,17435,1,,,1,100,,17442,1,,,1,30,,17434,1,,,1,70,,17437,1,,,1,30,,15037,1,,,1,70,,15324,1,,,1,30,,14958,1,,,1,70,,17431,1,,,1,30,,14559,1,,,1
10301,'7',602,,17454,1,,,1,100,,17447,1,,,1,30,,17463,1,,,1,70,,17449,1,,,1,30,,17459,1,,,1,70,,17458,1,,,1,30,,17461,1,,,1,70,,17455,1,,,1,100,,15656,1,,,1,100,,17456,1,,,1,100,,17452,1,,,1,100,,17453,1,,,1,100,,17457,1,,,1,30,,17448,1,,,1,70,,17451,1,,,1,30,,17462,1,,,1,70,,15266,1,,,1,30,,17460,1,,,1,70,,17450,1,,,1,30,,17446,1,,,1
10500,'10',545,,17608,1,,,1,100,,17626,1,,,1,70,,17622,1,,,1,30,,17627,1,,,1,70,,17617,1,,,1,30,,17624,1,,,1,70,,17610,1,,,1,30,,16115,1,,,1,100,,17599,1,,,1,100,,17609,1,,,1,100,,17613,1,,,1,100,,17604,1,,,1,100,,17621,1,,,1,70,,17614,1,,,1,30,,17618,1,,,1,70,,17612,1,,,1,30,,17620,1,,,1,70,,17623,1,,,1,30,,17601,1,,,1
10500,'7',545,,17642,1,,,1,100,,17656,1,,,1,70,,17652,1,,,1,30,,17657,1,,,1,70,,17658,1,,,1,30,,17654,1,,,1,70,,17661,1,,,1,30,,16074,1,,,1,100,,17636,1,,,1,100,,17643,1,,,1,100,,17645,1,,,1,100,,17641,1,,,1,100,,17659,1,,,1,70,,17639,1,,,1,30,,17631,1,,,1,70,,16072,1,,,1,30,,17653,1,,,1,70,,15470,1,,,1,30,,17647,1,,,1
10501,'10',639,,17676,20,4,,1,100,,17663,20,4,,1,70,,17670,20,4,,1,30,,17666,20,4,,1,70,,15680,20,4,,1,30,,16119,20,4,,1,70,,17685,20,4,,1,30,,17671,20,4,,1,100,,17673,20,4,,1,100,,14676,20,4,,1,100,,17675,20,4,,1,100,,17667,20,4,,1,100,,17684,20,4,,1,70,,17689,20,4,,1,30,,17665,20,4,,1,70,,17674,20,4,,1,30,,17679,20,4,,1,70,,17692,20,4,,1,30,,17686,20,4,,1
10501,'7',639,,17710,20,4,,1,100,,17695,20,4,,1,70,,17720,20,4,,1,30,,17696,20,4,,1,70,,17697,20,4,,1,30,,16078,20,4,,1,70,,17714,20,4,,1,30,,15871,20,4,,1,100,,17705,20,4,,1,100,,14663,20,4,,1,100,,17708,20,4,,1,100,,17698,20,4,,1,100,,17699,20,4,,1,70,,17719,20,4,,1,30,,17715,20,4,,1,70,,17711,20,4,,1,30,,15280,20,4,,1,70,,17707,20,4,,1,30,,17703,20,4,,1
11100,'10',612,,18207,16,4,,1,30,,18210,16,4,,1,70,,18199,16,4,,1,30,,18219,16,4,,1,70,,18212,16,4,,1,30,,18217,16,4,,1,70,,18221,16,4,,1,30,,18222,16,4,,1,70,,18201,16,4,,1,30,,18213,16,4,,1,70,,18208,16,4,,1,30,,18211,16,4,,1,70,,18200,16,4,,1,30,,18203,16,4,,1,70,,18204,16,4,,1,30,,18206,16,4,,1,70,,18216,16,4,,1,30,,18220,16,4,,1,70,,18198,16,4,,1,30,,18202,16,4,,1,70,,18214,16,4,,1,30,,18205,16,4,,1,70,,18215,16,4,,1,30,,16096,16,4,,1,70,,18209,16,4,,1,30,,18218,16,4,,1
11100,'7',612,,18230,16,4,,1,30,,18233,16,4,,1,70,,18223,16,4,,1,30,,18239,16,4,,1,70,,18235,16,4,,1,30,,18238,16,4,,1,70,,13744,16,4,,1,30,,18246,16,4,,1,70,,18242,16,4,,1,30,,18236,16,4,,1,70,,18231,16,4,,1,30,,15487,16,4,,1,70,,18240,16,4,,1,30,,18227,16,4,,1,70,,18226,16,4,,1,30,,18245,16,4,,1,70,,18237,16,4,,1,30,,18241,16,4,,1,70,,18244,16,4,,1,30,,18224,16,4,,1,70,,18234,16,4,,1,30,,18243,16,4,,1,70,,18225,16,4,,1,30,,18229,16,4,,1,70,,18228,16,4,,1,30,,18232,16,4,,1
11101,'10',615,,18253,1,,,1,30,,18249,1,,,1,70,,18251,1,,,1,30,,18254,1,,,1,70,,18265,1,,,1,30,,18259,1,,,1,70,,18256,1,,,1,30,,15584,1,,,1,70,,18252,1,,,1,30,,18266,1,,,1,70,,18250,1,,,1,30,,18269,1,,,1,70,,18248,1,,,1,30,,18270,1,,,1,70,,18260,1,,,1,30,,18262,1,,,1,70,,18247,1,,,1,30,,18267,1,,,1,70,,18261,1,,,1,30,,18255,1,,,1,70,,18257,1,,,1,30,,18268,1,,,1,70,,18264,1,,,1,30,,18258,1,,,1,70,,18263,1,,,1
11101,'7',615,,18276,1,,,1,30,,18273,1,,,1,70,,18274,1,,,1,30,,18278,1,,,1,70,,18287,1,,,1,30,,18285,1,,,1,70,,18282,1,,,1,30,,15560,1,,,1,70,,18275,1,,,1,30,,18291,1,,,1,70,,18290,1,,,1,30,,18279,1,,,1,70,,18272,1,,,1,30,,18284,1,,,1,70,,18283,1,,,1,30,,18292,1,,,1,70,,18271,1,,,1,30,,18289,1,,,1,70,,18288,1,,,1,30,,18280,1,,,1,70,,18293,1,,,1,30,,18281,1,,,1,70,,18286,1,,,1,30,,18277,1,,,1,70,,8868,1,,,1
11200,'10',645,,18295,1,,,1,100,,18303,1,,,1,100,,18304,1,,,1,100,,18298,1,,,1,100,,18302,1,,,1,100,,18294,1,,,1,100,,18297,1,,,1,100,,18300,1,,,1,100,,18301,1,,,1,100,,18299,1,,,1,100,,18296,1,,,1
11200,'7',645,,18314,1,,,1,100,,18315,1,,,1,100,,18312,1,,,1,100,,18308,1,,,1,100,,18313,1,,,1,100,,18305,1,,,1,100,,18307,1,,,1,100,,18310,1,,,1,100,,18311,1,,,1,100,,18309,1,,,1,100,,18306,1,,,1
11201,'10',737,,18326,33,4,,1,100,,18331,33,4,,1,100,,18332,33,4,,1,100,,18328,33,4,,1,100,,17177,33,4,,1,100,,18321,33,4,,1,100,,15784,33,4,,1,107,,18316,33,4,,1,93,,18318,33,4,,1,100,,18324,33,4,,1,100,,18320,33,4,,1
11201,'7',737,,18348,33,4,,1,100,,18352,33,4,,1,100,,18337,33,4,,1,100,,18339,33,4,,1,100,,17162,33,4,,1,100,,18340,33,4,,1,100,,15767,33,4,,1,107,,18333,33,4,,1,93,,18335,33,4,,1,100,,18344,33,4,,1,100,,18338,33,4,,1
11300,'10',615,,18387,1,,,1,100,,18364,1,,,1,100,,18384,1,,,1,100,,18388,1,,,1,100,,18368,1,,,1,100,,18358,1,,,1,100,,18377,1,,,1,100,,18376,1,,,1,100,,18363,1,,,1,100,,18386,1,,,1,100,,18362,1,,,1,100,,18379,1,,,1,100,,18359,1,,,1
11300,'7',615,,18419,1,,,1,100,,18400,1,,,1,100,,18416,1,,,1,100,,18422,1,,,1,100,,18408,1,,,1,100,,18396,1,,,1,100,,18425,1,,,1,100,,17000,1,,,1,100,,15425,1,,,1,100,,18398,1,,,1,100,,18411,1,,,1,100,,18403,1,,,1,100,,18421,1,,,1
11301,'10',557,,18450,1,0,14 15 16,1,47,,18443,4,4,,1,53,,18442,1,0,14 15 16,1,47,,18437,4,4,,1,53,,18459,1,0,14 15 16,1,47,,18438,4,4,,1,53,,15200,1,0,14 15 16,1,47,,18449,4,4,,1,53,,14773,1,0,14 15 16,1,47,,18427,4,4,,1,53,,18433,1,0,14 15 16,1,47,,18457,4,4,,1,53,,16386,1,0,14 15 16,1,47,,18431,4,4,,1,53,,18451,1,0,14 15 16,1,47,,18441,4,4,,1,53,,18435,1,0,14 15 16,1,47,,18452,4,4,,1,53,,16125,1,0,14 15 16,1,47,,18446,4,4,,1,53,,18444,1,0,14 15 16,1,47,,18440,4,4,,1,53,,18448,1,0,14 15 16,1,47,,18439,4,4,,1,53,,18430,1,0,14 15 16,1,47,,18455,4,4,,1,53,,18436,1,0,14 15 16,1,47,,18432,4,4,,1
11301,'7',557,,18482,1,0,14 15 16,1,47,,18478,4,4,,1,53,,15415,1,0,14 15 16,1,47,,18475,4,4,,1,53,,18491,1,0,14 15 16,1,47,,18476,4,4,,1,53,,15183,1,0,14 15 16,1,47,,15891,4,4,,1,53,,14722,1,0,14 15 16,1,47,,18462,4,4,,1,53,,18479,1,0,14 15 16,1,47,,18465,4,4,,1,53,,16368,1,0,14 15 16,1,47,,18466,4,4,,1,53,,18464,1,0,14 15 16,1,47,,18469,4,4,,1,53,,18472,1,0,14 15 16,1,47,,18484,4,4,,1,53,,18487,1,0,14 15 16,1,47,,18461,4,4,,1,53,,18485,1,0,14 15 16,1,47,,18481,4,4,,1,53,,12299,1,0,14 15 16,1,47,,18477,4,4,,1,53,,18489,1,0,14 15 16,1,47,,18470,4,4,,1,53,,18474,1,0,14 15 16,1,47,,18468,4,4,,1
20300,'10',1922,,18758,30,4,,1,30,,18761,30,4,,1,70,,18755,30,4,,1,30,,18757,30,4,,1,70,,18756,30,4,,1,30,,18754,30,4,,1,70,,18759,30,4,,1,30,,18760,30,4,,1,70,,18762,30,4,,1
20300,'5',752,,18785,30,4,,1,70,,18763,30,4,,1,30,,18783,30,4,,1,70,,18765,30,4,,1,30,,18771,30,4,,1,70,,18776,30,4,,1,30,,18770,30,4,,1,70,,18781,30,4,,1,30,,18773,30,4,,1,70,,18779,30,4,,1,30,,18777,30,4,,1,70,,16915,30,4,,1,30,,16464,30,4,,1,70,,18767,30,4,,1,30,,18764,30,4,,1,70,,18782,30,4,,1,30,,18766,30,4,,1,70,,18768,30,4,,1,30,,18772,30,4,,1,70,,18780,30,4,,1,30,,18774,30,4,,1,70,,18786,30,4,,1,30,,16403,30,4,,1,70,,18775,30,4,,1,30,,18784,30,4,,1,70,,18778,30,4,,1,30,,18769,30,4,,1
20300,'7',1922,,18787,30,4,,1,30,,18794,30,4,,1,70,,18790,30,4,,1,30,,18791,30,4,,1,70,,15742,30,4,,1,30,,18788,30,4,,1,70,,18792,30,4,,1,30,,18793,30,4,,1,70,,18789,30,4,,1
20301,'10',1902,,18797,1,0,9 3 10,1,30,,15385,1,0,9 3 10,1,70,,18798,1,0,9 3 10,1,30,,18799,1,0,9 3 10,1,70,,18802,1,0,9 3 10,1,30,,18796,1,0,9 3 10,1,70,,18800,1,0,9 3 10,1,30,,18795,1,0,9 3 10,1,70,,18801,1,0,9 3 10,1,30,,15316,1,0,9 3 10,1
20301,'5',702,,18823,1,0,9 3 10,1,30,,18824,1,0,9 3 10,1,70,,18804,1,0,9 3 10,1,30,,18813,1,0,9 3 10,1,70,,18811,1,0,9 3 10,1,30,,18814,1,0,9 3 10,1,70,,18817,1,0,9 3 10,1,30,,17231,1,0,9 3 10,1,70,,18822,1,0,9 3 10,1,30,,18809,1,0,9 3 10,1,70,,18816,1,0,9 3 10,1,30,,16412,1,0,9 3 10,1,70,,18805,1,0,9 3 10,1,30,,18820,1,0,9 3 10,1,70,,18827,1,0,9 3 10,1,30,,18826,1,0,9 3 10,1,70,,18810,1,0,9 3 10,1,30,,18806,1,0,9 3 10,1,70,,18825,1,0,9 3 10,1,30,,18808,1,0,9 3 10,1,70,,18803,1,0,9 3 10,1,30,,18819,1,0,9 3 10,1,70,,18807,1,0,9 3 10,1,30,,18815,1,0,9 3 10,1,70,,16996,1,0,9 3 10,1,30,,18821,1,0,9 3 10,1,70,,18818,1,0,9 3 10,1,30,,18812,1,0,9 3 10,1
20301,'7',1902,,18830,1,0,9 3 10,1,30,,18835,1,0,9 3 10,1,70,,18831,1,0,9 3 10,1,30,,18832,1,0,9 3 10,1,70,,18837,1,0,9 3 10,1,30,,18834,1,0,9 3 10,1,70,,18833,1,0,9 3 10,1,30,,18828,1,0,9 3 10,1,70,,18836,1,0,9 3 10,1,30,,18829,1,0,9 3 10,1
20500,'10',1845,,18977,1,,,1,100,,18975,1,,,1,100,,18972,1,,,1,100,,18971,1,,,1
20500,'5',645,,18979,1,,,1,100,,18994,1,,,1,100,,18997,1,,,1,100,,18985,1,,,1,100,,18987,1,,,1,100,,18984,1,,,1,100,,18990,1,,,1,100,,16732,1,,,1,100,,18981,1,,,1,100,,18993,1,,,1,100,,13774,1,,,1,100,,18988,1,,,1,100,,18999,1,,,1,100,,18983,1,,,1
20500,'7',1845,,19007,1,,,1,100,,19005,1,,,1,100,,19002,1,,,1,100,,19001,1,,,1
20501,'10',1938,,19009,20,4,,1,100,,19010,20,4,,1,100,,19012,20,4,,1,100,,19008,20,4,,1
20501,'5',738,,19027,20,4,,1,100,,19020,20,4,,1,100,,19018,20,4,,1,100,,19015,20,4,,1,100,,19036,20,4,,1,100,,19017,20,4,,1,100,,19038,20,4,,1,100,,19032,20,4,,1,100,,19022,20,4,,1,100,,19037,20,4,,1,100,,19021,20,4,,1,100,,19034,20,4,,1,100,,19033,20,4,,1,100,,17123,20,4,,1
20501,'7',1938,,19040,20,4,,1,100,,19041,20,4,,1,100,,19043,20,4,,1,100,,19039,20,4,,1
21100,'10',1912,,19368,16,4,,1,30,,19363,16,4,,1,70,,14978,16,4,,1,30,,19366,16,4,,1,70,,19364,16,4,,1,30,,19365,16,4,,1,70,,19361,16,4,,1,30,,19367,16,4,,1,70,,19362,16,4,,1
21100,'5',742,,19387,16,4,,1,70,,19381,16,4,,1,30,,19390,16,4,,1,70,,19385,16,4,,1,30,,19379,16,4,,1,70,,19392,16,4,,1,30,,19369,16,4,,1,70,,19374,16,4,,1,30,,19372,16,4,,1,70,,19393,16,4,,1,30,,19386,16,4,,1,70,,16594,16,4,,1,30,,19373,16,4,,1,70,,19391,16,4,,1,30,,19380,16,4,,1,70,,19382,16,4,,1,30,,16856,16,4,,1,70,,19389,16,4,,1,30,,19376,16,4,,1,70,,19378,16,4,,1,30,,19371,16,4,,1,70,,19383,16,4,,1,30,,19375,16,4,,1,70,,19384,16,4,,1,30,,19370,16,4,,1,70,,19388,16,4,,1,30,,19377,16,4,,1
21100,'7',1912,,19394,16,4,,1,30,,19398,16,4,,1,70,,14932,16,4,,1,30,,19399,16,4,,1,70,,19395,16,4,,1,30,,19400,16,4,,1,70,,19396,16,4,,1,30,,19397,16,4,,1,70,,14798,16,4,,1
21101,'10',1845,,19405,1,,,1,70,,19407,1,,,1,30,,19408,1,,,1,70,,19403,1,,,1,30,,19409,1,,,1,70,,19402,1,,,1,30,,19401,1,,,1,70,,19404,1,,,1,30,,19406,1,,,1
21101,'5',715,,19413,1,,,1,30,,19422,1,,,1,70,,16663,1,,,1,30,,19414,1,,,1,70,,19418,1,,,1,30,,19419,1,,,1,70,,19433,1,,,1,30,,19412,1,,,1,70,,19424,1,,,1,30,,19421,1,,,1,70,,17190,1,,,1,30,,19423,1,,,1,70,,19427,1,,,1,30,,19415,1,,,1,70,,19411,1,,,1,30,,19428,1,,,1,70,,19426,1,,,1,30,,19432,1,,,1,70,,19429,1,,,1,30,,19420,1,,,1,70,,19434,1,,,1,30,,19410,1,,,1,70,,19431,1,,,1,30,,19425,1,,,1,70,,19416,1,,,1,30,,19430,1,,,1,70,,19417,1,,,1
21101,'7',1845,,19438,1,,,1,70,,19441,1,,,1,30,,19442,1,,,1,70,,19440,1,,,1,30,,15883,1,,,1,70,,19436,1,,,1,30,,19435,1,,,1,70,,19437,1,,,1,30,,19439,1,,,1
21300,'10',1915,,19444,1,,,1,100,,19446,1,,,1,100,,19445,1,,,1,100,,19443,1,,,1
21300,'5',715,,19452,1,,,1,100,,19457,1,,,1,100,,19459,1,,,1,100,,19453,1,,,1,100,,19450,1,,,1,100,,19456,1,,,1,100,,19455,1,,,1,100,,19454,1,,,1,100,,19447,1,,,1,100,,19458,1,,,1,100,,19451,1,,,1,100,,19448,1,,,1,100,,19449,1,,,1
21300,'7',1915,,19461,1,,,1,100,,19463,1,,,1,100,,19462,1,,,1,100,,19460,1,,,1
21301,'10',1957,,19466,1,,,1,47,,19465,4,4,,1,53,,19471,1,,,1,47,,19474,4,4,,1,53,,19469,1,,,1,47,,19473,4,4,,1,53,,19468,1,,,1
21301,'5',657,,19487,1,,,1,47,,19506,4,4,,1,53,,19508,1,,,1,47,,19486,4,4,,1,53,,19491,1,,,1,47,,19502,4,4,,1,53,,19479,1,,,1,47,,19481,4,4,,1,53,,19510,1,,,1,47,,19499,4,4,,1,53,,19501,1,,,1,47,,19480,4,4,,1,53,,19476,1,,,1,47,,16929,4,4,,1,53,,19477,1,,,1,47,,19505,4,4,,1,53,,19504,1,,,1,47,,19485,4,4,,1,53,,19498,1,,,1,47,,19484,4,4,,1,53,,19496,1,,,1,47,,19507,4,4,,1,53,,19503,1,,,1,47,,19495,4,4,,1,53,,19488,1,,,1,47,,19475,4,4,,1,53,,19509,1,,,1
21301,'7',1957,,19519,1,,,1,47,,19516,4,4,,1,53,,19521,1,,,1,47,,19522,4,4,,1,53,,19514,1,,,1,47,,19515,4,4,,1,53,,19517,1,,,1
