10600,'10',644,,17731,14,,,1,100,,17729,14,,,1,70,,17738,14,,,1,30,,17725,14,,,1,70,,17730,14,,,1,30,,17724,14,,,1,100,,17732,14,,,1,100,,17733,14,,,1,100,,17737,14,,,1,100,,15777,14,,,1,100,,15043,14,,,1,70,,17736,14,,,1,30,,17728,14,,,1,70,,17735,14,,,1,32,,17726,14,,,1,68,,17727,14,,,1,32,,17734,14,,,1
10600,'7',644,,17746,14,,,1,100,,15653,14,,,1,70,,17740,14,,,1,30,,17742,14,,,1,70,,17741,14,,,1,30,,17739,14,,,1,100,,17747,14,,,1,100,,17748,14,,,1,100,,17750,14,,,1,100,,15758,14,,,1,100,,15011,14,,,1,70,,17744,14,,,1,30,,17745,14,,,1,70,,15703,14,,,1,32,,17743,14,,,1,68,,17751,14,,,1,32,,17749,14,,,1
10601,'10',608,,17762,20,,,1,100,,17755,20,,,1,30,,17758,20,,,1,70,,17763,20,,,1,30,,17767,20,,,1,70,,17760,20,,,1,100,,15734,20,,,1,100,,17759,20,,,1,100,,17761,20,,,1,100,,17768,20,,,1,100,,17754,20,,,1,30,,17756,20,,,1,70,,17764,20,,,1,30,,17753,20,,,1,70,,17769,20,,,1,30,,17757,20,,,1,70,,14683,20,,,1,30,,17766,20,,,1,70,,17752,20,,,1
10601,'7',608,,17783,20,,,1,100,,17773,20,,,1,30,,17779,20,,,1,70,,17784,20,,,1,30,,17770,20,,,1,70,,17781,20,,,1,100,,15711,20,,,1,100,,17777,20,,,1,100,,17782,20,,,1,100,,17786,20,,,1,100,,17772,20,,,1,30,,17774,20,,,1,70,,17785,20,,,1,30,,17776,20,,,1,70,,17787,20,,,1,30,,17775,20,,,1,70,,14670,20,,,1,30,,17780,20,,,1,70,,17771,20,,,1
20600,'10',1815,,19049,19,,,1,29,,19048,19,,,1,70,,19050,19,,,1,31,,16490,19,,,1,70,,19051,19,,,1,30,,19045,19,,,1,69,,15053,19,,,1,30,,19047,19,,,1,70,,19046,19,,,1,30,,19052,19,,,1
20600,'5',744,,16814,19,,,1,70,,19068,19,,,1,30,,19075,19,,,1,70,,19073,19,,,1,30,,19072,19,,,1,70,,19071,19,,,1,30,,19066,19,,,1,71,,19057,19,,,1,29,,19069,19,,,1,70,,19070,19,,,1,30,,19065,19,,,1,70,,19064,19,,,1,30,,19074,19,,,1,71,,19055,19,,,1,29,,19077,19,,,1,70,,19053,19,,,1,30,,19061,19,,,1,70,,19067,19,,,1,30,,19059,19,,,1,70,,19076,19,,,1,30,,19056,19,,,1,70,,19058,19,,,1,31,,19054,19,,,1,69,,19060,19,,,1,30,,19062,19,,,1,70,,19063,19,,,1
20600,'7',1815,,19078,19,,,1,29,,19081,19,,,1,70,,15365,19,,,1,31,,16483,19,,,1,70,,19083,19,,,1,30,,19079,19,,,1,69,,15020,19,,,1,30,,19080,19,,,1,70,,19082,19,,,1,30,,19084,19,,,1
20601,'10',1838,,19101,10,,,1,70,,19085,10,,,1,30,,19091,10,,,1,70,,19098,10,,,1,30,,16925,10,,,1,70,,19087,10,,,1,30,,19090,10,,,1,70,,15401,10,,,1,30,,19094,10,,,1,70,,19086,10,,,1
20601,'5',708,,19141,10,,,1,30,,19135,10,,,1,70,,19152,10,,,1,30,,19132,10,,,1,70,,19131,10,,,1,30,,19102,10,,,1,70,,19103,10,,,1,30,,17192,10,,,1,70,,19107,10,,,1,30,,19130,10,,,1,70,,19113,10,,,1,30,,19120,10,,,1,70,,19109,10,,,1,30,,19116,10,,,1,70,,19137,10,,,1,30,,19138,10,,,1,70,,19153,10,,,1,30,,19124,10,,,1,70,,19148,10,,,1,30,,19146,10,,,1,70,,19115,10,,,1,30,,19125,10,,,1,70,,19136,10,,,1,30,,19128,10,,,1,70,,19119,10,,,1,30,,17125,10,,,1,70,,19129,10,,,1,30,,19106,10,,,1
20601,'7',1838,,19159,10,,,1,70,,19154,10,,,1,30,,19166,10,,,1,70,,19170,10,,,1,30,,16014,10,,,1,70,,19161,10,,,1,30,,19164,10,,,1,70,,15370,10,,,1,30,,19169,10,,,1,70,,19155,10,,,1
