10400,'10',639,,17479,13,4,,1,70,,17482,13,4,,1,30,,17464,13,4,,1,70,,17470,13,4,,1,30,,17475,13,4,,1,70,,16110,13,4,,1,30,,17473,13,4,,1,70,,17466,13,4,,1,30,,17481,13,4,,1,70,,17478,13,4,,1,30,,17469,13,4,,1,70,,16098,13,4,,1,30,,17468,13,4,,1,70,,17476,13,4,,1,30,,17465,13,4,,1,70,,14781,13,4,,1,30,,17467,13,4,,1,70,,17483,13,4,,1,30,,16687,13,4,,1,70,,17474,13,4,,1,30,,17472,13,4,,1,70,,17477,13,4,,1,30,,17480,13,4,,1,70,,17484,13,4,,1,30,,17471,13,4,,1
10400,'7',639,,17499,13,4,,1,70,,17486,13,4,,1,30,,17487,13,4,,1,70,,17489,13,4,,1,30,,17496,13,4,,1,70,,15009,13,4,,1,30,,17492,13,4,,1,70,,17493,13,4,,1,30,,17488,13,4,,1,70,,17485,13,4,,1,30,,17501,13,4,,1,70,,16058,13,4,,1,30,,17504,13,4,,1,70,,17497,13,4,,1,30,,15807,13,4,,1,70,,13190,13,4,,1,30,,17494,13,4,,1,70,,17502,13,4,,1,30,,16669,13,4,,1,70,,17495,13,4,,1,30,,17491,13,4,,1,70,,17498,13,4,,1,30,,17500,13,4,,1,70,,17503,13,4,,1,30,,17490,13,4,,1
10401,'10',639,,17541,1,,,1,70,,17526,1,,,1,30,,17546,1,,,1,70,,17518,1,,,1,30,,17530,1,,,1,70,,17509,1,,,1,30,,17517,1,,,1,70,,17535,1,,,1,30,,15224,1,,,1,70,,17506,1,,,1,30,,17540,1,,,1,70,,17514,1,,,1,30,,17523,1,,,1,70,,17516,1,,,1,30,,17512,1,,,1,70,,17529,1,,,1,30,,17536,1,,,1,70,,17510,1,,,1,30,,17525,1,,,1,70,,17507,1,,,1,30,,14772,1,,,1,70,,17521,1,,,1,30,,17545,1,,,1,70,,16389,1,,,1,30,,17528,1,,,1
10401,'7',639,,17585,1,,,1,70,,17576,1,,,1,30,,17590,1,,,1,70,,17573,1,,,1,30,,17580,1,,,1,70,,17581,1,,,1,30,,17563,1,,,1,70,,17589,1,,,1,30,,17577,1,,,1,70,,17569,1,,,1,30,,17586,1,,,1,70,,17561,1,,,1,30,,17556,1,,,1,70,,17562,1,,,1,30,,17558,1,,,1,70,,17579,1,,,1,30,,17572,1,,,1,70,,17555,1,,,1,30,,17575,1,,,1,70,,17553,1,,,1,30,,14721,1,,,1,70,,17567,1,,,1,30,,17587,1,,,1,70,,16371,1,,,1,30,,17578,1,,,1
20301,'10',2406,,16215,13,,,1
20301,'7',2406,,16131,13,,,1
20400,'10',1910,,18840,13,4,,1,30,,18841,13,4,,1,70,,18839,13,4,,1,30,,18845,13,4,,1,70,,18842,13,4,,1,30,,18844,13,4,,1,70,,18843,13,4,,1,30,,15600,13,4,,1,70,,18838,13,4,,1,30,,15911,13,4,,1
20400,'5',740,,18853,13,4,,1,70,,18868,13,4,,1,30,,18859,13,4,,1,70,,18871,13,4,,1,30,,18869,13,4,,1,70,,18873,13,4,,1,30,,18856,13,4,,1,70,,18872,13,4,,1,30,,18870,13,4,,1,70,,18867,13,4,,1,30,,18854,13,4,,1,70,,18861,13,4,,1,30,,18865,13,4,,1,70,,18849,13,4,,1,30,,18848,13,4,,1,70,,18852,13,4,,1,30,,18846,13,4,,1,70,,18847,13,4,,1,30,,18866,13,4,,1,70,,18857,13,4,,1,30,,18851,13,4,,1,70,,18863,13,4,,1,30,,18858,13,4,,1,70,,18855,13,4,,1,30,,18862,13,4,,1,70,,18850,13,4,,1,30,,18864,13,4,,1,70,,18860,13,4,,1
20400,'7',1910,,18877,13,4,,1,30,,18878,13,4,,1,70,,18876,13,4,,1,30,,18882,13,4,,1,70,,18879,13,4,,1,30,,18881,13,4,,1,70,,18880,13,4,,1,30,,15576,13,4,,1,70,,18875,13,4,,1,30,,18874,13,4,,1
20401,'10',1910,,18895,1,,,1,30,,16891,1,,,1,70,,18884,1,,,1,30,,18899,1,,,1,70,,18898,1,,,1,30,,18897,1,,,1,70,,15843,1,,,1,30,,18888,1,,,1,70,,18900,1,,,1,30,,18889,1,,,1
20401,'5',740,,18922,1,,,1,70,,16549,1,,,1,30,,18909,1,,,1,70,,18929,1,,,1,30,,18916,1,,,1,70,,18940,1,,,1,30,,18915,1,,,1,70,,18913,1,,,1,30,,18945,1,,,1,70,,18943,1,,,1,30,,18951,1,,,1,70,,18933,1,,,1,30,,18925,1,,,1,70,,18919,1,,,1,30,,18952,1,,,1,70,,18923,1,,,1,30,,18918,1,,,1,70,,18946,1,,,1,30,,18908,1,,,1,70,,18926,1,,,1,30,,18903,1,,,1,70,,18901,1,,,1,30,,17219,1,,,1,70,,18924,1,,,1,30,,18941,1,,,1,70,,16480,1,,,1,30,,18935,1,,,1,70,,16918,1,,,1
20401,'7',1910,,18965,1,,,1,30,,16882,1,,,1,70,,18954,1,,,1,30,,18969,1,,,1,70,,18968,1,,,1,30,,18967,1,,,1,70,,15813,1,,,1,30,,18958,1,,,1,70,,18970,1,,,1,30,,18959,1,,,1
