10801,'10',649,,13332,31,,,1,70,,17997,31,,,1,30,,17991,31,,,1,70,,17988,31,,,1,30,,17984,31,,,1,70,,17993,31,,,1,100,,17986,31,,,1,100,,17985,31,,,1,100,,17995,31,,,1,100,,17992,31,,,1,100,,17994,31,,,1,30,,17998,31,,,1,70,,14744,31,,,1,30,,17987,31,,,1,70,,16031,31,,,1,30,,17996,31,,,1,70,,17999,31,,,1
10801,'7',649,,18007,31,,,1,70,,18006,31,,,1,30,,18002,31,,,1,70,,18001,31,,,1,30,,15072,31,,,1,70,,15745,31,,,1,100,,18004,31,,,1,100,,18000,31,,,1,100,,18010,31,,,1,100,,18005,31,,,1,100,,18009,31,,,1,30,,18012,31,,,1,70,,14693,31,,,1,30,,18003,31,,,1,70,,15998,31,,,1,30,,18011,31,,,1,70,,18013,31,,,1
10901,'10',619,,18068,6,,,1,100,,18050,6,,,1,100,,18060,6,,,1,100,,18062,6,,,1,100,,18064,6,,,1,100,,18042,6,,,1,100,,16586,6,,,1,100,,18048,6,,,1,100,,18055,6,,,1,100,,18056,6,,,1,100,,18051,6,,,1,100,,18041,6,,,1
10901,'7',619,,18108,6,,,1,100,,18090,6,,,1,100,,18100,6,,,1,100,,18102,6,,,1,100,,18104,6,,,1,100,,18082,6,,,1,100,,16567,6,,,1,100,,18088,6,,,1,100,,18095,6,,,1,100,,18096,6,,,1,100,,18091,6,,,1,100,,18081,6,,,1
11401,'10',652,,18520,30,,,1,100,,18521,30,,,1,100,,18519,30,,,1,100,,18514,30,,,1,100,,18517,30,,,1,100,,18516,30,,,1,100,,18522,30,,,1,100,,15309,30,,,1,100,,18518,30,,,1,100,,18524,30,,,1,100,,18515,30,,,1,100,,18523,30,,,1
11401,'7',652,,18531,30,,,1,100,,18532,30,,,1,100,,18530,30,,,1,100,,18525,30,,,1,100,,18528,30,,,1,100,,18527,30,,,1,100,,18533,30,,,1,100,,15251,30,,,1,100,,18529,30,,,1,100,,18535,30,,,1,100,,18526,30,,,1,100,,18534,30,,,1
20901,'10',1819,,19199,6,,,1,100,,19204,6,,,1,100,,17167,6,,,1,100,,19198,6,,,1,100,,19201,6,,,1
20901,'5',719,,16635,6,,,1,100,,19225,6,,,1,100,,19241,6,,,1,100,,16294,6,,,1,100,,19256,6,,,1,100,,19244,6,,,1,100,,19205,6,,,1,100,,19246,6,,,1,100,,19239,6,,,1,100,,17110,6,,,1,100,,19207,6,,,1,100,,19211,6,,,1,100,,19254,6,,,1,100,,19206,6,,,1
20901,'7',1819,,19265,6,,,1,100,,19272,6,,,1,100,,19267,6,,,1,100,,19258,6,,,1,100,,19263,6,,,1
21401,'10',1852,,19543,36,,,1,100,,19542,36,,,1,100,,19544,36,,,1,100,,19546,36,,,1,100,,19545,36,,,1
21401,'5',752,,19557,36,,,1,100,,19547,36,,,1,100,,19558,36,,,1,100,,19548,36,,,1,100,,19556,36,,,1,100,,19551,36,,,1,100,,16437,36,,,1,100,,19553,36,,,1,100,,19555,36,,,1,100,,19550,36,,,1,100,,19554,36,,,1,100,,19549,36,,,1,100,,19552,36,,,1
21401,'7',1852,,19559,36,,,1,100,,19562,36,,,1,100,,19560,36,,,1,100,,19563,36,,,1,100,,19561,36,,,1
