10801,'10',650,,13332,33,,,1,70,,17997,33,,,1,30,,17991,33,,,1,70,,17988,33,,,1,30,,17984,33,,,1,70,,17993,33,,,1,100,,17986,33,,,1,100,,17985,33,,,1,100,,17995,33,,,1,100,,17992,33,,,1,100,,17994,33,,,1,30,,17998,33,,,1,70,,14744,33,,,1,30,,17987,33,,,1,70,,16031,33,,,1,30,,17996,33,,,1,70,,17999,33,,,1
10801,'7',650,,18007,33,,,1,70,,18006,33,,,1,30,,18002,33,,,1,70,,18001,33,,,1,30,,15072,33,,,1,70,,15745,33,,,1,100,,18004,33,,,1,100,,18000,33,,,1,100,,18010,33,,,1,100,,18005,33,,,1,100,,18009,33,,,1,30,,18012,33,,,1,70,,14693,33,,,1,30,,18003,33,,,1,70,,15998,33,,,1,30,,18011,33,,,1,70,,18013,33,,,1
10901,'10',620,,18068,8,,,1,100,,18050,8,,,1,100,,18060,8,,,1,100,,18062,8,,,1,100,,18064,8,,,1,100,,18042,8,,,1,100,,16586,8,,,1,100,,18048,8,,,1,100,,18055,8,,,1,100,,18056,8,,,1,100,,18051,8,,,1,100,,18041,8,,,1
10901,'7',620,,18108,8,,,1,100,,18090,8,,,1,100,,18100,8,,,1,100,,18102,8,,,1,100,,18104,8,,,1,100,,18082,8,,,1,100,,16567,8,,,1,100,,18088,8,,,1,100,,18095,8,,,1,100,,18096,8,,,1,100,,18091,8,,,1,100,,18081,8,,,1
11401,'10',653,,18520,32,,,1,100,,18521,32,,,1,100,,18519,32,,,1,100,,18514,32,,,1,100,,18517,32,,,1,100,,18516,32,,,1,100,,18522,32,,,1,100,,15309,32,,,1,100,,18518,32,,,1,100,,18524,32,,,1,100,,18515,32,,,1,100,,18523,32,,,1
11401,'7',653,,18531,32,,,1,100,,18532,32,,,1,100,,18530,32,,,1,100,,18525,32,,,1,100,,18528,32,,,1,100,,18527,32,,,1,100,,18533,32,,,1,100,,15251,32,,,1,100,,18529,32,,,1,100,,18535,32,,,1,100,,18526,32,,,1,100,,18534,32,,,1
20901,'10',1820,,19199,8,,,1,100,,19204,8,,,1,100,,17167,8,,,1,100,,19198,8,,,1,100,,19201,8,,,1
20901,'5',720,,16635,8,,,1,100,,19225,8,,,1,100,,19241,8,,,1,100,,16294,8,,,1,100,,19256,8,,,1,100,,19244,8,,,1,100,,19205,8,,,1,100,,19246,8,,,1,100,,19239,8,,,1,100,,17110,8,,,1,100,,19207,8,,,1,100,,19211,8,,,1,100,,19254,8,,,1,100,,19206,8,,,1
20901,'7',1820,,19265,8,,,1,100,,19272,8,,,1,100,,19267,8,,,1,100,,19258,8,,,1,100,,19263,8,,,1
21401,'10',1853,,19543,38,,,1,100,,19542,38,,,1,100,,19544,38,,,1,100,,19546,38,,,1,100,,19545,38,,,1
21401,'5',753,,19557,38,,,1,100,,19547,38,,,1,100,,19558,38,,,1,100,,19548,38,,,1,100,,19556,38,,,1,100,,19551,38,,,1,100,,16437,38,,,1,100,,19553,38,,,1,100,,19555,38,,,1,100,,19550,38,,,1,100,,19554,38,,,1,100,,19549,38,,,1,100,,19552,38,,,1
21401,'7',1853,,19559,38,,,1,100,,19562,38,,,1,100,,19560,38,,,1,100,,19563,38,,,1,100,,19561,38,,,1
