10500,'10',548,,17608,3,,,1,100,,17626,3,,,1,70,,17622,3,,,1,30,,17627,3,,,1,70,,17617,3,,,1,30,,17624,3,,,1,70,,17610,3,,,1,30,,16115,3,,,1,100,,17599,3,,,1,100,,17609,3,,,1,100,,17613,3,,,1,100,,17604,3,,,1,100,,17621,3,,,1,70,,17614,3,,,1,30,,17618,3,,,1,70,,17612,3,,,1,30,,17620,3,,,1,70,,17623,3,,,1,30,,17601,3,,,1
10500,'7',548,,17642,3,,,1,100,,17656,3,,,1,70,,17652,3,,,1,30,,17657,3,,,1,70,,17658,3,,,1,30,,17654,3,,,1,70,,17661,3,,,1,30,,16074,3,,,1,100,,17636,3,,,1,100,,17643,3,,,1,100,,17645,3,,,1,100,,17641,3,,,1,100,,17659,3,,,1,70,,17639,3,,,1,30,,17631,3,,,1,70,,16072,3,,,1,30,,17653,3,,,1,70,,15470,3,,,1,30,,17647,3,,,1
11301,'10',600,,18450,3,0,14 15 16,1,100,,18442,3,0,14 15 16,1,100,,18459,3,0,14 15 16,1,100,,15200,3,0,14 15 16,1,100,,14773,3,0,14 15 16,1,100,,18433,3,0,14 15 16,1,100,,16386,3,0,14 15 16,1,100,,18451,3,0,14 15 16,1,100,,18435,3,0,14 15 16,1,100,,16125,3,0,14 15 16,1,100,,18444,3,0,14 15 16,1,100,,18448,3,0,14 15 16,1,100,,18430,3,0,14 15 16,1,100,,18436,3,0,14 15 16,1
11301,'7',600,,18482,3,0,14 15 16,1,100,,15415,3,0,14 15 16,1,100,,18491,3,0,14 15 16,1,100,,15183,3,0,14 15 16,1,100,,14722,3,0,14 15 16,1,100,,18479,3,0,14 15 16,1,100,,16368,3,0,14 15 16,1,100,,18464,3,0,14 15 16,1,100,,18472,3,0,14 15 16,1,100,,18487,3,0,14 15 16,1,100,,18485,3,0,14 15 16,1,100,,12299,3,0,14 15 16,1,100,,18489,3,0,14 15 16,1,100,,18474,3,0,14 15 16,1
20500,'10',1848,,18977,3,,,1,100,,18975,3,,,1,100,,18972,3,,,1,100,,18971,3,,,1
20500,'5',648,,18979,3,,,1,100,,18994,3,,,1,100,,18997,3,,,1,100,,18985,3,,,1,100,,18987,3,,,1,100,,18984,3,,,1,100,,18990,3,,,1,100,,16732,3,,,1,100,,18981,3,,,1,100,,18993,3,,,1,100,,13774,3,,,1,100,,18988,3,,,1,100,,18999,3,,,1,100,,18983,3,,,1
20500,'7',1848,,19007,3,,,1,100,,19005,3,,,1,100,,19002,3,,,1,100,,19001,3,,,1
21301,'10',1959,,19466,3,,,1,100,,19471,3,,,1,100,,19469,3,,,1,100,,19468,3,,,1
21301,'5',659,,19487,3,,,1,100,,19508,3,,,1,100,,19491,3,,,1,100,,19479,3,,,1,100,,19510,3,,,1,100,,19501,3,,,1,100,,19476,3,,,1,100,,19477,3,,,1,100,,19504,3,,,1,100,,19498,3,,,1,100,,19496,3,,,1,100,,19503,3,,,1,100,,19488,3,,,1,100,,19509,3,,,1
21301,'7',1959,,19519,3,,,1,100,,19521,3,,,1,100,,19514,3,,,1,100,,19517,3,,,1
