10100,'10',710,,17246,18,,,1,30,,17239,18,,,1,70,,17236,18,,,1,30,,17248,18,,,1,70,,17235,18,,,1,30,,17245,18,,,1,70,,17247,18,,,1,100,,17250,18,,,1,100,,17243,18,,,1,100,,17234,18,,,1,100,,17238,18,,,1,100,,17249,18,,,1,30,,17240,18,,,1,70,,17241,18,,,1,30,,17237,18,,,1,70,,17242,18,,,1,30,,17244,18,,,1,70,,17233,18,,,1
10100,'7',710,,17263,18,,,1,30,,17252,18,,,1,70,,17255,18,,,1,30,,17265,18,,,1,70,,17254,18,,,1,30,,17257,18,,,1,70,,17264,18,,,1,100,,17267,18,,,1,100,,17258,18,,,1,100,,17253,18,,,1,100,,17260,18,,,1,100,,17266,18,,,1,30,,17256,18,,,1,70,,17153,18,,,1,30,,17251,18,,,1,70,,17262,18,,,1,30,,17259,18,,,1,70,,17261,18,,,1
10101,'10',638,,17276,4,,,1,70,,17283,4,,,1,30,,17281,4,,,1,70,,17273,4,,,1,30,,17280,4,,,1,70,,17274,4,,,1,30,,17271,4,,,1,100,,14659,4,,,1,100,,17272,4,,,1,100,,17279,4,,,1,100,,17282,4,,,1,101,,17278,4,,,1,70,,17275,4,,,1,30,,17270,4,,,1,70,,17277,4,,,1,30,,17284,4,,,1,70,,17268,4,,,1,30,,17269,4,,,1
10101,'7',638,,17293,4,,,1,70,,17298,4,,,1,30,,17296,4,,,1,70,,15501,4,,,1,30,,17294,4,,,1,70,,14830,4,,,1,30,,17289,4,,,1,100,,14642,4,,,1,100,,17292,4,,,1,100,,17295,4,,,1,100,,17297,4,,,1,101,,17291,4,,,1,70,,17290,4,,,1,30,,17287,4,,,1,70,,15664,4,,,1,30,,17288,4,,,1,70,,17285,4,,,1,30,,17286,4,,,1
10300,'10',646,,17403,26,,,1,100,,17409,26,,,1,70,,17408,26,,,1,30,,14899,26,,,1,70,,17404,26,,,1,30,,17397,26,,,1,70,,17406,26,,,1,30,,17400,26,,,1,100,,17407,26,,,1,100,,17401,26,,,1,100,,17411,26,,,1,100,,17399,26,,,1,100,,16894,26,,,1,70,,15047,26,,,1,30,,17402,26,,,1,70,,14645,26,,,1,30,,17405,26,,,1,70,,17410,26,,,1,30,,17398,26,,,1
10300,'7',646,,17429,26,,,1,100,,17419,26,,,1,70,,17417,26,,,1,30,,17427,26,,,1,70,,17420,26,,,1,30,,17428,26,,,1,70,,17413,26,,,1,30,,17414,26,,,1,100,,17425,26,,,1,100,,17422,26,,,1,100,,17418,26,,,1,100,,17421,26,,,1,100,,16885,26,,,1,70,,17424,26,,,1,30,,17415,26,,,1,70,,17426,26,,,1,30,,17423,26,,,1,70,,17416,26,,,1,30,,17412,26,,,1
10301,'10',605,,17439,3,,,1,100,,17438,3,,,1,30,,17440,3,,,1,70,,17430,3,,,1,30,,17443,3,,,1,70,,17432,3,,,1,30,,17441,3,,,1,70,,17445,3,,,1,100,,17444,3,,,1,100,,17433,3,,,1,100,,17436,3,,,1,100,,17435,3,,,1,100,,17442,3,,,1,30,,17434,3,,,1,70,,17437,3,,,1,30,,15037,3,,,1,70,,15324,3,,,1,30,,14958,3,,,1,70,,17431,3,,,1,30,,14559,3,,,1
10301,'7',605,,17454,3,,,1,100,,17447,3,,,1,30,,17463,3,,,1,70,,17449,3,,,1,30,,17459,3,,,1,70,,17458,3,,,1,30,,17461,3,,,1,70,,17455,3,,,1,100,,15656,3,,,1,100,,17456,3,,,1,100,,17452,3,,,1,100,,17453,3,,,1,100,,17457,3,,,1,30,,17448,3,,,1,70,,17451,3,,,1,30,,17462,3,,,1,70,,15266,3,,,1,30,,17460,3,,,1,70,,17450,3,,,1,30,,17446,3,,,1
11200,'10',649,,18295,3,,,1,100,,18303,3,,,1,100,,18304,3,,,1,100,,18298,3,,,1,100,,18302,3,,,1,100,,18294,3,,,1,100,,18297,3,,,1,100,,18300,3,,,1,101,,18301,3,,,1,99,,18299,3,,,1,100,,18296,3,,,1
11200,'7',649,,18314,3,,,1,100,,18315,3,,,1,100,,18312,3,,,1,100,,18308,3,,,1,100,,18313,3,,,1,100,,18305,3,,,1,100,,18307,3,,,1,100,,18310,3,,,1,101,,18311,3,,,1,99,,18309,3,,,1,100,,18306,3,,,1
11201,'10',731,,18326,30,,,1,100,,18331,30,,,1,100,,18332,30,,,1,100,,18328,30,,,1,100,,17177,30,,,1,100,,18321,30,,,1,100,,15784,30,,,1,100,,18316,30,,,1,100,,18318,30,,,1,100,,18324,30,,,1,100,,18320,30,,,1
11201,'7',731,,18348,30,,,1,100,,18352,30,,,1,100,,18337,30,,,1,100,,18339,30,,,1,100,,17162,30,,,1,100,,18340,30,,,1,100,,15767,30,,,1,100,,18333,30,,,1,100,,18335,30,,,1,100,,18344,30,,,1,100,,18338,30,,,1
20300,'10',1914,,18758,27,,,1,30,,18761,27,,,1,70,,18755,27,,,1,30,,18757,27,,,1,70,,18756,27,,,1,30,,18754,27,,,1,70,,18759,27,,,1,30,,18760,27,,,1,70,,18762,27,,,1
20300,'5',744,,18785,27,,,1,70,,18763,27,,,1,30,,18783,27,,,1,70,,18765,27,,,1,30,,18771,27,,,1,70,,18776,27,,,1,30,,18770,27,,,1,70,,18781,27,,,1,30,,18773,27,,,1,70,,18779,27,,,1,30,,18777,27,,,1,70,,16915,27,,,1,30,,16464,27,,,1,70,,18767,27,,,1,30,,18764,27,,,1,70,,18782,27,,,1,30,,18766,27,,,1,70,,18768,27,,,1,30,,18772,27,,,1,70,,18780,27,,,1,30,,18774,27,,,1,70,,18786,27,,,1,30,,16403,27,,,1,70,,18775,27,,,1,30,,18784,27,,,1,70,,18778,27,,,1,30,,18769,27,,,1
20300,'7',1914,,18787,27,,,1,30,,18794,27,,,1,70,,18790,27,,,1,30,,18791,27,,,1,70,,15742,27,,,1,30,,18788,27,,,1,70,,18792,27,,,1,30,,18793,27,,,1,70,,18789,27,,,1
20301,'10',1906,,18797,3,0,9 3 10,1,30,,15385,3,0,9 3 10,1,70,,18798,3,0,9 3 10,1,30,,18799,3,0,9 3 10,1,70,,18802,3,0,9 3 10,1,30,,18796,3,0,9 3 10,1,70,,18800,3,0,9 3 10,1,30,,18795,3,0,9 3 10,1,70,,18801,3,0,9 3 10,1,30,,15316,3,0,9 3 10,1
20301,'5',706,,18823,3,0,9 3 10,1,30,,18824,3,0,9 3 10,1,70,,18804,3,0,9 3 10,1,30,,18813,3,0,9 3 10,1,70,,18811,3,0,9 3 10,1,30,,18814,3,0,9 3 10,1,70,,18817,3,0,9 3 10,1,30,,17231,3,0,9 3 10,1,70,,18822,3,0,9 3 10,1,30,,18809,3,0,9 3 10,1,70,,18816,3,0,9 3 10,1,30,,16412,3,0,9 3 10,1,70,,18805,3,0,9 3 10,1,30,,18820,3,0,9 3 10,1,70,,18827,3,0,9 3 10,1,30,,18826,3,0,9 3 10,1,70,,18810,3,0,9 3 10,1,30,,18806,3,0,9 3 10,1,70,,18825,3,0,9 3 10,1,30,,18808,3,0,9 3 10,1,70,,18803,3,0,9 3 10,1,30,,18819,3,0,9 3 10,1,70,,18807,3,0,9 3 10,1,30,,18815,3,0,9 3 10,1,70,,16996,3,0,9 3 10,1,30,,18821,3,0,9 3 10,1,70,,18818,3,0,9 3 10,1,30,,18812,3,0,9 3 10,1
20301,'7',1906,,18830,3,0,9 3 10,1,30,,18835,3,0,9 3 10,1,70,,18831,3,0,9 3 10,1,30,,18832,3,0,9 3 10,1,70,,18837,3,0,9 3 10,1,30,,18834,3,0,9 3 10,1,70,,18833,3,0,9 3 10,1,30,,18828,3,0,9 3 10,1,70,,18836,3,0,9 3 10,1,30,,18829,3,0,9 3 10,1
