11600,'10',647,,18610,16,4,,1,70,,18604,16,4,,1,30,,18602,16,4,,1,70,,18632,16,4,,1,30,,14153,16,4,,1,70,,16179,16,4,,1,30,,18617,16,4,,1,70,,16890,16,4,,1,30,,18628,16,4,,1,70,,18608,16,4,,1,30,,16926,16,4,,1,70,,18615,16,4,,1,30,,18613,16,4,,1,70,,18605,16,4,,1,30,,18621,16,4,,1,70,,18600,16,4,,1,30,,18607,16,4,,1,70,,18627,16,4,,1,30,,18619,16,4,,1,70,,18603,16,4,,1,30,,18623,16,4,,1,70,,18625,16,4,,1,30,,18630,16,4,,1
11600,'7',647,,15811,16,4,,1,70,,18642,16,4,,1,30,,18640,16,4,,1,70,,18669,16,4,,1,30,,14144,16,4,,1,70,,16135,16,4,,1,30,,18654,16,4,,1,70,,16881,16,4,,1,30,,18665,16,4,,1,70,,18646,16,4,,1,30,,16922,16,4,,1,70,,18652,16,4,,1,30,,18650,16,4,,1,70,,18643,16,4,,1,30,,18658,16,4,,1,70,,18638,16,4,,1,30,,18645,16,4,,1,70,,18664,16,4,,1,30,,18656,16,4,,1,70,,18641,16,4,,1,30,,18660,16,4,,1,70,,18662,16,4,,1,30,,18667,16,4,,1
11601,'10',605,,18683,1,0,9 3 10 16,1,30,,14970,1,0,9 3 10 16,1,70,,18677,1,0,9 3 10 16,1,30,,18685,1,0,9 3 10 16,1,70,,18681,1,0,9 3 10 16,1,30,,18682,1,0,9 3 10 16,1,70,,18698,1,0,9 3 10 16,1,30,,18700,1,0,9 3 10 16,1,70,,16805,1,0,9 3 10 16,1,30,,18673,1,0,9 3 10 16,1,70,,18690,1,0,9 3 10 16,1,30,,15103,1,0,9 3 10 16,1,70,,18676,1,0,9 3 10 16,1,30,,18712,1,0,9 3 10 16,1,70,,18699,1,0,9 3 10 16,1,30,,18674,1,0,9 3 10 16,1,70,,18695,1,0,9 3 10 16,1,30,,18709,1,0,9 3 10 16,1,70,,18691,1,0,9 3 10 16,1,30,,18696,1,0,9 3 10 16,1,70,,18687,1,0,9 3 10 16,1,30,,18710,1,0,9 3 10 16,1,70,,18694,1,0,9 3 10 16,1,30,,15133,1,0,9 3 10 16,1
11601,'7',605,,18724,1,0,9 3 10 16,1,30,,14924,1,0,9 3 10 16,1,70,,18719,1,0,9 3 10 16,1,30,,18726,1,0,9 3 10 16,1,70,,18722,1,0,9 3 10 16,1,30,,18723,1,0,9 3 10 16,1,70,,18739,1,0,9 3 10 16,1,30,,18741,1,0,9 3 10 16,1,70,,16795,1,0,9 3 10 16,1,30,,18714,1,0,9 3 10 16,1,70,,18731,1,0,9 3 10 16,1,30,,15067,1,0,9 3 10 16,1,70,,18718,1,0,9 3 10 16,1,30,,18753,1,0,9 3 10 16,1,70,,18740,1,0,9 3 10 16,1,30,,18716,1,0,9 3 10 16,1,70,,18736,1,0,9 3 10 16,1,30,,18750,1,0,9 3 10 16,1,70,,18732,1,0,9 3 10 16,1,30,,18737,1,0,9 3 10 16,1,70,,18728,1,0,9 3 10 16,1,30,,18751,1,0,9 3 10 16,1,70,,18735,1,0,9 3 10 16,1,30,,15097,1,0,9 3 10 16,1
21600,'10',1817,,19569,16,4,,1,30,,19576,16,4,,1,70,,19564,16,4,,1,30,,19573,16,4,,1,70,,19581,16,4,,1,30,,19568,16,4,,1,70,,19565,16,4,,1,30,,14889,16,4,,1,70,,19574,16,4,,1,30,,19567,16,4,,1,70,,19570,16,4,,1,30,,15461,16,4,,1
21600,'5',717,,19618,16,4,,1,30,,19590,16,4,,1,70,,19593,16,4,,1,30,,19586,16,4,,1,70,,19632,16,4,,1,30,,19588,16,4,,1,70,,19603,16,4,,1,30,,19587,16,4,,1,70,,19633,16,4,,1,30,,19607,16,4,,1,70,,19619,16,4,,1,30,,16610,16,4,,1,70,,19612,16,4,,1,30,,19601,16,4,,1,70,,19624,16,4,,1,30,,19625,16,4,,1,70,,19630,16,4,,1,30,,19595,16,4,,1,70,,19614,16,4,,1,30,,19585,16,4,,1,70,,16716,16,4,,1,30,,19609,16,4,,1,70,,19605,16,4,,1,30,,19616,16,4,,1,70,,19610,16,4,,1,30,,19602,16,4,,1,70,,19631,16,4,,1,30,,19623,16,4,,1,70,,19621,16,4,,1
21600,'7',1817,,19641,16,4,,1,30,,19648,16,4,,1,70,,19636,16,4,,1,30,,19645,16,4,,1,70,,15897,16,4,,1,30,,19640,16,4,,1,70,,19637,16,4,,1,30,,14866,16,4,,1,70,,19646,16,4,,1,30,,19639,16,4,,1,70,,19642,16,4,,1,30,,15449,16,4,,1
21601,'10',1805,,19665,1,0,9 3 10 16,1,30,,19659,1,0,9 3 10 16,1,70,,19657,1,0,9 3 10 16,1,30,,19661,1,0,9 3 10 16,1,70,,19655,1,0,9 3 10 16,1,30,,19669,1,0,9 3 10 16,1,70,,19670,1,0,9 3 10 16,1,30,,19663,1,0,9 3 10 16,1,70,,19671,1,0,9 3 10 16,1,30,,19656,1,0,9 3 10 16,1,70,,19662,1,0,9 3 10 16,1
21601,'5',635,,16812,1,0,9 3 10 16,1,70,,16429,1,0,9 3 10 16,1,30,,16293,1,0,9 3 10 16,1,70,,19724,1,0,9 3 10 16,1,30,,19687,1,0,9 3 10 16,1,70,,19723,1,0,9 3 10 16,1,30,,19691,1,0,9 3 10 16,1,70,,19700,1,0,9 3 10 16,1,30,,19677,1,0,9 3 10 16,1,70,,19698,1,0,9 3 10 16,1,30,,19678,1,0,9 3 10 16,1,70,,19682,1,0,9 3 10 16,1,30,,19710,1,0,9 3 10 16,1,70,,19716,1,0,9 3 10 16,1,30,,19680,1,0,9 3 10 16,1,70,,19719,1,0,9 3 10 16,1,30,,19683,1,0,9 3 10 16,1,70,,19717,1,0,9 3 10 16,1,30,,19701,1,0,9 3 10 16,1,70,,19721,1,0,9 3 10 16,1,30,,19709,1,0,9 3 10 16,1,70,,19686,1,0,9 3 10 16,1,30,,19676,1,0,9 3 10 16,1,70,,19702,1,0,9 3 10 16,1,30,,19690,1,0,9 3 10 16,1,70,,19694,1,0,9 3 10 16,1,30,,19684,1,0,9 3 10 16,1,70,,19705,1,0,9 3 10 16,1,30,,19707,1,0,9 3 10 16,1
21601,'7',1805,,19734,1,0,9 3 10 16,1,30,,19728,1,0,9 3 10 16,1,70,,15868,1,0,9 3 10 16,1,30,,19730,1,0,9 3 10 16,1,70,,19725,1,0,9 3 10 16,1,30,,19738,1,0,9 3 10 16,1,70,,19739,1,0,9 3 10 16,1,30,,19732,1,0,9 3 10 16,1,70,,19740,1,0,9 3 10 16,1,30,,19726,1,0,9 3 10 16,1,70,,19731,1,0,9 3 10 16,1
