10501,'10',636,,17676,17,,,1,100,,17663,17,,,1,70,,17670,17,,,1,30,,17666,17,,,1,70,,15680,17,,,1,30,,16119,17,,,1,70,,17685,17,,,1,30,,17671,17,,,1,100,,17673,17,,,1,100,,14676,17,,,1,100,,17675,17,,,1,100,,17667,17,,,1,100,,17684,17,,,1,70,,17689,17,,,1,30,,17665,17,,,1,70,,17674,17,,,1,30,,17679,17,,,1,70,,17692,17,,,1,30,,17686,17,,,1
10501,'7',636,,17710,17,,,1,100,,17695,17,,,1,70,,17720,17,,,1,30,,17696,17,,,1,70,,17697,17,,,1,30,,16078,17,,,1,70,,17714,17,,,1,30,,15871,17,,,1,100,,17705,17,,,1,100,,14663,17,,,1,100,,17708,17,,,1,100,,17698,17,,,1,100,,17699,17,,,1,70,,17719,17,,,1,30,,17715,17,,,1,70,,17711,17,,,1,30,,15280,17,,,1,70,,17707,17,,,1,30,,17703,17,,,1
11300,'10',625,,18387,10,,,1,100,,18364,10,,,1,100,,18384,10,,,1,100,,18388,10,,,1,100,,18368,10,,,1,100,,18358,10,,,1,100,,18377,10,,,1,100,,18376,10,,,1,100,,18363,10,,,1,100,,18386,10,,,1,100,,18362,10,,,1,100,,18379,10,,,1,100,,18359,10,,,1
11300,'7',625,,18419,10,,,1,100,,18400,10,,,1,100,,18416,10,,,1,100,,18422,10,,,1,100,,18408,10,,,1,100,,18396,10,,,1,100,,18425,10,,,1,100,,17000,10,,,1,100,,15425,10,,,1,100,,18398,10,,,1,100,,18411,10,,,1,100,,18403,10,,,1,100,,18421,10,,,1
20501,'10',1935,,19009,17,,,1,100,,19010,17,,,1,100,,19012,17,,,1,100,,19008,17,,,1
20501,'5',735,,19027,17,,,1,100,,19020,17,,,1,100,,19018,17,,,1,100,,19015,17,,,1,100,,19036,17,,,1,100,,19017,17,,,1,100,,19038,17,,,1,100,,19032,17,,,1,100,,19022,17,,,1,100,,19037,17,,,1,100,,19021,17,,,1,100,,19034,17,,,1,100,,19033,17,,,1,100,,17123,17,,,1
20501,'7',1935,,19040,17,,,1,100,,19041,17,,,1,100,,19043,17,,,1,100,,19039,17,,,1
21300,'10',1925,,19444,10,,,1,100,,19446,10,,,1,100,,19445,10,,,1,100,,19443,10,,,1
21300,'5',725,,19452,10,,,1,100,,19457,10,,,1,100,,19459,10,,,1,100,,19453,10,,,1,100,,19450,10,,,1,100,,19456,10,,,1,100,,19455,10,,,1,100,,19454,10,,,1,100,,19447,10,,,1,100,,19458,10,,,1,100,,19451,10,,,1,100,,19448,10,,,1,100,,19449,10,,,1
21300,'7',1925,,19461,10,,,1,100,,19463,10,,,1,100,,19462,10,,,1,100,,19460,10,,,1
