10501,'10',636,,17676,18,,,1,100,,17663,18,,,1,70,,17670,18,,,1,30,,17666,18,,,1,70,,15680,18,,,1,30,,16119,18,,,1,70,,17685,18,,,1,30,,17671,18,,,1,100,,17673,18,,,1,100,,14676,18,,,1,100,,17675,18,,,1,100,,17667,18,,,1,100,,17684,18,,,1,70,,17689,18,,,1,30,,17665,18,,,1,70,,17674,18,,,1,30,,17679,18,,,1,70,,17692,18,,,1,30,,17686,18,,,1
10501,'7',636,,17710,18,,,1,100,,17695,18,,,1,70,,17720,18,,,1,30,,17696,18,,,1,70,,17697,18,,,1,30,,16078,18,,,1,70,,17714,18,,,1,30,,15871,18,,,1,100,,17705,18,,,1,100,,14663,18,,,1,100,,17708,18,,,1,100,,17698,18,,,1,100,,17699,18,,,1,70,,17719,18,,,1,30,,17715,18,,,1,70,,17711,18,,,1,30,,15280,18,,,1,70,,17707,18,,,1,30,,17703,18,,,1
11300,'10',626,,18387,11,,,1,100,,18364,11,,,1,100,,18384,11,,,1,100,,18388,11,,,1,100,,18368,11,,,1,100,,18358,11,,,1,100,,18377,11,,,1,100,,18376,11,,,1,100,,18363,11,,,1,100,,18386,11,,,1,100,,18362,11,,,1,100,,18379,11,,,1,100,,18359,11,,,1
11300,'7',626,,18419,11,,,1,100,,18400,11,,,1,100,,18416,11,,,1,100,,18422,11,,,1,100,,18408,11,,,1,100,,18396,11,,,1,100,,18425,11,,,1,100,,17000,11,,,1,100,,15425,11,,,1,100,,18398,11,,,1,100,,18411,11,,,1,100,,18403,11,,,1,100,,18421,11,,,1
20501,'10',1935,,19009,18,,,1,100,,19010,18,,,1,100,,19012,18,,,1,100,,19008,18,,,1
20501,'5',735,,19027,18,,,1,100,,19020,18,,,1,100,,19018,18,,,1,100,,19015,18,,,1,100,,19036,18,,,1,100,,19017,18,,,1,100,,19038,18,,,1,100,,19032,18,,,1,100,,19022,18,,,1,100,,19037,18,,,1,100,,19021,18,,,1,100,,19034,18,,,1,100,,19033,18,,,1,100,,17123,18,,,1
20501,'7',1935,,19040,18,,,1,100,,19041,18,,,1,100,,19043,18,,,1,100,,19039,18,,,1
21300,'10',1926,,19444,11,,,1,100,,19446,11,,,1,100,,19445,11,,,1,100,,19443,11,,,1
21300,'5',726,,19452,11,,,1,100,,19457,11,,,1,100,,19459,11,,,1,100,,19453,11,,,1,100,,19450,11,,,1,100,,19456,11,,,1,100,,19455,11,,,1,100,,19454,11,,,1,100,,19447,11,,,1,100,,19458,11,,,1,100,,19451,11,,,1,100,,19448,11,,,1,100,,19449,11,,,1
21300,'7',1926,,19461,11,,,1,100,,19463,11,,,1,100,,19462,11,,,1,100,,19460,11,,,1
