10201,'10',628,,17304,3,4,,1,2,,17314,1,0,7 1 8,1,28,,17311,3,4,,1,42,,17302,1,0,7 1 8,1,28,,17331,3,4,,1,2,,17307,1,0,7 1 8,1,28,,17306,3,4,,1,42,,17300,1,0,7 1 8,1,28,,12531,3,4,,1,2,,17337,1,0,7 1 8,1,28,,17347,3,4,,1,42,,17344,1,0,7 1 8,1,28,,17308,3,4,,1,2,,15310,1,0,7 1 8,1,28,,17325,3,4,,1,72,,17322,3,4,,1,98,,17324,3,4,,1,2,,17335,1,0,7 1 8,1,98,,17336,3,4,,1,2,,17312,1,0,7 1 8,1,98,,17315,3,4,,1,2,,17334,1,0,7 1 8,1,98,,17330,3,4,,1,2,,17346,1,0,7 1 8,1,28,,17309,3,4,,1,42,,17316,1,0,7 1 8,1,28,,17345,3,4,,1,2,,17303,1,0,7 1 8,1,28,,17320,3,4,,1,42,,17342,1,0,7 1 8,1,28,,17332,3,4,,1,2,,16093,1,0,7 1 8,1,28,,17341,3,4,,1,42,,17305,1,0,7 1 8,1,28,,15642,3,4,,1,2,,17328,1,0,7 1 8,1,28,,17321,3,4,,1,70,,17329,3,4,,1
10201,'7',628,,17356,3,4,,1,2,,17364,1,0,7 1 8,1,28,,17361,3,4,,1,42,,17353,1,0,7 1 8,1,28,,17379,3,4,,1,2,,17359,1,0,7 1 8,1,28,,17358,3,4,,1,42,,17354,1,0,7 1 8,1,28,,12515,3,4,,1,2,,17384,1,0,7 1 8,1,28,,17368,3,4,,1,42,,17395,1,0,7 1 8,1,28,,17360,3,4,,1,2,,15252,1,0,7 1 8,1,28,,17372,3,4,,1,72,,17371,3,4,,1,98,,17376,3,4,,1,2,,17349,1,0,7 1 8,1,98,,17383,3,4,,1,2,,17363,1,0,7 1 8,1,98,,17348,3,4,,1,2,,17352,1,0,7 1 8,1,98,,17378,3,4,,1,2,,17394,1,0,7 1 8,1,28,,17373,3,4,,1,42,,17396,1,0,7 1 8,1,28,,17362,3,4,,1,2,,17390,1,0,7 1 8,1,28,,17389,3,4,,1,42,,17392,1,0,7 1 8,1,28,,15740,3,4,,1,2,,16053,1,0,7 1 8,1,28,,17351,3,4,,1,42,,17367,1,0,7 1 8,1,28,,17365,3,4,,1,2,,17380,1,0,7 1 8,1,28,,17369,3,4,,1,70,,17377,3,4,,1
10401,'10',615,,17533,1,,,1,28,,17541,7,4,,1,2,,17511,1,,,1,68,,17526,7,4,,1,2,,17534,1,,,1,28,,17546,7,4,,1,2,,17513,1,,,1,68,,17518,7,4,,1,2,,17007,1,,,1,28,,17530,7,4,,1,2,,17547,1,,,1,68,,17509,7,4,,1,2,,17539,1,,,1,28,,17517,7,4,,1,2,,17537,1,,,1,68,,17535,7,4,,1,2,,17549,1,,,1,28,,15224,7,4,,1,2,,17542,1,,,1,68,,17506,7,4,,1,2,,17527,1,,,1,28,,17540,7,4,,1,2,,17543,1,,,1,68,,17514,7,4,,1,2,,17524,1,,,1,28,,17523,7,4,,1,2,,17515,1,,,1,68,,17516,7,4,,1,2,,17548,1,,,1,28,,17512,7,4,,1,2,,17544,1,,,1,68,,17529,7,4,,1,2,,17550,1,,,1,28,,17536,7,4,,1,2,,17532,1,,,1,68,,17510,7,4,,1,2,,17522,1,,,1,28,,17525,7,4,,1,2,,17519,1,,,1,68,,17507,7,4,,1,2,,17520,1,,,1,28,,14772,7,4,,1,2,,17508,1,,,1,68,,17521,7,4,,1,2,,17538,1,,,1,28,,17545,7,4,,1,2,,17531,1,,,1,68,,16389,7,4,,1,2,,17505,1,,,1,28,,17528,7,4,,1
10401,'7',615,,17568,1,,,1,28,,17585,7,4,,1,2,,17557,1,,,1,68,,17576,7,4,,1,2,,17559,1,,,1,28,,17590,7,4,,1,2,,17560,1,,,1,68,,17573,7,4,,1,2,,17571,1,,,1,28,,17580,7,4,,1,2,,17591,1,,,1,68,,17581,7,4,,1,2,,15799,1,,,1,28,,17563,7,4,,1,2,,17588,1,,,1,68,,17589,7,4,,1,2,,15895,1,,,1,28,,17577,7,4,,1,2,,17593,1,,,1,68,,17569,7,4,,1,2,,16267,1,,,1,28,,17586,7,4,,1,2,,16484,1,,,1,68,,17561,7,4,,1,2,,17574,1,,,1,28,,17556,7,4,,1,2,,17551,1,,,1,68,,17562,7,4,,1,2,,17592,1,,,1,28,,17558,7,4,,1,2,,17583,1,,,1,68,,17579,7,4,,1,2,,17594,1,,,1,28,,17572,7,4,,1,2,,17564,1,,,1,68,,17555,7,4,,1,2,,17570,1,,,1,28,,17575,7,4,,1,2,,17565,1,,,1,68,,17553,7,4,,1,2,,17566,1,,,1,28,,14721,7,4,,1,2,,17554,1,,,1,68,,17567,7,4,,1,2,,17584,1,,,1,28,,17587,7,4,,1,2,,17582,1,,,1,68,,16371,7,4,,1,2,,17552,1,,,1,28,,17578,7,4,,1
10800,'10',728,,17935,20,4,,1,30,,17942,20,4,,1,70,,17949,20,4,,1,30,,17944,20,4,,1,70,,17939,20,4,,1,30,,14649,20,4,,1,100,,17936,20,4,,1,100,,17946,20,4,,1,100,,17930,20,4,,1,100,,17933,20,4,,1,100,,17950,20,4,,1,70,,17943,20,4,,1,30,,17941,20,4,,1,70,,17953,20,4,,1,30,,17952,20,4,,1,70,,17934,20,4,,1,30,,17951,20,4,,1
10800,'7',728,,15564,20,4,,1,30,,17976,20,4,,1,70,,17959,20,4,,1,30,,17975,20,4,,1,70,,17955,20,4,,1,30,,12938,20,4,,1,100,,17957,20,4,,1,100,,17973,20,4,,1,100,,17963,20,4,,1,100,,17964,20,4,,1,100,,17979,20,4,,1,70,,17972,20,4,,1,30,,17971,20,4,,1,70,,17982,20,4,,1,30,,17981,20,4,,1,70,,17965,20,4,,1,30,,17980,20,4,,1
10801,'10',628,,17990,8,4,,1,2,,13332,1,,,1,28,,17989,8,4,,1,42,,17997,1,,,1,30,,17991,1,,,1,70,,17988,1,,,1,30,,17984,1,,,1,70,,17993,1,,,1,100,,17986,1,,,1,100,,17985,1,,,1,100,,17995,1,,,1,100,,17992,1,,,1,100,,17994,1,,,1,30,,17998,1,,,1,70,,14744,1,,,1,30,,17987,1,,,1,70,,16031,1,,,1,30,,17996,1,,,1,70,,17999,1,,,1
10801,'7',628,,15995,8,4,,1,2,,18007,1,,,1,28,,18008,8,4,,1,42,,18006,1,,,1,30,,18002,1,,,1,70,,18001,1,,,1,30,,15072,1,,,1,70,,15745,1,,,1,100,,18004,1,,,1,100,,18000,1,,,1,100,,18010,1,,,1,100,,18005,1,,,1,100,,18009,1,,,1,30,,18012,1,,,1,70,,14693,1,,,1,30,,18003,1,,,1,70,,15998,1,,,1,30,,18011,1,,,1,70,,18013,1,,,1
20301,'10',2410,,16215,19,4,,1
20301,'7',2410,,16131,19,4,,1
20401,'10',1845,,18886,1,,,1,69,,18895,7,4,,1,1,,18885,1,,,1,29,,16891,7,4,,1,1,,18893,1,,,1,69,,18884,7,4,,1,1,,18894,1,,,1,29,,18899,7,4,,1,1,,18891,1,,,1,69,,18898,7,4,,1,1,,18892,1,,,1,29,,18897,7,4,,1,1,,18883,1,,,1,69,,15843,7,4,,1,1,,18887,1,,,1,29,,18888,7,4,,1,1,,18890,1,,,1,69,,18900,7,4,,1,1,,18896,1,,,1,29,,18889,7,4,,1
20401,'5',715,,18928,1,,,1,29,,18922,7,4,,1,1,,18937,1,,,1,69,,16549,7,4,,1,1,,18938,1,,,1,29,,18909,7,4,,1,1,,18917,1,,,1,69,,18929,7,4,,1,1,,18912,1,,,1,29,,18916,7,4,,1,1,,18914,1,,,1,69,,18940,7,4,,1,1,,18920,1,,,1,29,,18915,7,4,,1,1,,18906,1,,,1,69,,18913,7,4,,1,1,,18934,1,,,1,29,,18945,7,4,,1,1,,18907,1,,,1,69,,18943,7,4,,1,1,,18905,1,,,1,29,,18951,7,4,,1,1,,18942,1,,,1,69,,18933,7,4,,1,1,,18927,1,,,1,29,,18925,7,4,,1,1,,18948,1,,,1,69,,18919,7,4,,1,1,,18947,1,,,1,29,,18952,7,4,,1,1,,18902,1,,,1,69,,18923,7,4,,1,1,,18950,1,,,1,29,,18918,7,4,,1,1,,18931,1,,,1,69,,18946,7,4,,1,1,,18949,1,,,1,29,,18908,7,4,,1,1,,18944,1,,,1,69,,18926,7,4,,1,1,,18911,1,,,1,29,,18903,7,4,,1,1,,18904,1,,,1,69,,18901,7,4,,1,1,,18930,1,,,1,29,,17219,7,4,,1,1,,18921,1,,,1,69,,18924,7,4,,1,1,,18936,1,,,1,29,,18941,7,4,,1,1,,18932,1,,,1,69,,16480,7,4,,1,1,,18939,1,,,1,29,,18935,7,4,,1,1,,18910,1,,,1,69,,16918,7,4,,1
20401,'7',1845,,18956,1,,,1,69,,18965,7,4,,1,1,,18955,1,,,1,29,,16882,7,4,,1,1,,18963,1,,,1,69,,18954,7,4,,1,1,,18964,1,,,1,29,,18969,7,4,,1,1,,18961,1,,,1,69,,18968,7,4,,1,1,,18962,1,,,1,29,,18967,7,4,,1,1,,18953,1,,,1,69,,15813,7,4,,1,1,,18957,1,,,1,29,,18958,7,4,,1,1,,18960,1,,,1,69,,18970,7,4,,1,1,,18966,1,,,1,29,,18959,7,4,,1
