10800,'10',701,,17932,4,,,1,30,,17931,4,,,1,70,,17924,4,,,1,30,,15154,4,,,1,70,,17945,4,,,1,30,,17929,4,,,1,100,,17927,4,,,1,100,,17928,4,,,1,100,,16388,4,,,1,100,,17938,4,,,1,100,,17937,4,,,1,70,,17940,4,,,1,30,,17925,4,,,1,70,,17948,4,,,1,30,,17926,4,,,1,70,,17947,4,,,1,30,,17923,4,,,1
10800,'7',701,,16222,4,,,1,30,,17977,4,,,1,70,,17970,4,,,1,30,,17983,4,,,1,70,,17962,4,,,1,30,,17966,4,,,1,100,,17958,4,,,1,100,,17961,4,,,1,100,,16370,4,,,1,100,,17968,4,,,1,100,,17967,4,,,1,70,,17969,4,,,1,30,,17956,4,,,1,70,,17978,4,,,1,30,,17960,4,,,1,70,,17974,4,,,1,30,,17954,4,,,1
10900,'10',703,,18014,4,,,1,100,,18020,4,,,1,100,,18021,4,,,1,100,,18019,4,,,1,100,,16763,4,,,1,100,,18017,4,,,1,100,,18015,4,,,1,100,,18018,4,,,1,100,,14471,4,,,1,100,,15778,4,,,1,100,,18022,4,,,1,100,,18016,4,,,1
10900,'7',703,,18023,4,,,1,100,,18028,4,,,1,100,,18029,4,,,1,100,,18027,4,,,1,100,,16756,4,,,1,100,,18026,4,,,1,100,,18024,4,,,1,100,,16671,4,,,1,100,,14449,4,,,1,100,,15759,4,,,1,100,,18030,4,,,1,100,,18025,4,,,1
11400,'10',631,,18500,4,,,1,100,,18493,4,,,1,100,,18502,4,,,1,100,,18494,4,,,1,100,,18496,4,,,1,100,,18499,4,,,1,100,,15532,4,,,1,100,,18492,4,,,1,100,,18497,4,,,1,100,,18498,4,,,1,100,,18501,4,,,1,100,,18495,4,,,1
11400,'7',631,,18511,4,,,1,100,,18504,4,,,1,100,,18513,4,,,1,100,,18505,4,,,1,100,,18507,4,,,1,100,,18510,4,,,1,100,,15488,4,,,1,100,,18503,4,,,1,100,,18508,4,,,1,100,,18509,4,,,1,100,,18512,4,,,1,100,,18506,4,,,1
20900,'10',1901,,19175,4,,,1,100,,19172,4,,,1,100,,19173,4,,,1,100,,19174,4,,,1
20900,'5',801,,19180,4,,,1,100,,19185,4,,,1,100,,19179,4,,,1,100,,19181,4,,,1,100,,19183,4,,,1,100,,19187,4,,,1,100,,16416,4,,,1,100,,19177,4,,,1,100,,19184,4,,,1,100,,19186,4,,,1,100,,19182,4,,,1,100,,19176,4,,,1,100,,19178,4,,,1
20900,'7',1901,,19189,4,,,1,100,,19191,4,,,1,100,,19190,4,,,1,100,,19188,4,,,1
21400,'10',1831,,15131,3,,,1,100,,19525,3,,,1,100,,19524,3,,,1,100,,16587,3,,,1,100,,19523,3,,,1
21400,'5',731,,19534,3,,,1,100,,19532,3,,,1,100,,19528,3,,,1,100,,19536,3,,,1,100,,19526,3,,,1,100,,19533,3,,,1,100,,19531,3,,,1,100,,19529,3,,,1,100,,19527,3,,,1,100,,16300,3,,,1,100,,19537,3,,,1,100,,19530,3,,,1,100,,19535,3,,,1
21400,'7',1831,,15095,3,,,1,100,,19538,3,,,1,100,,19539,3,,,1,100,,19541,3,,,1,100,,19540,3,,,1
