10600,'10',642,,17731,11,,,1,100,,17729,11,,,1,70,,17738,11,,,1,30,,17725,11,,,1,70,,17730,11,,,1,30,,17724,11,,,1,100,,17732,11,,,1,100,,17733,11,,,1,100,,17737,11,,,1,100,,15777,11,,,1,100,,15043,11,,,1,70,,17736,11,,,1,30,,17728,11,,,1,70,,17735,11,,,1,32,,17726,11,,,1,68,,17727,11,,,1,32,,17734,11,,,1
10600,'7',642,,17746,11,,,1,100,,15653,11,,,1,70,,17740,11,,,1,30,,17742,11,,,1,70,,17741,11,,,1,30,,17739,11,,,1,100,,17747,11,,,1,100,,17748,11,,,1,100,,17750,11,,,1,100,,15758,11,,,1,100,,15011,11,,,1,70,,17744,11,,,1,30,,17745,11,,,1,70,,15703,11,,,1,32,,17743,11,,,1,68,,17751,11,,,1,32,,17749,11,,,1
10601,'10',606,,17762,17,,,1,100,,17755,17,,,1,30,,17758,17,,,1,70,,17763,17,,,1,30,,17767,17,,,1,70,,17760,17,,,1,100,,15734,17,,,1,100,,17759,17,,,1,100,,17761,17,,,1,100,,17768,17,,,1,100,,17754,17,,,1,30,,17756,17,,,1,70,,17764,17,,,1,30,,17753,17,,,1,70,,17769,17,,,1,30,,17757,17,,,1,70,,14683,17,,,1,30,,17766,17,,,1,70,,17752,17,,,1
10601,'7',606,,17783,17,,,1,100,,17773,17,,,1,30,,17779,17,,,1,70,,17784,17,,,1,30,,17770,17,,,1,70,,17781,17,,,1,100,,15711,17,,,1,100,,17777,17,,,1,100,,17782,17,,,1,100,,17786,17,,,1,100,,17772,17,,,1,30,,17774,17,,,1,70,,17785,17,,,1,30,,17776,17,,,1,70,,17787,17,,,1,30,,17775,17,,,1,70,,14670,17,,,1,30,,17780,17,,,1,70,,17771,17,,,1
20600,'10',1813,,19049,16,,,1,29,,19048,16,,,1,70,,19050,16,,,1,31,,16490,16,,,1,70,,19051,16,,,1,30,,19045,16,,,1,69,,15053,16,,,1,30,,19047,16,,,1,70,,19046,16,,,1,30,,19052,16,,,1
20600,'5',742,,16814,16,,,1,70,,19068,16,,,1,30,,19075,16,,,1,70,,19073,16,,,1,30,,19072,16,,,1,70,,19071,16,,,1,30,,19066,16,,,1,71,,19057,16,,,1,29,,19069,16,,,1,70,,19070,16,,,1,30,,19065,16,,,1,70,,19064,16,,,1,30,,19074,16,,,1,71,,19055,16,,,1,29,,19077,16,,,1,70,,19053,16,,,1,30,,19061,16,,,1,70,,19067,16,,,1,30,,19059,16,,,1,70,,19076,16,,,1,30,,19056,16,,,1,70,,19058,16,,,1,31,,19054,16,,,1,69,,19060,16,,,1,30,,19062,16,,,1,70,,19063,16,,,1
20600,'7',1813,,19078,16,,,1,29,,19081,16,,,1,70,,15365,16,,,1,31,,16483,16,,,1,70,,19083,16,,,1,30,,19079,16,,,1,69,,15020,16,,,1,30,,19080,16,,,1,70,,19082,16,,,1,30,,19084,16,,,1
20601,'10',1836,,19101,7,,,1,70,,19085,7,,,1,30,,19091,7,,,1,70,,19098,7,,,1,30,,16925,7,,,1,70,,19087,7,,,1,30,,19090,7,,,1,70,,15401,7,,,1,30,,19094,7,,,1,70,,19086,7,,,1
20601,'5',706,,19141,7,,,1,30,,19135,7,,,1,70,,19152,7,,,1,30,,19132,7,,,1,70,,19131,7,,,1,30,,19102,7,,,1,70,,19103,7,,,1,30,,17192,7,,,1,70,,19107,7,,,1,30,,19130,7,,,1,70,,19113,7,,,1,30,,19120,7,,,1,70,,19109,7,,,1,30,,19116,7,,,1,70,,19137,7,,,1,30,,19138,7,,,1,70,,19153,7,,,1,30,,19124,7,,,1,70,,19148,7,,,1,30,,19146,7,,,1,70,,19115,7,,,1,30,,19125,7,,,1,70,,19136,7,,,1,30,,19128,7,,,1,70,,19119,7,,,1,30,,17125,7,,,1,70,,19129,7,,,1,30,,19106,7,,,1
20601,'7',1836,,19159,7,,,1,70,,19154,7,,,1,30,,19166,7,,,1,70,,19170,7,,,1,30,,16014,7,,,1,70,,19161,7,,,1,30,,19164,7,,,1,70,,15370,7,,,1,30,,19169,7,,,1,70,,19155,7,,,1
