10100,'10',709,,17246,17,,,1,30,,17239,17,,,1,70,,17236,17,,,1,30,,17248,17,,,1,70,,17235,17,,,1,30,,17245,17,,,1,70,,17247,17,,,1,100,,17250,17,,,1,100,,17243,17,,,1,100,,17234,17,,,1,100,,17238,17,,,1,100,,17249,17,,,1,30,,17240,17,,,1,70,,17241,17,,,1,30,,17237,17,,,1,70,,17242,17,,,1,30,,17244,17,,,1,70,,17233,17,,,1
10100,'7',709,,17263,17,,,1,30,,17252,17,,,1,70,,17255,17,,,1,30,,17265,17,,,1,70,,17254,17,,,1,30,,17257,17,,,1,70,,17264,17,,,1,100,,17267,17,,,1,100,,17258,17,,,1,100,,17253,17,,,1,100,,17260,17,,,1,100,,17266,17,,,1,30,,17256,17,,,1,70,,17153,17,,,1,30,,17251,17,,,1,70,,17262,17,,,1,30,,17259,17,,,1,70,,17261,17,,,1
10300,'10',644,,17403,25,,,1,100,,17409,25,,,1,70,,17408,25,,,1,30,,14899,25,,,1,70,,17404,25,,,1,30,,17397,25,,,1,70,,17406,25,,,1,30,,17400,25,,,1,100,,17407,25,,,1,100,,17401,25,,,1,100,,17411,25,,,1,100,,17399,25,,,1,100,,16894,25,,,1,70,,15047,25,,,1,30,,17402,25,,,1,70,,14645,25,,,1,30,,17405,25,,,1,70,,17410,25,,,1,30,,17398,25,,,1
10300,'7',644,,17429,25,,,1,100,,17419,25,,,1,70,,17417,25,,,1,30,,17427,25,,,1,70,,17420,25,,,1,30,,17428,25,,,1,70,,17413,25,,,1,30,,17414,25,,,1,100,,17425,25,,,1,100,,17422,25,,,1,100,,17418,25,,,1,100,,17421,25,,,1,100,,16885,25,,,1,70,,17424,25,,,1,30,,17415,25,,,1,70,,17426,25,,,1,30,,17423,25,,,1,70,,17416,25,,,1,30,,17412,25,,,1
11100,'10',608,,18207,13,,,1,30,,18210,13,,,1,70,,18199,13,,,1,30,,18219,13,,,1,70,,18212,13,,,1,30,,18217,13,,,1,70,,18221,13,,,1,30,,18222,13,,,1,70,,18201,13,,,1,30,,18213,13,,,1,70,,18208,13,,,1,30,,18211,13,,,1,70,,18200,13,,,1,30,,18203,13,,,1,70,,18204,13,,,1,30,,18206,13,,,1,70,,18216,13,,,1,30,,18220,13,,,1,70,,18198,13,,,1,30,,18202,13,,,1,70,,18214,13,,,1,30,,18205,13,,,1,70,,18215,13,,,1,30,,16096,13,,,1,70,,18209,13,,,1,30,,18218,13,,,1
11100,'7',608,,18230,13,,,1,30,,18233,13,,,1,70,,18223,13,,,1,30,,18239,13,,,1,70,,18235,13,,,1,30,,18238,13,,,1,70,,13744,13,,,1,30,,18246,13,,,1,70,,18242,13,,,1,30,,18236,13,,,1,70,,18231,13,,,1,30,,15487,13,,,1,70,,18240,13,,,1,30,,18227,13,,,1,70,,18226,13,,,1,30,,18245,13,,,1,70,,18237,13,,,1,30,,18241,13,,,1,70,,18244,13,,,1,30,,18224,13,,,1,70,,18234,13,,,1,30,,18243,13,,,1,70,,18225,13,,,1,30,,18229,13,,,1,70,,18228,13,,,1,30,,18232,13,,,1
11201,'10',730,,18326,29,,,1,100,,18331,29,,,1,100,,18332,29,,,1,100,,18328,29,,,1,100,,17177,29,,,1,100,,18321,29,,,1,100,,15784,29,,,1,100,,18316,29,,,1,100,,18318,29,,,1,100,,18324,29,,,1,100,,18320,29,,,1
11201,'7',730,,18348,29,,,1,100,,18352,29,,,1,100,,18337,29,,,1,100,,18339,29,,,1,100,,17162,29,,,1,100,,18340,29,,,1,100,,15767,29,,,1,100,,18333,29,,,1,100,,18335,29,,,1,100,,18344,29,,,1,100,,18338,29,,,1
20300,'10',1913,,18758,26,,,1,30,,18761,26,,,1,70,,18755,26,,,1,30,,18757,26,,,1,70,,18756,26,,,1,30,,18754,26,,,1,70,,18759,26,,,1,30,,18760,26,,,1,70,,18762,26,,,1
20300,'5',743,,18785,26,,,1,70,,18763,26,,,1,30,,18783,26,,,1,70,,18765,26,,,1,30,,18771,26,,,1,70,,18776,26,,,1,30,,18770,26,,,1,70,,18781,26,,,1,30,,18773,26,,,1,70,,18779,26,,,1,30,,18777,26,,,1,70,,16915,26,,,1,30,,16464,26,,,1,70,,18767,26,,,1,30,,18764,26,,,1,70,,18782,26,,,1,30,,18766,26,,,1,70,,18768,26,,,1,30,,18772,26,,,1,70,,18780,26,,,1,30,,18774,26,,,1,70,,18786,26,,,1,30,,16403,26,,,1,70,,18775,26,,,1,30,,18784,26,,,1,70,,18778,26,,,1,30,,18769,26,,,1
20300,'7',1913,,18787,26,,,1,30,,18794,26,,,1,70,,18790,26,,,1,30,,18791,26,,,1,70,,15742,26,,,1,30,,18788,26,,,1,70,,18792,26,,,1,30,,18793,26,,,1,70,,18789,26,,,1
21100,'10',1908,,19368,13,,,1,30,,19363,13,,,1,70,,14978,13,,,1,30,,19366,13,,,1,70,,19364,13,,,1,30,,19365,13,,,1,70,,19361,13,,,1,30,,19367,13,,,1,70,,19362,13,,,1
21100,'5',738,,19387,13,,,1,70,,19381,13,,,1,30,,19390,13,,,1,70,,19385,13,,,1,30,,19379,13,,,1,70,,19392,13,,,1,30,,19369,13,,,1,70,,19374,13,,,1,30,,19372,13,,,1,70,,19393,13,,,1,30,,19386,13,,,1,70,,16594,13,,,1,30,,19373,13,,,1,70,,19391,13,,,1,30,,19380,13,,,1,70,,19382,13,,,1,30,,16856,13,,,1,70,,19389,13,,,1,30,,19376,13,,,1,70,,19378,13,,,1,30,,19371,13,,,1,70,,19383,13,,,1,30,,19375,13,,,1,70,,19384,13,,,1,30,,19370,13,,,1,70,,19388,13,,,1,30,,19377,13,,,1
21100,'7',1908,,19394,13,,,1,30,,19398,13,,,1,70,,14932,13,,,1,30,,19399,13,,,1,70,,19395,13,,,1,30,,19400,13,,,1,70,,19396,13,,,1,30,,19397,13,,,1,70,,14798,13,,,1
