10201,'10',644,,17314,18,4,,1,1,,17327,1,,,1,69,,17302,18,4,,1,1,,17323,1,,,1,29,,17307,18,4,,1,1,,17338,1,,,1,69,,17300,18,4,,1,1,,17339,1,,,1,29,,17337,18,4,,1,1,,15225,1,,,1,69,,17344,18,4,,1,1,,17340,1,,,1,29,,15310,18,4,,1,1,,15198,1,,,1,99,,17333,18,4,,1,1,,17326,1,,,1,99,,17335,18,4,,1,1,,17318,1,,,1,99,,17312,18,4,,1,1,,14846,1,,,1,99,,17334,18,4,,1,1,,17317,1,,,1,99,,17346,18,4,,1,1,,17301,1,,,1,69,,17316,18,4,,1,1,,17299,1,,,1,29,,17303,18,4,,1,1,,15907,1,,,1,69,,17342,18,4,,1,1,,17319,1,,,1,29,,16093,18,4,,1,1,,17343,1,,,1,69,,17305,18,4,,1,1,,17313,1,,,1,29,,17328,18,4,,1,1,,17310,1,,,1
10201,'7',644,,17364,18,4,,1,1,,17375,1,,,1,69,,17353,18,4,,1,1,,17386,1,,,1,29,,17359,18,4,,1,1,,17385,1,,,1,69,,17354,18,4,,1,1,,17388,1,,,1,29,,17384,18,4,,1,1,,15211,1,,,1,69,,17395,18,4,,1,1,,12625,1,,,1,29,,15252,18,4,,1,1,,15181,1,,,1,99,,17381,18,4,,1,1,,17374,1,,,1,99,,17349,18,4,,1,1,,17350,1,,,1,99,,17363,18,4,,1,1,,14827,1,,,1,99,,17352,18,4,,1,1,,17382,1,,,1,99,,17394,18,4,,1,1,,17355,1,,,1,69,,17396,18,4,,1,1,,17366,1,,,1,29,,17390,18,4,,1,1,,17357,1,,,1,69,,17392,18,4,,1,1,,17387,1,,,1,29,,16053,18,4,,1,1,,17393,1,,,1,69,,17367,18,4,,1,1,,17391,1,,,1,29,,17380,18,4,,1,1,,17370,1,,,1
10800,'10',700,,17932,1,,,1,30,,17931,1,,,1,70,,17924,1,,,1,30,,15154,1,,,1,70,,17945,1,,,1,30,,17929,1,,,1,100,,17927,1,,,1,100,,17928,1,,,1,100,,16388,1,,,1,100,,17938,1,,,1,100,,17937,1,,,1,70,,17940,1,,,1,30,,17925,1,,,1,70,,17948,1,,,1,30,,17926,1,,,1,70,,17947,1,,,1,30,,17923,1,,,1
10800,'7',700,,16222,1,,,1,30,,17977,1,,,1,70,,17970,1,,,1,30,,17983,1,,,1,70,,17962,1,,,1,30,,17966,1,,,1,100,,17958,1,,,1,100,,17961,1,,,1,100,,16370,1,,,1,100,,17968,1,,,1,100,,17967,1,,,1,70,,17969,1,,,1,30,,17956,1,,,1,70,,17978,1,,,1,30,,17960,1,,,1,70,,17974,1,,,1,30,,17954,1,,,1
10801,'10',652,,13332,35,4,,1,70,,17997,35,4,,1,30,,17991,35,4,,1,70,,17988,35,4,,1,30,,17984,35,4,,1,70,,17993,35,4,,1,100,,17986,35,4,,1,100,,17985,35,4,,1,100,,17995,35,4,,1,100,,17992,35,4,,1,100,,17994,35,4,,1,30,,17998,35,4,,1,70,,14744,35,4,,1,30,,17987,35,4,,1,70,,16031,35,4,,1,30,,17996,35,4,,1,70,,17999,35,4,,1
10801,'7',652,,18007,35,4,,1,70,,18006,35,4,,1,30,,18002,35,4,,1,70,,18001,35,4,,1,30,,15072,35,4,,1,70,,15745,35,4,,1,100,,18004,35,4,,1,100,,18000,35,4,,1,100,,18010,35,4,,1,100,,18005,35,4,,1,100,,18009,35,4,,1,30,,18012,35,4,,1,70,,14693,35,4,,1,30,,18003,35,4,,1,70,,15998,35,4,,1,30,,18011,35,4,,1,70,,18013,35,4,,1
10900,'10',700,,18014,1,,,1,100,,18020,1,,,1,100,,18021,1,,,1,100,,18019,1,,,1,100,,16763,1,,,1,100,,18017,1,,,1,100,,18015,1,,,1,100,,18018,1,,,1,100,,14471,1,,,1,100,,15778,1,,,1,100,,18022,1,,,1,100,,18016,1,,,1
10900,'7',700,,18023,1,,,1,100,,18028,1,,,1,100,,18029,1,,,1,100,,18027,1,,,1,100,,16756,1,,,1,100,,18026,1,,,1,100,,18024,1,,,1,100,,16671,1,,,1,100,,14449,1,,,1,100,,15759,1,,,1,100,,18030,1,,,1,100,,18025,1,,,1
10901,'10',622,,18068,10,4,,1,100,,18050,10,4,,1,100,,18060,10,4,,1,100,,18062,10,4,,1,100,,18064,10,4,,1,100,,18042,10,4,,1,100,,16586,10,4,,1,100,,18048,10,4,,1,100,,18055,10,4,,1,100,,18056,10,4,,1,100,,18051,10,4,,1,100,,18041,10,4,,1
10901,'7',622,,18108,10,4,,1,100,,18090,10,4,,1,100,,18100,10,4,,1,100,,18102,10,4,,1,100,,18104,10,4,,1,100,,18082,10,4,,1,100,,16567,10,4,,1,100,,18088,10,4,,1,100,,18095,10,4,,1,100,,18096,10,4,,1,100,,18091,10,4,,1,100,,18081,10,4,,1
11000,'10',639,,18132,13,4,,1,70,,18114,13,4,,1,30,,18128,13,4,,1,70,,18130,13,4,,1,30,,18119,13,4,,1,70,,18124,13,4,,1,30,,18113,13,4,,1,70,,18118,13,4,,1,30,,18131,13,4,,1,70,,18116,13,4,,1,30,,15462,13,4,,1,70,,18125,13,4,,1,30,,18129,13,4,,1,70,,18120,13,4,,1,30,,18127,13,4,,1,70,,14677,13,4,,1,30,,18121,13,4,,1,70,,18117,13,4,,1,30,,18122,13,4,,1,70,,18123,13,4,,1,30,,18126,13,4,,1,70,,18112,13,4,,1,30,,14906,13,4,,1,70,,15511,13,4,,1,30,,18115,13,4,,1
11000,'7',639,,18146,13,4,,1,70,,18134,13,4,,1,30,,15987,13,4,,1,70,,18152,13,4,,1,30,,18147,13,4,,1,70,,18148,13,4,,1,30,,18153,13,4,,1,70,,18135,13,4,,1,30,,18142,13,4,,1,70,,18137,13,4,,1,30,,15372,13,4,,1,70,,18136,13,4,,1,30,,18151,13,4,,1,70,,18140,13,4,,1,30,,18150,13,4,,1,70,,18139,13,4,,1,30,,18143,13,4,,1,70,,18141,13,4,,1,30,,18144,13,4,,1,70,,18145,13,4,,1,30,,18149,13,4,,1,70,,18133,13,4,,1,30,,14883,13,4,,1,70,,15467,13,4,,1,30,,18138,13,4,,1
11001,'10',615,,18162,1,,,1,30,,18172,1,,,1,70,,18166,1,,,1,30,,18161,1,,,1,70,,18168,1,,,1,30,,18164,1,,,1,70,,18158,1,,,1,30,,18165,1,,,1,70,,18156,1,,,1,30,,16694,1,,,1,70,,18157,1,,,1,30,,18154,1,,,1,70,,18174,1,,,1,30,,18163,1,,,1,70,,18167,1,,,1,30,,18171,1,,,1,70,,18160,1,,,1,30,,18159,1,,,1,70,,18170,1,,,1,30,,16123,1,,,1,70,,18169,1,,,1,30,,14776,1,,,1,70,,18155,1,,,1,30,,18175,1,,,1,70,,18173,1,,,1
11001,'7',615,,18184,1,,,1,30,,18178,1,,,1,70,,18187,1,,,1,30,,18179,1,,,1,70,,18188,1,,,1,30,,18182,1,,,1,70,,18180,1,,,1,30,,18186,1,,,1,70,,14701,1,,,1,30,,18194,1,,,1,70,,18183,1,,,1,30,,18176,1,,,1,70,,18191,1,,,1,30,,18185,1,,,1,70,,18192,1,,,1,30,,18193,1,,,1,70,,18196,1,,,1,30,,18181,1,,,1,70,,18190,1,,,1,30,,16082,1,,,1,70,,18189,1,,,1,30,,14725,1,,,1,70,,18177,1,,,1,30,,18197,1,,,1,70,,18195,1,,,1
11100,'10',600,,18207,1,,,1,30,,18210,1,,,1,70,,18199,1,,,1,30,,18219,1,,,1,70,,18212,1,,,1,30,,18217,1,,,1,70,,18221,1,,,1,30,,18222,1,,,1,70,,18201,1,,,1,30,,18213,1,,,1,70,,18208,1,,,1,30,,18211,1,,,1,70,,18200,1,,,1,30,,18203,1,,,1,70,,18204,1,,,1,30,,18206,1,,,1,70,,18216,1,,,1,30,,18220,1,,,1,70,,18198,1,,,1,30,,18202,1,,,1,70,,18214,1,,,1,30,,18205,1,,,1,70,,18215,1,,,1,30,,16096,1,,,1,70,,18209,1,,,1,30,,18218,1,,,1
11100,'7',600,,18230,1,,,1,30,,18233,1,,,1,70,,18223,1,,,1,30,,18239,1,,,1,70,,18235,1,,,1,30,,18238,1,,,1,70,,13744,1,,,1,30,,18246,1,,,1,70,,18242,1,,,1,30,,18236,1,,,1,70,,18231,1,,,1,30,,15487,1,,,1,70,,18240,1,,,1,30,,18227,1,,,1,70,,18226,1,,,1,30,,18245,1,,,1,70,,18237,1,,,1,30,,18241,1,,,1,70,,18244,1,,,1,30,,18224,1,,,1,70,,18234,1,,,1,30,,18243,1,,,1,70,,18225,1,,,1,30,,18229,1,,,1,70,,18228,1,,,1,30,,18232,1,,,1
11101,'10',628,,18253,15,4,,1,30,,18249,15,4,,1,70,,18251,15,4,,1,30,,18254,15,4,,1,70,,18265,15,4,,1,30,,18259,15,4,,1,70,,18256,15,4,,1,30,,15584,15,4,,1,70,,18252,15,4,,1,30,,18266,15,4,,1,70,,18250,15,4,,1,30,,18269,15,4,,1,70,,18248,15,4,,1,30,,18270,15,4,,1,70,,18260,15,4,,1,30,,18262,15,4,,1,71,,18247,15,4,,1,30,,18267,15,4,,1,70,,18261,15,4,,1,30,,18255,15,4,,1,70,,18257,15,4,,1,30,,18268,15,4,,1,70,,18264,15,4,,1,30,,18258,15,4,,1,70,,18263,15,4,,1
11101,'7',628,,18276,15,4,,1,30,,18273,15,4,,1,70,,18274,15,4,,1,30,,18278,15,4,,1,70,,18287,15,4,,1,30,,18285,15,4,,1,70,,18282,15,4,,1,30,,15560,15,4,,1,70,,18275,15,4,,1,30,,18291,15,4,,1,70,,18290,15,4,,1,30,,18279,15,4,,1,70,,18272,15,4,,1,30,,18284,15,4,,1,70,,18283,15,4,,1,30,,18292,15,4,,1,71,,18271,15,4,,1,30,,18289,15,4,,1,70,,18288,15,4,,1,30,,18280,15,4,,1,70,,18293,15,4,,1,30,,18281,15,4,,1,70,,18286,15,4,,1,30,,18277,15,4,,1,70,,8868,15,4,,1
11400,'10',630,,18500,1,,,1,100,,18493,1,,,1,100,,18502,1,,,1,100,,18494,1,,,1,100,,18496,1,,,1,100,,18499,1,,,1,100,,15532,1,,,1,100,,18492,1,,,1,100,,18497,1,,,1,100,,18498,1,,,1,100,,18501,1,,,1,100,,18495,1,,,1
11400,'7',630,,18511,1,,,1,100,,18504,1,,,1,100,,18513,1,,,1,100,,18505,1,,,1,100,,18507,1,,,1,100,,18510,1,,,1,100,,15488,1,,,1,100,,18503,1,,,1,100,,18508,1,,,1,100,,18509,1,,,1,100,,18512,1,,,1,100,,18506,1,,,1
11401,'10',656,,18520,34,4,,1,100,,18521,34,4,,1,100,,18519,34,4,,1,100,,18514,34,4,,1,100,,18517,34,4,,1,100,,18516,34,4,,1,100,,18522,34,4,,1,100,,15309,34,4,,1,100,,18518,34,4,,1,100,,18524,34,4,,1,100,,18515,34,4,,1,100,,18523,34,4,,1
11401,'7',656,,18531,34,4,,1,100,,18532,34,4,,1,100,,18530,34,4,,1,100,,18525,34,4,,1,100,,18528,34,4,,1,100,,18527,34,4,,1,100,,18533,34,4,,1,100,,15251,34,4,,1,100,,18529,34,4,,1,100,,18535,34,4,,1,100,,18526,34,4,,1,100,,18534,34,4,,1
11501,'10',708,,18540,11,4,,1,7,,15962,1,,,1,23,,18538,11,4,,1,7,,18545,1,,,1,63,,18557,11,4,,1,7,,18562,1,,,1,23,,18558,11,4,,1,7,,18555,1,,,1,63,,18565,11,4,,1,7,,18552,1,,,1,23,,18554,11,4,,1,7,,18539,1,,,1,63,,18560,11,4,,1,7,,17086,1,,,1,93,,18541,11,4,,1,7,,18546,1,,,1,93,,18563,11,4,,1,7,,18547,1,,,1,93,,18536,11,4,,1,7,,18556,1,,,1,93,,18537,11,4,,1,7,,18564,1,,,1,93,,18553,11,4,,1,7,,15671,1,,,1,23,,17079,11,4,,1,7,,18551,1,,,1,63,,18559,11,4,,1,7,,18544,1,,,1,23,,18561,11,4,,1,7,,18550,1,,,1,63,,18549,11,4,,1,7,,18542,1,,,1,23,,18548,11,4,,1,7,,18543,1,,,1,63,,14892,11,4,,1,7,,14964,1,,,1
11501,'7',708,,18573,11,4,,1,7,,15952,1,,,1,23,,18569,11,4,,1,7,,18575,1,,,1,63,,18584,11,4,,1,7,,18590,1,,,1,23,,18589,11,4,,1,7,,18578,1,,,1,63,,18596,11,4,,1,7,,18579,1,,,1,23,,18581,11,4,,1,7,,18572,1,,,1,63,,18588,11,4,,1,7,,17063,1,,,1,93,,18592,11,4,,1,7,,18594,1,,,1,93,,18591,11,4,,1,7,,18577,1,,,1,93,,18566,11,4,,1,7,,18576,1,,,1,93,,18568,11,4,,1,7,,18593,1,,,1,93,,18595,11,4,,1,7,,18583,1,,,1,23,,18571,11,4,,1,7,,18586,1,,,1,63,,18587,11,4,,1,7,,18574,1,,,1,23,,18567,11,4,,1,7,,15268,1,,,1,63,,18585,11,4,,1,7,,18570,1,,,1,23,,18582,11,4,,1,7,,18580,1,,,1,63,,14869,11,4,,1,7,,14918,1,,,1
20900,'10',1900,,19175,1,,,1,100,,19172,1,,,1,100,,19173,1,,,1,100,,19174,1,,,1
20900,'5',800,,19180,1,,,1,100,,19185,1,,,1,100,,19179,1,,,1,100,,19181,1,,,1,100,,19183,1,,,1,100,,19187,1,,,1,100,,16416,1,,,1,100,,19177,1,,,1,100,,19184,1,,,1,100,,19186,1,,,1,100,,19182,1,,,1,100,,19176,1,,,1,100,,19178,1,,,1
20900,'7',1900,,19189,1,,,1,100,,19191,1,,,1,100,,19190,1,,,1,100,,19188,1,,,1
20901,'10',1822,,19199,10,4,,1,100,,19204,10,4,,1,100,,17167,10,4,,1,100,,19198,10,4,,1,100,,19201,10,4,,1
20901,'5',722,,16635,10,4,,1,100,,19225,10,4,,1,100,,19241,10,4,,1,100,,16294,10,4,,1,100,,19256,10,4,,1,100,,19244,10,4,,1,100,,19205,10,4,,1,100,,19246,10,4,,1,100,,19239,10,4,,1,100,,17110,10,4,,1,100,,19207,10,4,,1,100,,19211,10,4,,1,100,,19254,10,4,,1,100,,19206,10,4,,1
20901,'7',1822,,19265,10,4,,1,100,,19272,10,4,,1,100,,19267,10,4,,1,100,,19258,10,4,,1,100,,19263,10,4,,1
21000,'10',1907,,19274,11,4,,1,30,,19279,11,4,,1,70,,19273,11,4,,1,30,,19277,11,4,,1,70,,19275,11,4,,1,30,,19278,11,4,,1,70,,19280,11,4,,1,30,,19281,11,4,,1,70,,19276,11,4,,1
21000,'5',737,,19305,11,4,,1,70,,19290,11,4,,1,30,,19288,11,4,,1,70,,19302,11,4,,1,30,,19304,11,4,,1,70,,16519,11,4,,1,30,,19296,11,4,,1,70,,19294,11,4,,1,30,,19297,11,4,,1,70,,19303,11,4,,1,30,,19298,11,4,,1,70,,19286,11,4,,1,30,,19285,11,4,,1,70,,19289,11,4,,1,30,,19300,11,4,,1,70,,19284,11,4,,1,30,,19299,11,4,,1,70,,16599,11,4,,1,30,,19287,11,4,,1,70,,19293,11,4,,1,30,,19283,11,4,,1,70,,19292,11,4,,1,30,,19282,11,4,,1,70,,19301,11,4,,1,30,,19295,11,4,,1,70,,19291,11,4,,1,30,,16512,11,4,,1
21000,'7',1907,,19307,11,4,,1,30,,19312,11,4,,1,70,,19306,11,4,,1,30,,19310,11,4,,1,70,,19308,11,4,,1,30,,19311,11,4,,1,70,,19313,11,4,,1,30,,19314,11,4,,1,70,,19309,11,4,,1
21001,'10',1845,,19317,1,,,1,70,,19316,1,,,1,30,,19322,1,,,1,70,,19320,1,,,1,30,,19318,1,,,1,70,,19323,1,,,1,30,,19315,1,,,1,70,,19319,1,,,1,30,,19321,1,,,1,70,,19324,1,,,1
21001,'5',715,,19338,1,,,1,30,,19329,1,,,1,70,,19325,1,,,1,30,,19344,1,,,1,70,,19337,1,,,1,30,,19326,1,,,1,70,,19327,1,,,1,30,,19332,1,,,1,70,,19341,1,,,1,30,,16902,1,,,1,70,,19331,1,,,1,30,,19343,1,,,1,70,,19350,1,,,1,30,,19334,1,,,1,70,,19340,1,,,1,30,,19335,1,,,1,70,,19330,1,,,1,30,,19345,1,,,1,70,,19328,1,,,1,30,,19347,1,,,1,70,,16831,1,,,1,30,,19339,1,,,1,70,,19342,1,,,1,30,,19333,1,,,1,70,,19349,1,,,1,30,,19336,1,,,1,70,,19348,1,,,1,30,,19346,1,,,1
21001,'7',1845,,19353,1,,,1,70,,19352,1,,,1,30,,19358,1,,,1,70,,19356,1,,,1,30,,19354,1,,,1,70,,19359,1,,,1,30,,19351,1,,,1,70,,19355,1,,,1,30,,19357,1,,,1,70,,19360,1,,,1
21100,'10',1900,,19368,1,,,1,30,,19363,1,,,1,70,,14978,1,,,1,30,,19366,1,,,1,70,,19364,1,,,1,30,,19365,1,,,1,70,,19361,1,,,1,30,,19367,1,,,1,70,,19362,1,,,1
21100,'5',730,,19387,1,,,1,70,,19381,1,,,1,30,,19390,1,,,1,70,,19385,1,,,1,30,,19379,1,,,1,70,,19392,1,,,1,30,,19369,1,,,1,70,,19374,1,,,1,30,,19372,1,,,1,70,,19393,1,,,1,30,,19386,1,,,1,70,,16594,1,,,1,30,,19373,1,,,1,70,,19391,1,,,1,30,,19380,1,,,1,70,,19382,1,,,1,30,,16856,1,,,1,70,,19389,1,,,1,30,,19376,1,,,1,70,,19378,1,,,1,30,,19371,1,,,1,70,,19383,1,,,1,30,,19375,1,,,1,70,,19384,1,,,1,30,,19370,1,,,1,70,,19388,1,,,1,30,,19377,1,,,1
21100,'7',1900,,19394,1,,,1,30,,19398,1,,,1,70,,14932,1,,,1,30,,19399,1,,,1,70,,19395,1,,,1,30,,19400,1,,,1,70,,19396,1,,,1,30,,19397,1,,,1,70,,14798,1,,,1
21101,'10',1858,,19405,15,4,,1,70,,19407,15,4,,1,30,,19408,15,4,,1,70,,19403,15,4,,1,30,,19409,15,4,,1,70,,19402,15,4,,1,30,,19401,15,4,,1,70,,19404,15,4,,1,30,,19406,15,4,,1
21101,'5',728,,19413,15,4,,1,30,,19422,15,4,,1,70,,16663,15,4,,1,30,,19414,15,4,,1,70,,19418,15,4,,1,30,,19419,15,4,,1,70,,19433,15,4,,1,30,,19412,15,4,,1,70,,19424,15,4,,1,30,,19421,15,4,,1,70,,17190,15,4,,1,30,,19423,15,4,,1,70,,19427,15,4,,1,30,,19415,15,4,,1,70,,19411,15,4,,1,30,,19428,15,4,,1,70,,19426,15,4,,1,30,,19432,15,4,,1,70,,19429,15,4,,1,30,,19420,15,4,,1,70,,19434,15,4,,1,30,,19410,15,4,,1,70,,19431,15,4,,1,30,,19425,15,4,,1,70,,19416,15,4,,1,30,,19430,15,4,,1,70,,19417,15,4,,1
21101,'7',1858,,19438,15,4,,1,70,,19441,15,4,,1,30,,19442,15,4,,1,70,,19440,15,4,,1,30,,15883,15,4,,1,70,,19436,15,4,,1,30,,19435,15,4,,1,70,,19437,15,4,,1,30,,19439,15,4,,1
21400,'10',1830,,15131,1,,,1,100,,19525,1,,,1,100,,19524,1,,,1,100,,16587,1,,,1,100,,19523,1,,,1
21400,'5',730,,19534,1,,,1,100,,19532,1,,,1,100,,19528,1,,,1,100,,19536,1,,,1,100,,19526,1,,,1,100,,19533,1,,,1,100,,19531,1,,,1,100,,19529,1,,,1,100,,19527,1,,,1,100,,16300,1,,,1,100,,19537,1,,,1,100,,19530,1,,,1,100,,19535,1,,,1
21400,'7',1830,,15095,1,,,1,100,,19538,1,,,1,100,,19539,1,,,1,100,,19541,1,,,1,100,,19540,1,,,1
21401,'10',1855,,19543,40,4,,1,100,,19542,40,4,,1,100,,19544,40,4,,1,100,,19546,40,4,,1,100,,19545,40,4,,1
21401,'5',755,,19557,40,4,,1,100,,19547,40,4,,1,100,,19558,40,4,,1,100,,19548,40,4,,1,100,,19556,40,4,,1,100,,19551,40,4,,1,100,,16437,40,4,,1,100,,19553,40,4,,1,100,,19555,40,4,,1,100,,19550,40,4,,1,100,,19554,40,4,,1,100,,19549,40,4,,1,100,,19552,40,4,,1
21401,'7',1855,,19559,40,4,,1,100,,19562,40,4,,1,100,,19560,40,4,,1,100,,19563,40,4,,1,100,,19561,40,4,,1
